package cunn not found!	
package cutorch not found!	
Falling back on CPU mode	
creating an lstm...	
missing seed text, using uniform probability over first character	
--------------------------	
6601054652369163,13,35,34,,6,46,14,,52,45,74,65,63,62,21,95,17,,4,21,,26,78,84,45,12,43,78,14,91,44,14265,53,
2,46,78,54,25,52,48,02072,0410,48,58,9,,50,40,17,02,68,23,88,62,,2,23,659
3,7,,0450,47,4204,34,102143,72,78,46,720,47
33,55,52
89,82,52,52219,26,57,46,71,590290,0,
1548,10
27715,30,46,,40,72,77,36,96,110083442,4,054,,8,57,316,6,222103717588,,0,16,,46,40,24,34477
54184,40,62,66,,5,4,,61,6,85,,0,59,64,80,64,9,,70,22,76,,43,50,76,53,94,18,84,54,54,7,,20
40
7174,32,97,45,
0,79,40,14,84,37,75,23,62,80,96,684
8,,5,,59
22,30815,52,56,42,
9,15,15,32,53
78,,9,470
70,96576,89,68,344,19757,70,75,4,,,0
3,28,43,64,29,26,30,83
83,
8043,5,48051,,6,73,79
48
64745067,325135,43,18,85,36004,13,146076249,48,60,26,30,55,15,16,41,2,153,35,66,89,12,64,41,72,77,20,19,65,46,15,47
5,
0,62,80,42,37,03,22094,128,343,0,67,44,,7,32,87,73,57,41420024,38707417939,36,53,2,,30,20,51
8,,42248,33675,1,,82260,52,9,77,34,58
10
5,,68632,35,78,62,47,17,058125,45,590
9,5,,75,30,5,,85,00,5462155,55,944
0,
7838,83,56,11,073068749,72,88,77,7249172445,78,47,15,32950410,60,28,64,,88667,85,42,64
6,5,0,56,86429,564,2138,45,34163,370,31,47,261,80,514135
1,76,54,720,88,480561733,90,27,64,76
6,,00,76,64348,60,56,66,54
3,66
6,84544,58,71,47,66,15,190
8,0238969,79,60,28,78,56,63,,10,11,34864,63,59,62,10,825057,40,73014,,8,914,58278,41,66,67,1787250153844946,77,11
08626153,74,17,3142,24
44,78,82,70,24,440003444759,26,48,85,86,,33400519026,55,51,80,86,4,,64,2,,57,68,13,26,27792,,40,64,62252676,15,34169,,5
546,561580715114,,2,13,67,160557552,59,69,62,5108,,53
80,90,77,13704,19,70075,12,420768
78,148,10,66,52,14,82,34,73,54
480721,20872,6,,3231384,42,22,170,4,,25029,27,7046,,98,38334,35,,28

,59,55,64,52,79461,6,,28,42,72070,84,75025,58,62746,7256,62,78,56,85
41,8,,48,32,33,57,63,94
480187,13,69,54,38,114,8,178,6,,88,720,19,16,58,61041,6,28,48,66087
41131,,6,74,13,34,,39
3,36,83,,7

2178,8,4175469420,44,63,64,82,02,28,458730,80
32,4,360,82,41,24,36,430410125,85
2,,24,77,35,6,,32,61,26,9980131,52,17,82,67,4,,28
