creating an lstm...	
missing seed text, using uniform probability over first character	
--------------------------	
66,4240,75,69,60
0,54,61,120
140,61,57,260
0,66,64,440
0,86,38,120
0,43,47,480
0,60,45,480
0,69,55,60
80,66,40,240
60,65,36,440
60,67,32,360
0,46,69,480
0,51,60,480
0,59,77,20
0,56,59
260
20,72,48,240
0,60,39,270
0,78,47,60
0,70,56,470
,88,83,53,448
80,76,63,480
0,88,98,13,
80,60,23,80
0,47,64,380
0,78,37,940
0,68,64,130
120,76,75,180
0,57,27,160
80,45,63,280
0,55,45,64
40,85,42,60
80,36,40,60
80,71,27,940
170,75,90,80
240,75,58,440
20,60,52,80
60,63,53,120
0,50,49,120
80,66,12,79
120,65,54,70,71,60,64,36,60
80,82,54,49
0,53,90,160
160,68,94,45,60,61,50,80
80,78,67,960
146,67,60,80
9757,71,80
0,60,50,1240
0,65,39,270
0,75,84,
80
0,60,59,60
0,58,58,148
240,76,73,280
240,51,59,240
0,53,43,80
80,85,72,140
0,46,54,480
0,55,27,480
0,60,96,120
40,58,58,60
20,67,64,240
0,37,12,440
0,53,47,120
0,83,32,330
0,67,54,40,140
80,74,58,328
0,55,39,160
58060,66,480
0,57,24,119
0,68,74,280
0,31,59,220
00,88,55,48

0,70,69,240
140,67,34,120
0,80,64,4408200,70,66,20
60,86,22,448
0,60,50,48

0
79,73,240
0,54,77,660
80,68,75,60
180,74,57,68
160,76,39,160
0,45,78,440
80,70,63,220
0,37,31,60
80,88,69,140
0,60,58,20
80,65,48,160
80,63,36,120
40,65,48,88
480,77,48,80
0,77,58,160
0,68,37,80
260,77,66,460
0,60,39,80
0,83,34,60
74,64,88
80,67,99,168
20,59,79,480
0,32,41,440
140,63,93,220
0,59,59,240
0,55,49,90
0,88,80,120
440,58,72,440
80,86,58,31,
0,75,56,280
0,64,73,24,60
86,84,60,130
160,75,68,90
80,76,53,60
160,77,93,60
60,57,38,60
0,65,30,480
5,44,37,28480,45,37,160
120,72,52,480
0,60,48,480
80,57,35,120
0,77,26,80
80,47,57,480
0,79,36,180
80,78,34,140
80,48,50,20,60,79,79,139
0,57,56,20,68
60,68,65,140
80,62,98,160
0,72,87,240
0,48,44,220
0,62,68,80
480,69,45,260
00,00,85,480
0,56,99,120
0,83,47,160
0,65,58,480
45,84,48,160
240,78,60,40,40,26,84,41,280
0,51030,80
80,55,69,470
70,58,70,87
7,48,48,80
80,77,81,170
0,47,45,280
80,62,45,160
0,44,44,129
0,57,74,160
0,79,70,160
49,54,45,60
80,83,24,180
00554,80,340
0,74,74,320
0,56,54,40,60,68,20,40
80,76,55,120
140,57,99,120
0,62,76,280
0,11,6
