package cunn not found!	
package cutorch not found!	
Falling back on CPU mode	
creating an lstm...	
missing seed text, using uniform probability over first character	
--------------------------	
660,162,53,69,64,140
46,53,62,440
0,66,56,640
120,56,42,190
0,50,35,20
60,76,55,440
0,56,72,248
0,66,58,420
0
0,56,78,230
160,65,31,480
0,61,58,480100,55,33,440
146,44,88,420
0,54,653
124,40,71,47,2210
0,32,73,4140
46,56,73,132
0,54,65,,89
80,62,53,290
220,54,68,148
066,14,180
20,13,81,120
150,57,73,560
20564,36,740
10,,70,31,240
0,80,35,63
250,68,31,20,20,75,35,38,280
,53,85,220
0,66,16,200
0,60,51,1402440,80,64,90
40,54,76,141
100,71,50,220
270,64,54,50
0,24,17,72,1200440,6,,474120
0,69,43,170
0,66,58,490
264,80,54,39
00,41,25,420
20,57,93,340
120,64,78,08,250
76,97,65,88,48,44,219745
6,28,40,40
10,43,63,360
00345,40,74
414,58,45,,30
82,20,58,484
0,16,75,480
0,83,74,220
0,63,68,220
0,58,77,39,260
0,57,41,440
140,65,52,440
0,66,280
0,27,64,170
640,33,84,250
0,64,70,10,
20
8,54,63,100
0,79,33,82
00
0,77,44,04
0
38157,25,130
0,73,53,80,420,79,56,440
0,52,41,30
8,,5,64,220
50,30,85,420
0,90,73,36,80
0,60,68,240
144,56,34,1140
19,46,46,391
80
0,76,41,40,82,00,64,32,30,400,8,,3
,92202130,62,4100
460,94,37,62140,48,48,64,252
0,51,53,96
20,46,53,66,1000645,86,32,43
0
5,40,65,480
420,22,68,240
160,33,81,220
0,69,77,322
0,00,77,44,60,183
47,66,720
80,47,64,64
10,,50,62,280
0,36,64,440
0,17,,7,7340
0,84,43,50,440
0,88,81,2628480,84,25,80,80,65,53,150
0,55,64,430
9,62,31,80,140
123,58,34,8080,36,77,130
240,75,79,160
148,69,64,43,0
0065,55,37,200
0,73,44
120,80,54,24,210
40,74,68,90
420,69,48,100
2,65,93,410
140,81,86,20,440
0,68,68,120
20,79,40,240
120,85,78,120
0,77,60,140
0,68,88,160
120,46,48,111240,75,261348
20,61,80,35
7108,58,71,80
0,90,38,30
100
68,8,,80
180
122,55,20,280
0,58,65,02246,52,59,30,140
70,87,54,120
440,34,68,82,440
84,59,22280,43,60,91
0,83,67,440
266053,6,,180
0,72,71,82
4240,66,76,820
40,66,63,680
2,75,52,80
180,52,47,440
064,58,48,110
280,66,72,180
0,78,60,88
40,41,20,444
100,41,26,240
24517,,34,20
2240,43,44,128
0,56,74,18,
0,78,70,280
49,43,44,420
147,51,21240
90,61,40,240
540,74,42,130
220,75,64,4440
0,60,74,64,220
0,56,43,428480,53,55,170
0,66,5,,28
