1,58,41,480
0,-12,41,480
479,11,29,80
0,-12,27,80
80,13,31,80
0,-12,28,80
80,15,33,80
0,-12,29,80
80,16,37,120
0,-12,33,120
480,4,29,80
0,-12,26,80
80,13,31,80
0,-12,27,80
80,15,32,80
0,-12,29,80
80,16,37,120
0,-12,32,120
1440,5,100,120
0,-24,95,120
0,12,95,120
720,44,92,1440
0,-8,78,1440
0,12,92,1440
0,-36,72,1440
0,2,72,1440
0,3,85,1440
0,3,85,1440
0,4,85,1440
1440,5,51,360
0,9,61,360
0,3,61,360
0,-29,47,360
0,2,47,360
0,3,56,360
0,3,56,360
0,4,56,360
360,14,68,120
0,-7,57,120
0,12,68,120
0,-31,51,120
0,2,51,120
0,3,61,120
0,3,61,120
0,4,61,120
120,20,71,240
0,-12,60,240
0,6,71,240
0,-26,56,240
0,2,56,240
0,3,66,240
0,3,66,240
0,4,66,240
240,15,68,240
0,-8,57,240
0,12,68,240
0,-31,52,240
0,3,52,240
0,4,62,240
0,5,62,240
480,-13,27,80
0,-12,27,80
80,13,29,80
0,-12,28,80
80,15,30,80
0,-12,30,80
80,16,35,120
0,-12,33,120
480,4,27,80
0,-12,26,80
80,13,29,80
0,-12,28,80
80,15,30,80
0,-12,30,80
80,16,35,120
0,-12,34,120
1440,3,100,120
0,-24,95,120
0,12,95,120
660,12,72,1500
30,9,76,1470
30,27,90,1440
0,-3,90,1440
0,-9,76,1440
0,-7,89,1440
1440,11,60,360
0,-9,51,360
0,12,60,360
0,-31,49,360
0,7,58,360
0,3,58,360
0,2,58,360
360,16,65,120
0,5,65,120
0,-12,55,120
0,-21,53,120
0,7,63,120
0,3,63,120
0,2,63,120
120,16,70,240
0,6,70,240
0,-12,59,240
0,-22,57,240
0,7,68,240
0,3,68,240
0,2,68,240
240,9,56,240
0,8,67,240
0,4,67,240
0,-21,65,240
0,-7,55,240
0,4,65,240
720,12,81,480
0,-8,81,480
0,-4,77,480
0,-5,77,480
0,-7,65,480
720,4,81,480
0,8,81,480
0,-24,65,480
0,7,77,480
0,5,77,480
720,-24,79,1680
0,12,94,1680
1680,-11,82,180
0,12,97,180
2400,15,27,80
0,-12,27,80
80,13,29,80
0,-12,28,80
80,15,30,80
0,-12,29,80
80,16,34,120
0,-12,33,120
480,4,29,80
0,-12,27,80
80,13,30,80
0,-12,28,80
80,15,31,80
0,-12,29,80
80,16,36,120
0,-12,33,120
1440,5,100,120
0,-12,95,120
0,-12,95,120
720,56,92,1080
0,4,92,1080
0,-12,78,1080
0,-19,85,1080
0,-5,72,1080
0,2,72,1080
0,10,85,1080
0,-4,85,1080
1080,21,58,120
0,-3,58,120
0,-9,49,120
0,-17,47,120
0,2,47,120
0,3,56,120
0,3,56,120
0,4,56,120
120,14,58,240
0,-9,49,240
0,12,58,240
0,-29,47,240
0,2,47,240
0,3,56,240
0,3,56,240
0,4,56,240
240,5,51,360
0,9,61,360
0,3,61,360
0,-24,56,360
0,-5,47,360
0,2,47,360
0,6,56,360
0,4,56,360
360,19,68,120
0,-5,68,120
0,-7,57,120
0,-17,51,120
0,3,61,120
0,-5,51,120
0,8,61,120
0,4,61,120
120,14,71,240
0,6,71,240
0,-12,60,240
0,-15,66,240
0,3,66,240
0,-8,56,240
0,2,56,240
0,10,66,240
240,15,68,240
0,4,68,240
0,-12,57,240
0,-12,62,240
0,-7,52,240
0,3,52,240
0,9,62,240
480,-13,29,80
0,-12,27,80
80,13,30,80
0,-12,29,80
80,15,32,80
0,-12,30,80
80,16,37,120
0,-12,34,120
480,4,29,80
0,-12,24,80
80,13,30,80
0,-12,26,80
80,15,32,80
0,-12,27,80
80,16,37,120
0,-12,32,120
1440,-5,100,120
0,-24,95,120
0,12,95,120
720,48,64,1440
0,8,90,1440
0,4,90,1440
0,-28,89,1440
0,4,89,1440
0,-7,63,1440
0,-5,63,1440
1440,28,60,360
0,-9,43,360
0,12,60,360
0,-31,41,360
0,10,58,360
0,-6,41,360
0,8,58,360
360,8,46,120
0,8,65,120
0,4,65,120
0,-28,45,120
0,-4,45,120
0,12,63,120
0,-2,63,120
120,18,70,240
0,-6,50,240
0,12,70,240
0,-24,68,240
0,-10,48,240
0,4,48,240
0,8,68,240
240,8,47,240
0,12,67,240
0,-3,67,240
0,-17,65,240
0,-7,46,240
0,3,65,240
720,12,81,480
0,-8,68,480
0,-4,68,480
0,9,81,480
0,-24,65,480
0,12,77,480
0,-5,77,480
720,8,81,480
0,-12,68,480
0,4,68,480
0,5,81,480
0,-12,77,480
0,-5,77,480
0,-7,65,480
720,-13,79,1680
0,12,94,1680
1680,-11,82,180
0,12,97,180
1920,60,97,960
0,-76,71,120
0,12,84,120
480,7,45,240
0,12,45,240
240,5,53,240
0,-8,53,240
240,46,68,120
120,-2,62,120
120,-5,65,120
0,-48,42,240
0,12,42,240
120,33,59,120
120,-2,62,120
0,-34,47,240
0,8,47,240
120,24,57,120
120,-5,58,120
120,-3,53,120
120,-2,55,120
120,-2,51,120
120,-5,52,240
720,4,55,120
0,-40,44,120
0,12,52,120
120,29,52,120
120,2,50,120
120,2,47,120
120,1,45,120
113,2,42,120
127,1,40,120
0,-15,38,240
0,-11,38,240
0,5,38,240
240,-4,35,240
0,4,35,240
0,6,35,240
240,0,31,120
0,-10,31,120
0,4,31,120
240,21,50,120
120,-1,49,120
120,-1,47,120
120,-1,46,120
120,-1,44,120
120,-1,42,120
120,-1,41,120
0,-18,35,240
0,3,35,240
0,6,35,240
240,0,32,240
0,-6,32,240
0,-4,32,240
240,10,28,120
0,-6,28,120
0,-4,28,120
240,45,97,960
0,-76,68,120
0,12,82,120
480,7,45,240
0,12,45,240
240,5,53,240
0,-8,53,240
240,46,68,120
120,-2,60,120
120,-5,65,120
0,-48,42,240
0,12,42,240
120,33,58,120
120,-2,62,120
0,-34,47,240
0,8,47,240
120,24,57,120
120,-5,58,120
120,-3,53,120
120,-2,55,120
120,-2,49,120
120,-5,52,240
720,4,42,120
0,-28,20,720
0,7,20,720
0,3,20,720
120,19,41,120
120,2,41,120
120,2,40,120
120,1,39,120
113,2,38,120
127,1,37,120
0,-21,32,120
120,1,32,120
120,2,32,120
120,2,32,120
120,1,32,120
120,2,32,120
120,13,42,120
0,-12,32,120
120,11,41,120
120,-1,40,120
120,-1,39,120
120,-1,37,120
120,-1,36,120
120,-1,35,120
0,-18,30,120
120,-1,29,120
120,-1,28,120
120,-1,27,120
120,-1,26,120
120,-2,25,120
120,20,38,1440
0,6,59,960
0,-28,30,120
120,7,28,120
120,5,30,120
120,4,34,120
120,-4,31,120
120,-5,30,120
120,-7,28,120
120,10,28,120
120,16,53,360
0,-14,30,120
120,4,31,120
120,-4,30,120
120,12,52,110
0,-14,29,120
120,12,38,720
0,2,54,720
0,-19,28,120
120,5,28,120
120,2,31,120
120,5,34,120
120,-5,31,120
120,-2,29,120
120,11,56,720
0,8,56,1200
0,-29,30,120
120,9,28,120
120,3,30,120
120,5,33,120
120,-5,31,120
120,-3,30,120
120,13,50,1440
0,-15,30,120
120,3,28,120
120,2,30,120
120,7,33,120
120,9,52,230
0,-16,31,120
120,-2,29,120
120,18,51,240
0,-28,30,120
120,10,28,120
120,16,50,240
0,-14,30,120
120,4,31,120
120,8,49,240
0,-12,30,120
120,-2,29,120
120,11,44,720
0,3,44,720
0,9,56,720
0,-28,32,120
120,4,30,120
120,3,34,120
120,5,35,120
120,-5,34,120
120,-3,33,120
120,10,44,480
0,5,44,720
0,9,62,480
0,-30,33,120
120,6,36,120
120,3,39,120
120,7,37,120
120,14,64,231
0,-21,34,120
120,-3,31,120
60,9,44,60
60,6,45,1440
0,9,68,480
0,-31,36,120
120,7,38,120
120,3,41,120
120,6,45,120
120,8,57,240
0,-14,42,120
120,-3,39,120
120,17,57,240
0,-20,39,120
120,6,38,120
120,16,51,60
0,-14,41,120
60,16,51,60
60,-2,56,240
0,-7,46,120
120,-7,42,120
120,12,56,110
0,-14,39,120
120,12,49,720
0,2,59,720
0,-19,38,120
120,5,38,120
120,2,42,120
120,5,45,120
120,-5,41,120
120,-2,38,120
120,11,53,720
0,8,64,960
0,-29,38,120
120,9,37,120
120,3,40,120
120,5,44,120
120,-5,41,120
120,-3,39,120
120,13,55,1440
0,-15,39,120
120,3,37,120
120,18,60,240
0,-16,40,120
120,7,42,120
120,7,59,240
0,-14,41,120
120,-2,39,120
120,18,60,240
0,-28,38,120
120,10,36,120
120,16,59,360
0,-14,38,120
120,4,40,120
120,-4,40,120
120,12,56,120
0,-14,37,120
120,11,56,1440
0,12,56,720
0,-28,38,120
120,4,40,120
120,3,44,120
120,5,45,120
120,-5,44,120
120,-3,42,120
120,24,64,480
0,-29,40,720
120,1,41,120
120,4,45,120
120,3,49,120
120,21,63,230
0,-24,47,120
120,-4,41,120
120,28,68,960
0,-30,36,720
120,2,36,120
120,4,39,120
120,3,42,120
120,-3,41,120
120,-4,38,120
120,-2,38,720
120,2,41,120
120,26,63,360
0,-22,41,120
120,3,41,120
120,-3,38,120
120,20,63,110
0,-24,35,120
120,24,63,720
0,-27,33,720
120,3,33,120
120,5,36,120
120,4,39,120
120,-4,37,120
120,-5,35,120
120,29,75,720
0,-32,35,120
120,3,38,120
120,5,41,120
120,7,42,120
120,-7,40,120
120,-5,37,120
120,29,82,480
0,-34,35,120
120,5,38,120
120,4,41,120
120,6,41,120
120,18,78,240
0,-24,39,120
120,-4,36,120
120,28,75,240
0,-33,35,120
120,5,34,120
120,26,71,360
0,-22,37,120
120,6,39,120
120,-6,36,120
120,20,63,120
0,-24,31,120
120,33,80,720
0,-39,32,120
120,6,31,120
120,3,35,120
120,6,37,120
120,-6,36,120
120,-3,34,120
120,33,77,480
0,-39,33,120
120,6,30,120
120,2,35,120
120,7,37,120
120,24,81,230
0,-31,36,120
120,-2,34,120
120,33,85,720
0,-38,35,120
120,3,35,120
120,4,38,120
120,5,39,120
120,-5,38,120
120,-4,36,120
120,33,72,240
0,-45,32,120
120,12,31,120
120,31,71,240
0,-27,36,120
120,5,38,120
120,19,70,240
0,-24,36,120
120,-4,34,120
120,30,75,720
0,-40,34,120
120,9,36,120
120,3,37,120
120,5,39,120
120,-5,37,120
120,-3,35,120
120,29,71,240
0,-38,36,120
120,9,34,120
120,27,68,240
0,-24,35,120
120,5,38,120
120,16,63,240
0,-21,37,120
120,-3,36,120
120,29,69,240
0,-38,36,120
120,10,34,120
120,26,64,240
0,-24,36,120
120,4,36,120
120,18,61,240
0,-22,35,120
120,-2,34,120
120,24,55,60
0,-34,34,120
60,36,55,60
60,-2,63,120
0,-24,31,120
120,23,58,360
0,-21,35,120
120,4,37,120
120,-4,35,120
120,20,59,110
0,-22,33,120
120,22,59,720
0,-27,34,120
120,7,33,120
120,5,36,120
120,4,37,120
120,-4,36,120
120,-3,35,120
120,19,63,480
0,-21,37,240
120,5,36,120
120,4,39,120
120,3,40,120
120,12,57,240
0,-15,39,120
120,-4,38,120
120,7,57,480
0,-14,42,720
60,26,57,660
60,-24,42,120
120,4,42,120
120,3,42,120
120,9,63,480
0,-12,42,120
120,-4,42,120
120,28,63,240
0,-30,51,720
120,2,45,120
120,14,63,360
0,12,63,360
0,-22,45,120
120,3,45,120
120,-3,41,120
120,8,63,110
0,12,63,110
0,-24,38,120
120,12,63,720
0,12,63,1440
0,-27,37,720
120,3,36,120
120,5,39,120
120,4,42,120
120,-4,40,120
120,-5,38,120
120,17,75,720
0,12,75,720
0,-32,39,120
120,3,41,120
120,5,45,120
120,7,46,120
120,-7,44,120
120,-5,40,120
120,24,60,1080
0,-7,75,480
0,12,75,480
0,-34,39,120
120,5,41,120
120,4,45,120
120,6,45,120
120,6,78,240
0,12,78,240
0,-24,42,120
120,-4,39,120
120,16,75,360
0,12,75,360
0,-33,37,120
120,5,37,120
120,4,40,120
120,10,71,120
0,12,71,120
0,-16,42,120
120,2,63,240
0,12,63,240
0,-20,39,120
120,-4,34,120
120,24,80,720
0,-3,68,720
0,12,80,720
0,-39,39,120
120,6,37,120
120,3,41,120
120,6,44,120
120,-6,42,120
120,-3,40,120
120,21,65,480
0,3,77,480
0,9,77,480
0,-39,35,120
120,6,36,120
120,2,41,120
120,7,44,120
120,12,62,230
0,3,74,230
0,9,74,230
0,-31,42,120
120,-2,40,120
120,21,69,720
0,3,82,720
0,9,82,720
0,-38,35,120
120,3,38,120
120,4,41,120
120,5,42,120
120,-5,41,120
120,-4,39,120
120,24,67,240
0,-3,56,240
0,12,67,240
0,-45,34,120
120,12,34,120
120,19,55,360
0,5,65,360
0,7,65,360
0,-27,39,120
120,5,41,120
120,-5,39,120
120,12,54,120
0,8,64,120
0,4,64,120
0,-28,37,120
120,18,52,720
0,8,62,720
0,4,62,720
0,-40,36,120
120,9,39,120
120,3,40,120
120,5,42,120
120,-5,40,120
120,-3,38,120
120,17,54,240
0,8,64,240
0,4,64,240
0,-38,35,120
120,9,35,120
120,15,57,240
0,9,68,240
0,3,68,240
0,-24,37,120
120,5,39,120
120,9,61,240
0,7,72,240
0,5,72,240
0,-26,37,120
120,-3,35,120
120,24,77,480
0,-6,65,480
0,12,77,480
0,-39,35,120
120,9,37,120
120,3,39,120
120,6,41,120
120,15,75,240
0,-7,63,240
0,12,75,240
0,-26,39,120
120,-3,36,120
120,18,66,1200
0,6,78,1200
0,6,78,1200
0,-39,37,120
120,9,39,120
120,3,43,120
120,6,48,120
120,-6,45,120
120,-3,41,120
120,-9,39,120
120,9,40,120
120,3,43,120
120,6,45,120
120,8,64,240
0,7,76,240
0,5,76,240
0,-26,42,120
120,-3,36,120
120,18,68,240
0,6,81,240
0,6,81,240
0,-39,39,120
120,9,40,120
120,17,66,240
0,7,78,240
0,5,78,240
0,-26,43,120
120,6,47,120
120,9,66,240
0,6,78,240
0,6,78,240
0,-27,44,120
120,-3,40,120
120,18,68,480
0,7,81,480
0,5,81,480
0,-39,41,120
120,7,43,120
120,3,47,120
120,9,50,120
120,7,69,240
0,8,82,240
0,4,82,240
0,-28,46,120
120,-3,43,120
120,43,96,1080
0,-4,96,1080
0,-8,81,1080
0,-38,67,120
120,7,50,120
120,3,55,120
120,9,58,120
120,-9,55,120
120,-3,52,120
120,-7,62,120
120,7,50,120
120,3,55,120
120,30,80,110
0,-6,80,110
0,-6,68,110
0,-12,58,120
120,12,68,230
0,6,80,230
0,6,80,230
0,-30,55,120
120,-3,51,120
120,21,79,360
0,6,93,360
0,6,93,360
0,-40,67,120
120,7,57,120
120,3,61,120
120,35,89,120
0,-9,89,120
0,-3,75,120
0,-17,65,120
120,27,92,240
0,-9,92,240
0,-3,78,240
0,-21,62,120
120,-3,59,120
120,34,104,120
0,-8,104,120
0,-4,88,120
0,-36,71,120
480,7,70,120
120,9,75,120
120,12,97,120
0,-4,83,240
120,12,75,120
120,7,79,120
120,-3,83,120
120,8,87,120
120,9,91,120
120,-10,86,240
0,8,96,240
0,-60,73,120
480,12,68,120
120,7,74,120
120,15,97,120
0,-6,84,240
120,12,75,120
120,8,80,120
120,-2,84,120
120,6,88,120
120,8,93,120
120,-7,87,240
0,4,97,240
0,-52,78,120
480,7,70,120
120,9,75,120
120,12,97,120
0,-4,83,240
120,12,75,120
120,7,79,120
120,-3,83,120
120,8,87,120
120,9,91,120
120,-10,86,240
0,8,96,240
0,-60,78,120
480,12,68,120
120,7,74,120
120,15,97,120
0,-6,84,240
120,12,75,120
120,8,80,120
120,-2,84,120
120,6,88,120
120,8,93,120
120,-7,87,240
0,4,97,240
0,-64,82,240
480,19,68,120
120,9,74,120
120,12,97,120
0,-4,84,240
120,12,75,120
120,7,78,120
120,-3,75,120
120,8,79,120
120,7,75,120
120,-7,78,120
120,-8,75,120
120,3,80,120
120,-7,75,120
120,-8,79,120
120,3,75,120
120,-7,78,120
120,-8,77,120
120,3,82,120
120,-7,79,120
120,-8,87,120
120,8,85,120
120,-24,86,120
0,12,102,120
720,60,101,720
0,-12,85,720
0,-24,86,720
0,12,102,720
2640,-16,29,80
0,-12,27,80
80,13,31,80
0,-12,28,80
80,15,33,80
0,-12,29,80
80,16,38,120
0,-12,34,120
480,4,29,80
0,-12,26,80
80,13,31,80
0,-12,27,80
80,15,32,80
0,-12,29,80
80,16,38,120
0,-12,34,120
1440,5,100,120
0,-24,95,120
0,12,95,120
720,48,92,1440
0,-4,92,1440
0,-8,78,1440
0,-24,72,1440
0,2,72,1440
0,3,85,1440
0,3,85,1440
0,4,85,1440
1440,5,51,360
0,9,61,360
0,3,61,360
0,-29,47,360
0,2,47,360
0,3,56,360
0,3,56,360
0,4,56,360
360,7,57,120
0,7,68,120
0,5,68,120
0,-31,51,120
0,2,51,120
0,3,61,120
0,3,61,120
0,4,61,120
120,8,60,240
0,6,71,240
0,6,71,240
0,-32,56,240
0,2,56,240
0,3,66,240
0,3,66,240
0,4,66,240
240,7,57,240
0,8,68,240
0,4,68,240
0,-31,52,240
0,3,52,240
0,4,62,240
0,5,62,240
480,-13,27,80
0,-12,27,80
80,13,29,80
0,-12,28,80
80,15,30,80
0,-12,30,80
80,16,35,120
0,-12,35,120
480,4,27,80
0,-12,26,80
80,13,29,80
0,-12,28,80
80,15,30,80
0,-12,30,80
80,16,35,120
0,-12,34,120
1440,3,100,120
0,-24,95,120
0,12,95,120
660,12,75,1500
30,9,89,1470
30,27,90,1440
0,-3,90,1440
0,-9,76,1440
0,-7,89,1440
1440,2,51,144
0,9,60,144
0,3,60,144
0,-31,44,144
0,7,52,144
0,3,52,144
0,2,52,144
144,16,60,144
0,-8,51,144
0,12,60,144
0,-22,52,144
0,-3,52,144
0,-7,44,144
0,12,52,144
144,9,55,144
0,7,65,144
0,5,65,144
0,-21,54,144
0,-2,54,144
0,-3,54,144
0,-7,45,144
144,24,61,144
0,4,72,144
0,8,72,144
0,-24,61,144
0,-2,61,144
0,-3,61,144
0,-7,51,144
144,34,70,144
0,-6,70,144
0,-6,70,144
0,-10,58,144
0,-2,58,144
0,-3,58,144
0,-7,49,144
144,21,56,240
0,8,67,240
0,4,67,240
0,-21,58,240
0,-7,49,240
0,4,58,240
720,4,81,480
0,8,81,480
0,-12,77,480
0,-5,77,480
0,-7,77,480
720,4,81,480
0,8,81,480
0,-24,77,480
0,7,77,480
0,5,77,480
720,-24,79,1680
0,12,94,1680
1680,-11,82,180
0,12,97,180
2400,15,27,80
0,-12,27,80
80,13,29,80
0,-12,28,80
80,15,30,80
0,-12,29,80
80,16,35,120
0,-12,34,120
480,4,29,80
0,-12,27,80
80,13,30,80
0,-12,28,80
80,15,31,80
0,-12,29,80
80,16,35,120
0,-12,34,120
1440,5,100,120
0,-12,95,120
0,-12,95,120
720,48,78,1080
0,8,92,1080
0,4,92,1080
0,-31,85,1080
0,-5,72,1080
0,2,72,1080
0,10,85,1080
0,-4,85,1080
1080,21,58,120
0,-3,58,120
0,-9,49,120
0,-17,47,120
0,2,47,120
0,3,56,120
0,3,56,120
0,4,56,120
120,17,58,240
0,-3,58,240
0,-9,49,240
0,-17,47,240
0,2,47,240
0,3,56,240
0,3,56,240
0,4,56,240
240,5,51,360
0,9,61,360
0,3,61,360
0,-24,56,360
0,-5,47,360
0,2,47,360
0,6,56,360
0,4,56,360
360,14,68,120
0,5,68,120
0,-12,57,120
0,-17,51,120
0,3,61,120
0,-5,51,120
0,8,61,120
0,4,61,120
120,14,71,240
0,-6,60,240
0,12,71,240
0,-27,66,240
0,3,66,240
0,-8,56,240
0,2,56,240
0,10,66,240
240,15,68,240
0,-8,57,240
0,12,68,240
0,-24,62,240
0,-7,52,240
0,3,52,240
0,9,62,240
480,-13,29,80
0,-12,27,80
80,13,30,80
0,-12,29,80
80,15,32,80
0,-12,30,80
80,16,37,120
0,-12,35,120
480,4,29,80
0,-12,24,80
80,13,30,80
0,-12,26,80
80,15,32,80
0,-12,27,80
80,16,37,120
0,-12,34,120
1440,-5,100,120
0,-24,95,120
0,12,95,120
720,48,76,1440
0,8,90,1440
0,4,90,1440
0,-28,89,1440
0,4,89,1440
0,-7,89,1440
0,-5,75,1440
1440,31,73,180
0,6,73,180
0,-12,62,180
0,-25,58,180
0,10,69,180
0,-6,69,10
0,8,69,180
180,12,60,180
0,7,71,180
0,5,71,180
0,-36,53,180
0,4,63,180
0,6,63,180
0,2,63,180
180,17,67,180
0,-12,56,180
0,7,67,180
0,-20,61,180
0,-4,51,180
0,12,61,180
0,-2,61,180
180,21,68,180
0,-7,68,180
0,-5,57,180
0,-7,62,180
0,-8,62,180
0,-4,52,180
0,10,62,180
180,22,73,240
0,-8,73,240
0,-4,62,240
0,-8,68,240
0,-7,68,240
0,3,68,240
720,4,81,480
0,8,81,480
0,-12,68,480
0,9,81,480
0,-24,65,480
0,12,77,480
0,-5,77,480
720,0,81,480
0,8,81,480
0,-12,68,480
0,9,81,480
0,-12,77,480
0,-5,77,480
0,-7,65,480
720,-13,79,1440
0,12,94,1440
1440,1,94,720
0,-12,94,720
720,9,50,90
0,-12,45,90
80,13,51,90
0,-12,45,90
80,14,51,90
0,-12,45,90
80,10,52,90
0,-12,46,90
80,14,53,90
0,-12,47,90
80,10,55,90
0,-12,49,90
80,14,56,90
0,-12,50,90
80,10,56,90
0,-12,51,90
80,14,57,90
0,-12,51,90
80,10,58,70
0,-12,52,70
60,14,59,70
0,-12,53,70
60,10,60,70
0,-12,53,70
60,14,61,60
0,-12,54,60
60,10,62,60
0,-12,55,60
60,14,62,60
0,-12,55,60
60,10,62,60
0,-12,56,60
60,14,63,60
0,-12,56,60
60,10,64,90
0,-12,59,90
80,11,73,90
0,-12,73,90
80,13,73,90
0,-12,73,90
80,74,97,960
0,-76,74,120
0,12,88,120
480,7,45,240
0,12,45,240
240,5,53,240
0,-8,53,240
240,46,68,120
120,-2,61,120
120,-5,65,120
0,-48,42,240
0,12,42,240
120,33,59,120
120,-2,62,120
0,-34,47,240
0,8,47,240
120,24,56,120
120,-5,58,120
120,-3,53,120
120,-2,55,120
120,-2,50,120
120,-5,52,240
720,4,55,120
0,-40,52,120
0,12,52,120
120,29,52,120
120,2,50,120
120,2,47,120
120,1,45,120
113,2,42,120
127,1,40,120
0,-15,38,240
0,-11,38,240
0,5,38,240
240,-4,35,240
0,4,35,240
0,6,35,240
240,0,31,120
0,-10,31,120
0,4,31,120
240,21,50,120
120,-1,49,120
120,-1,47,120
120,-1,46,120
120,-1,44,120
120,-1,42,120
120,-1,41,120
0,-18,35,240
0,3,35,240
0,6,35,240
240,0,32,240
0,-6,32,240
0,-4,32,240
240,10,28,120
0,-6,28,120
0,-4,28,120
240,45,97,960
0,-76,74,120
0,12,88,120
480,7,45,240
0,12,45,240
240,5,53,240
0,-8,53,240
240,46,68,120
120,-2,61,120
120,-5,65,120
0,-48,42,240
0,12,42,240
120,33,59,120
120,-2,62,120
0,-34,47,240
0,8,47,240
120,24,57,120
120,-5,58,120
120,-3,53,120
120,-2,55,120
120,-2,51,120
120,-5,52,240
720,4,42,120
0,-28,25,720
0,7,25,720
0,3,25,720
120,19,41,120
120,2,41,120
120,2,40,120
120,1,39,120
113,2,38,120
127,1,37,120
0,-21,32,120
120,1,32,120
120,2,32,120
120,2,32,120
120,1,32,120
120,2,32,120
120,13,42,120
0,-12,32,120
120,11,41,120
120,-1,40,120
120,-1,39,120
120,-1,37,120
120,-1,36,120
120,-1,35,240
0,-18,30,120
120,-1,29,120
120,-1,28,120
120,-1,27,120
120,-1,26,120
120,-2,25,120
120,20,40,1440
0,6,59,960
0,-28,27,120
120,7,28,120
120,5,30,120
120,4,34,120
120,-4,31,120
120,-5,30,120
120,-7,29,120
120,10,28,120
120,16,53,360
0,-14,30,120
120,4,31,120
120,-4,30,120
120,12,52,110
0,-14,29,120
120,12,43,720
0,2,58,720
0,-19,28,120
120,5,28,120
120,2,31,120
120,5,34,120
120,-5,31,120
120,-2,29,120
120,11,56,720
0,8,56,1200
0,-29,29,120
120,9,28,120
120,3,30,120
120,5,33,120
120,-5,31,120
120,-3,30,120
120,13,50,1440
0,-15,28,120
120,3,28,120
120,2,30,120
120,7,33,120
120,9,52,240
0,-16,31,120
120,-2,29,120
120,18,51,240
0,-28,29,120
120,10,28,120
120,16,50,240
0,-14,30,120
120,4,31,120
120,8,49,230
0,-12,30,120
120,-2,29,120
120,11,44,720
0,3,44,720
0,9,56,720
0,-28,29,120
120,4,30,120
120,3,34,120
120,5,35,120
120,-5,34,120
120,-3,33,120
120,10,44,480
0,5,44,720
0,9,62,480
0,-30,35,120
120,6,36,120
120,3,39,120
120,7,37,120
120,14,64,240
0,-21,34,120
120,-3,31,120
60,9,44,60
60,6,45,1440
0,9,68,480
0,-31,36,120
120,7,38,120
120,3,41,120
120,6,45,120
120,8,57,240
0,-14,42,120
120,-3,39,120
120,17,57,240
0,-20,36,120
120,6,38,120
120,16,51,60
0,-14,41,120
60,16,51,60
60,-2,56,240
0,-7,46,120
120,-7,42,120
120,12,56,110
0,-14,39,120
120,12,49,720
0,2,59,720
0,-19,37,120
120,5,38,120
120,2,42,120
120,5,45,120
120,-5,41,120
120,-2,38,120
120,11,53,720
0,8,64,960
0,-29,36,120
120,9,37,120
120,3,40,120
120,5,44,120
120,-5,41,120
120,-3,39,120
120,13,55,1440
0,-15,36,120
120,3,37,120
120,18,60,240
0,-16,40,120
120,7,42,120
120,7,59,240
0,-14,41,120
120,-2,39,120
120,18,60,240
0,-28,37,120
120,10,36,120
120,16,59,360
0,-14,38,120
120,4,40,120
120,-4,40,120
120,12,56,120
0,-14,37,120
120,11,56,1440
0,12,56,720
0,-28,50,120
120,4,40,120
120,3,44,120
120,5,45,120
120,-5,44,120
120,-3,42,120
120,24,64,480
0,-29,39,720
120,1,41,120
120,4,45,120
120,3,49,120
120,21,63,230
0,-24,47,120
120,-4,41,120
120,28,68,960
0,-30,38,720
120,2,36,120
120,4,39,120
120,3,42,120
120,-3,41,120
120,-4,38,120
120,-2,47,720
120,2,41,120
120,26,63,360
0,-22,41,120
120,3,41,120
120,-3,38,120
120,20,63,110
0,-24,35,120
120,24,63,720
0,-27,34,720
120,3,33,120
120,5,36,120
120,4,39,120
120,-4,37,120
120,-5,35,120
120,29,75,720
0,-32,36,120
120,3,38,120
120,5,41,120
120,7,42,120
120,-7,40,120
120,-5,37,120
120,29,82,480
0,-34,35,120
120,5,38,120
120,4,41,120
120,6,41,120
120,18,78,230
0,-24,39,120
120,-4,36,120
120,28,75,240
0,-33,34,120
120,5,34,120
120,26,71,360
0,-22,37,120
120,6,39,120
120,-6,36,120
120,20,63,120
0,-24,31,120
120,33,80,720
0,-39,31,120
120,6,31,120
120,3,35,120
120,6,37,120
120,-6,36,120
120,-3,34,120
120,33,77,480
0,-39,34,120
120,6,30,120
120,2,35,120
120,7,37,120
120,24,81,230
0,-31,36,120
120,-2,34,120
120,33,85,720
0,-38,34,120
120,3,35,120
120,4,38,120
120,5,39,120
120,-5,38,120
120,-4,36,120
120,33,72,240
0,-45,34,120
120,12,31,120
120,31,71,240
0,-27,36,120
120,5,38,120
120,19,70,240
0,-24,36,120
120,-4,34,120
120,30,75,720
0,-40,35,120
120,9,36,120
120,3,37,120
120,5,39,120
120,-5,37,120
120,-3,35,120
120,29,71,240
0,-38,33,120
120,9,34,120
120,27,68,240
0,-24,35,120
120,5,38,120
120,16,63,240
0,-21,37,120
120,-3,36,120
120,29,69,240
0,-38,39,120
120,10,34,120
120,26,64,240
0,-24,36,120
120,4,36,120
120,18,61,230
0,-22,35,120
120,-2,34,120
120,24,55,60
0,-34,31,120
60,36,55,60
60,-2,63,120
0,-24,31,120
120,23,58,360
0,-21,35,120
120,4,37,120
120,-4,35,120
120,20,59,110
0,-22,33,120
120,22,59,720
0,-27,33,120
120,7,33,120
120,5,36,120
120,4,37,120
120,-4,36,120
120,-3,35,120
120,19,63,480
0,-21,36,120
120,5,36,120
120,4,39,120
120,3,40,120
120,12,57,240
0,-15,39,120
120,-4,38,120
120,7,57,480
0,-14,38,720
60,26,57,660
60,-24,42,120
120,4,42,120
120,3,42,120
120,9,63,480
0,-12,42,120
120,-4,42,120
120,28,63,240
0,-30,41,720
120,2,45,120
120,14,63,360
0,12,63,360
0,-22,45,120
120,3,45,120
120,-3,41,120
120,8,63,110
0,12,63,110
0,-24,38,120
120,12,63,720
0,12,63,1440
0,-27,37,720
120,3,36,120
120,5,39,120
120,4,42,120
120,-4,40,120
120,-5,38,120
120,17,75,720
0,12,75,720
0,-32,39,120
120,3,41,120
120,5,45,120
120,7,46,120
120,-7,44,120
120,-5,40,120
120,22,60,720
0,2,60,720
0,-7,75,360
0,12,75,360
0,-34,39,120
120,5,41,120
120,4,45,120
120,24,71,120
0,-12,71,120
0,-6,45,120
120,14,70,240
0,-2,70,240
0,-6,70,240
0,12,70,240
0,-24,42,120
120,-4,39,120
120,24,60,360
0,-2,60,360
0,-6,75,360
0,12,75,360
0,-33,38,120
120,5,37,120
120,4,40,120
120,10,71,120
0,12,71,120
0,-16,42,120
120,12,60,240
0,-10,63,240
0,12,63,240
0,-20,39,120
120,-4,34,120
120,24,80,720
0,-3,68,720
0,12,80,720
0,-39,35,120
120,6,37,120
120,3,41,120
120,6,44,120
120,-6,42,120
120,-3,40,120
120,21,65,480
0,3,77,480
0,9,77,480
0,-39,35,120
120,6,36,120
120,2,41,120
120,7,44,120
120,12,66,230
0,3,78,230
0,9,78,230
0,-31,42,120
120,-2,40,120
120,21,69,720
0,3,82,720
0,9,82,720
0,-38,37,120
120,3,38,120
120,4,41,120
120,5,42,120
120,-5,41,120
120,-4,39,120
120,24,67,240
0,-3,56,240
0,12,67,240
0,-45,37,120
120,12,34,120
120,19,55,360
0,5,65,360
0,7,65,360
0,-27,39,120
120,5,41,120
120,-5,39,120
120,12,54,120
0,8,64,120
0,4,64,120
0,-28,37,120
120,18,52,720
0,8,62,720
0,4,62,720
0,-40,37,120
120,9,39,120
120,3,40,120
120,5,42,120
120,-5,40,120
120,-3,38,120
120,17,54,240
0,8,64,240
0,4,64,240
0,-38,35,120
120,9,35,120
120,15,57,240
0,9,68,240
0,3,68,240
0,-24,37,120
120,5,39,120
120,9,61,240
0,7,72,240
0,5,72,240
0,-26,37,120
120,-3,35,120
120,24,77,480
0,-6,65,480
0,12,77,480
0,-39,38,120
120,9,37,120
120,3,39,120
120,6,41,120
120,15,75,240
0,-7,63,240
0,12,75,240
0,-26,39,120
120,-3,36,120
120,18,66,1200
0,6,78,1200
0,6,78,1200
0,-39,40,120
120,9,39,120
120,3,43,120
120,6,48,120
120,-6,45,120
120,-3,41,120
120,-9,40,120
120,9,40,120
120,3,43,120
120,6,45,120
120,8,64,240
0,7,76,240
0,5,76,240
0,-26,42,120
120,-3,36,120
120,18,68,240
0,6,81,240
0,6,81,240
0,-39,52,120
120,9,40,120
120,17,66,240
0,7,78,240
0,5,78,240
0,-26,43,120
120,6,47,120
120,9,66,240
0,6,78,240
0,6,78,240
0,-27,44,120
120,-3,40,120
120,18,68,480
0,7,81,480
0,5,81,480
0,-39,54,120
120,7,43,120
120,3,47,120
120,9,50,120
120,7,69,240
0,8,82,240
0,4,82,240
0,-28,46,120
120,-3,43,120
120,43,95,1080
0,-4,95,1080
0,-8,80,1080
0,-38,67,120
120,7,50,120
120,3,55,120
120,9,58,120
120,-9,55,120
120,-3,52,120
120,-7,62,120
120,7,50,120
120,3,55,120
120,30,80,110
0,-6,80,110
0,-6,68,110
0,-12,58,120
120,12,68,230
0,6,80,230
0,6,80,230
0,-30,55,120
120,-3,51,120
120,21,79,360
0,6,93,360
0,6,93,360
0,-40,67,120
120,7,57,120
120,3,61,120
120,35,89,120
0,-9,89,120
0,-3,75,120
0,-17,65,120
120,27,92,240
0,-9,92,240
0,-3,78,240
0,-21,62,120
120,-3,59,120
120,34,101,120
0,-8,101,120
0,-4,85,120
0,-36,71,120
480,7,70,120
120,9,75,120
120,12,97,120
0,-4,83,240
120,12,75,120
120,7,79,120
120,-3,83,120
120,8,87,120
120,9,91,120
120,-10,86,240
0,8,96,240
0,-60,87,120
480,12,68,120
120,7,74,120
120,15,97,120
0,-6,84,240
120,12,75,120
120,8,80,120
120,-2,84,120
120,6,88,120
120,8,93,120
120,-7,87,240
0,4,97,240
0,-52,87,120
480,7,70,120
120,9,75,120
120,12,97,120
0,-4,83,240
120,12,75,120
120,7,79,120
120,-3,83,120
120,8,87,120
120,9,91,120
120,-10,86,240
0,8,96,240
0,-60,87,120
480,12,68,120
120,7,74,120
120,15,97,120
0,-6,84,240
120,12,75,120
120,8,80,120
120,-2,84,120
120,6,88,120
120,8,93,120
120,-7,97,240
0,4,97,240
0,-64,82,240
480,19,68,120
120,9,74,120
120,12,97,120
0,-4,84,240
120,12,75,120
120,7,78,120
120,-3,75,120
120,8,79,120
120,7,75,120
120,-7,78,120
120,-8,75,120
120,3,80,120
120,-7,75,120
120,-8,79,120
120,3,75,120
120,-7,78,120
120,-8,77,120
120,3,82,120
120,-7,79,120
120,-8,87,120
120,8,85,120
120,-24,96,120
0,12,96,120
720,60,101,720
0,-12,85,720
0,-24,86,720
0,12,102,720
2160,-21,44,720
0,9,52,720
0,3,52,720
0,-31,40,720
0,12,40,2880
720,9,37,720
0,7,44,960
0,5,44,2160
0,-28,36,2160
960,21,57,240
240,2,57,240
240,3,60,240
240,-2,56,240
240,-1,56,230
240,-9,44,720
0,9,52,720
0,3,52,720
0,-31,40,720
0,12,40,2880
720,9,37,720
0,7,44,960
0,5,44,2160
0,-28,36,2160
960,21,57,240
240,2,57,240
240,3,60,240
240,-2,56,360
360,-1,56,110
120,-5,37,1200
0,5,44,720
0,3,44,1440
0,-24,34,1200
0,10,34,1200
720,9,37,480
480,-2,32,240
0,-12,30,1680
0,4,30,240
240,12,30,1440
0,-9,26,1440
1440,21,53,600
480,-21,32,240
0,3,32,240
0,3,32,240
120,13,45,60
60,2,45,60
60,-2,50,360
0,-21,38,240
0,4,38,240
0,5,38,240
360,10,47,120
120,2,50,240
0,-17,32,240
0,3,32,240
0,5,32,240
240,11,53,360
0,-20,36,480
0,3,36,480
0,5,36,480
360,13,50,120
120,-1,48,120
0,-21,31,240
0,3,31,240
0,3,31,240
120,13,43,60
60,2,43,60
60,-2,52,360
0,-21,37,240
0,4,37,240
0,5,37,240
360,10,48,120
120,2,47,240
0,-17,32,240
0,3,32,240
0,5,32,240
240,11,39,120
0,-24,29,240
30,7,29,210
30,9,29,180
60,-4,29,120
120,12,29,120
120,-5,29,120
120,5,29,120
120,-5,29,120
120,12,29,120
0,-43,25,120
120,36,29,120
120,7,29,120
120,-7,29,120
120,12,29,120
120,-5,29,120
120,5,29,120
120,-5,29,120
120,12,29,120
120,-7,29,120
120,7,29,120
120,-7,29,120
120,12,39,120
720,-45,44,720
0,9,52,1680
0,3,52,720
0,-31,40,720
0,12,40,2880
720,9,37,720
0,12,44,2160
0,-28,36,2160
960,21,57,240
240,2,57,240
240,3,60,240
240,-2,56,240
240,-1,56,240
240,-9,44,720
0,9,52,1680
0,3,52,720
0,-31,40,720
0,12,40,3600
720,9,37,2880
0,12,44,2160
0,-28,36,2880
960,21,57,240
240,2,57,240
240,3,60,240
240,-2,56,360
360,-1,56,50
60,0,50,60
60,8,56,240
240,-3,53,240
240,-4,51,240
240,-6,37,1200
0,5,44,720
0,3,44,1440
0,-24,34,1200
0,12,34,720
720,7,37,480
0,-9,34,480
480,7,32,240
0,-12,30,240
0,4,30,240
240,12,30,1440
0,-16,26,1440
0,7,26,1440
2160,21,42,1560
1560,2,42,120
120,3,43,120
120,-2,41,120
120,-3,39,120
120,-4,39,120
120,-1,35,30
60,0,35,60
60,12,43,480
360,-21,26,240
0,3,26,240
0,3,26,240
120,13,37,60
60,2,37,60
60,-2,43,360
0,-21,31,240
0,4,31,240
0,5,31,240
360,10,39,120
120,2,39,240
0,-17,28,240
0,3,28,240
0,5,28,240
240,11,42,360
0,-20,31,480
0,3,31,480
0,5,31,480
360,13,40,120
120,-1,40,120
0,-21,27,240
0,3,27,240
0,3,27,240
120,13,37,60
60,2,37,60
60,-2,44,360
0,-21,31,240
0,4,31,240
0,5,31,240
360,10,33,120
120,2,31,240
0,-17,25,240
0,3,25,240
0,5,25,240
240,11,31,1080
0,-24,24,240
0,7,24,240
0,9,24,240
720,-28,24,240
360,24,25,120
120,12,25,120
120,-5,25,120
120,5,25,120
120,-5,25,120
120,12,21,120
120,-7,21,120
120,7,21,120
120,-7,21,120
120,12,28,120
240,-12,44,240
240,-2,44,240
240,-2,45,960
0,-27,33,720
240,18,34,120
0,-3,30,240
120,4,34,120
120,3,34,80
0,-15,30,480
80,13,34,80
80,-1,34,80
80,0,43,960
0,-17,33,720
0,3,33,720
240,22,42,240
0,-16,32,240
240,15,42,240
0,-19,32,480
240,17,44,240
0,-21,33,720
240,15,36,120
0,-6,32,240
120,7,32,120
120,3,36,80
0,-15,32,480
80,13,36,80
80,-1,32,80
80,0,44,960
0,-20,33,720
240,32,43,240
0,-17,31,240
240,15,40,240
0,-22,31,480
240,20,46,960
0,-27,33,720
240,18,38,120
0,-3,33,240
120,4,34,120
120,3,38,80
0,-15,31,480
80,13,38,80
80,-1,35,80
80,0,42,720
0,-17,33,720
0,3,33,720
240,22,43,240
0,-16,31,240
240,15,41,240
0,-19,31,480
240,17,47,240
0,-21,33,720
240,20,37,120
0,-11,31,240
120,12,37,120
120,3,37,80
0,-20,31,240
80,18,37,80
80,-1,34,80
80,0,41,960
0,-14,31,240
0,-6,33,720
240,32,46,240
0,-17,31,240
240,15,44,240
0,-22,31,480
240,20,53,960
0,-27,36,720
0,3,36,720
240,15,32,120
0,-6,31,240
120,7,30,120
120,3,32,80
0,-15,31,480
80,13,32,80
80,-1,30,80
80,0,37,960
0,-17,33,720
0,3,33,720
240,22,38,240
0,-16,31,240
240,15,36,240
0,-19,31,480
240,17,40,240
0,-21,33,720
240,15,27,120
0,-6,27,240
120,7,28,120
120,3,30,80
0,-15,27,480
80,13,30,80
80,-1,27,80
80,0,38,960
0,-20,30,720
240,32,40,240
0,-17,31,240
240,15,37,240
0,-22,31,480
240,20,45,960
0,-27,33,720
0,3,33,720
240,15,37,120
0,-3,31,240
120,4,37,120
120,3,37,80
0,-15,31,480
80,13,37,80
80,-1,34,80
80,0,42,960
0,-17,33,720
0,3,33,720
240,22,44,240
0,-16,31,240
240,15,42,240
0,-19,31,480
240,17,47,960
0,-21,33,720
240,15,37,120
0,-6,31,240
120,7,34,120
120,3,37,80
0,-15,31,240
80,13,37,80
80,-1,34,80
80,0,41,720
0,-28,31,120
240,35,43,240
0,-19,28,240
240,20,42,240
0,-27,28,240
240,26,50,240
0,-36,30,240
0,7,30,720
240,16,32,120
0,-7,27,240
120,8,30,120
120,3,32,80
0,-17,27,240
80,15,32,80
80,-1,30,80
80,0,37,960
0,-16,31,720
240,26,47,240
0,-17,33,240
240,15,47,240
0,-20,33,240
240,19,53,960
0,-31,38,240
0,10,38,720
240,13,38,120
0,-7,32,240
120,8,35,120
120,3,38,80
0,-15,32,480
80,13,38,80
80,-1,35,80
80,0,46,960
0,-16,37,720
240,23,47,240
0,-14,31,240
240,12,44,240
0,-17,31,240
240,16,52,240
0,-28,36,240
0,7,36,720
240,16,41,120
0,-7,34,240
120,8,39,120
120,3,41,80
0,-15,34,480
80,13,41,80
80,-1,38,80
80,0,52,960
0,-16,38,720
240,26,43,240
0,-17,31,240
240,15,41,240
0,-20,31,240
240,19,47,240
0,-28,33,1440
240,23,38,120
0,-16,29,1200
120,17,36,120
120,4,38,80
0,-18,29,960
80,16,38,80
80,-2,35,80
80,0,41,720
0,-8,33,720
240,13,34,240
240,2,34,240
240,-10,35,120
0,-16,32,720
120,19,37,120
120,5,40,120
0,-12,29,240
0,-5,29,240
120,21,42,120
120,-2,44,120
0,-22,30,240
120,20,42,120
120,4,38,120
0,-29,35,720
120,32,40,120
120,5,43,120
0,-24,30,240
0,-5,30,240
120,33,46,120
120,-2,50,120
0,-34,32,240
120,32,47,120
120,-5,44,120
0,-31,32,240
120,28,43,120
120,-2,42,120
0,-14,30,240
0,-5,30,240
120,17,41,120
120,-5,40,120
0,-15,30,240
120,12,39,120
120,-2,38,120
0,-19,32,720
120,17,37,120
120,-5,36,120
120,9,39,120
120,-2,38,120
120,-2,37,120
120,-3,36,120
0,-16,36,120
120,19,34,120
120,2,37,120
0,-2,31,240
0,-3,31,240
120,8,39,120
120,4,41,120
0,-19,31,240
120,22,43,120
120,2,46,120
0,-36,40,120
120,39,48,120
120,4,50,120
0,-21,35,240
0,-3,35,240
120,27,51,120
120,2,49,120
0,-36,35,240
120,39,47,120
120,-1,50,120
0,-45,38,120
120,43,49,120
120,-3,49,120
0,-28,34,1200
0,4,34,1200
120,18,48,120
120,-1,47,120
0,-26,31,240
120,24,46,120
120,-3,45,120
0,-19,38,240
120,15,44,120
120,4,45,120
0,-21,40,240
120,19,42,120
120,-2,39,120
0,-15,48,240
120,13,37,120
120,-1,35,120
0,-16,35,720
120,19,37,120
120,5,40,120
0,-12,31,240
0,-5,31,240
120,21,42,120
120,-2,44,120
0,-22,33,240
120,20,42,120
120,4,38,120
0,-29,38,720
120,32,40,120
120,5,43,120
0,-24,33,240
0,-5,33,240
120,33,46,120
120,-2,50,120
0,-34,35,240
120,32,47,120
120,-5,44,120
0,-31,35,240
120,28,43,120
120,-2,42,120
0,-14,33,240
0,-5,33,240
120,17,41,120
120,-5,40,120
0,-15,33,240
120,12,39,120
120,-2,38,120
0,-19,35,720
120,17,37,120
120,-5,36,120
120,9,39,120
120,-2,38,120
120,-2,37,120
120,-3,36,120
0,-16,36,120
120,19,34,113
120,2,37,120
0,-2,31,240
0,-3,31,240
120,8,39,120
120,4,41,120
0,-19,31,240
120,22,43,120
120,2,46,120
0,-36,40,120
120,39,48,120
120,4,50,120
0,-21,35,240
0,-3,35,240
120,27,51,120
120,2,49,120
0,-36,35,240
120,39,47,120
120,-1,47,120
0,-45,42,120
120,43,48,120
120,-3,49,120
0,-28,36,1200
0,4,36,1200
120,18,50,120
120,-1,51,120
0,-26,36,240
120,24,52,120
120,-3,53,120
0,-19,38,240
120,15,52,120
120,4,51,120
0,-21,40,240
120,19,51,120
120,-2,53,120
0,-15,45,240
120,13,57,120
120,-1,56,120
0,-16,49,720
120,19,59,120
120,5,61,120
0,-12,44,240
0,-5,44,240
120,21,63,120
120,-2,65,120
0,-22,44,240
120,20,63,120
120,4,61,120
0,-33,67,120
120,36,61,120
120,5,64,120
0,-24,74,240
0,-5,74,240
120,33,66,120
120,-2,69,120
0,-34,74,240
120,32,65,120
120,-4,62,120
0,-39,70,240
0,12,70,240
120,24,61,120
120,-3,60,120
0,-30,77,480
0,12,77,480
120,16,60,120
120,-4,59,120
120,-3,58,120
120,-3,57,120
120,-2,56,120
120,-4,55,120
120,-3,54,120
120,-3,53,120
120,-2,52,120
120,4,52,120
0,-16,66,720
120,19,51,120
120,5,52,120
0,-12,52,240
120,16,53,120
120,-2,54,120
0,-19,52,240
120,17,52,120
120,4,49,120
0,-33,68,120
120,36,51,120
120,5,54,120
0,-24,68,240
120,28,57,120
120,-2,59,120
0,-31,68,240
120,29,57,120
120,-4,59,120
0,-39,75,240
0,12,75,240
120,24,61,120
120,-3,62,120
0,-30,86,480
0,12,86,480
120,16,64,120
120,-4,66,120
120,-3,67,120
120,-3,69,120
120,-2,71,120
120,-4,73,120
120,-3,74,120
120,-3,76,120
120,-2,78,120
120,-12,98,240
240,19,73,120
120,5,68,120
120,5,68,120
120,-1,68,120
120,3,73,120
120,5,67,120
120,5,67,120
120,-1,68,120
120,3,72,120
120,5,73,120
120,5,76,120
0,-13,80,240
0,-9,80,240
0,-7,80,240
120,28,71,120
120,3,71,120
120,5,71,120
120,5,71,120
120,-1,71,120
120,-4,77,120
120,-5,71,120
120,-2,71,120
120,-1,71,120
120,-4,71,120
120,-5,71,120
120,-2,71,120
120,-1,72,120
120,-4,73,120
120,-5,75,120
120,-2,77,120
120,-1,78,120
120,-4,80,120
120,-5,81,120
120,-2,82,120
120,-1,84,120
120,-4,86,120
120,-5,88,120
120,-7,96,720
1440,24,55,720
0,9,65,720
0,3,65,720
0,-31,50,720
0,12,50,2880
720,9,46,720
0,7,55,960
0,5,55,2160
0,-28,44,2160
960,21,71,240
240,2,71,240
240,3,75,240
240,-2,70,360
360,-1,64,110
120,-9,55,720
0,9,65,720
0,3,65,720
0,-31,50,720
0,12,50,3600
720,9,46,2880
0,7,55,960
0,5,55,2160
0,-28,44,2880
960,21,67,240
240,2,67,240
240,3,72,240
240,-2,66,360
360,-1,57,50
60,0,54,540
60,8,63,240
240,-3,62,480
240,-4,57,240
240,-6,52,1200
0,5,52,720
0,3,52,1440
0,-24,41,1200
0,12,41,720
720,7,43,480
0,-9,39,480
480,7,37,240
0,-12,36,1680
0,4,36,240
240,12,35,1440
0,-9,32,1440
1440,21,53,600
480,-21,32,240
0,3,32,240
0,3,32,240
120,13,45,60
60,2,45,60
60,-2,50,360
0,-21,38,240
0,4,38,240
0,5,38,240
360,10,47,120
120,2,50,240
0,-17,32,240
0,3,32,240
0,5,32,240
240,11,53,360
0,-20,36,480
0,3,36,480
0,5,36,480
360,13,50,120
120,-1,48,120
0,-21,31,240
0,3,31,240
0,3,31,240
120,13,43,60
60,2,43,60
60,-2,52,360
0,-21,37,240
0,4,37,240
0,5,37,240
360,10,48,120
120,2,47,240
0,-17,32,240
0,3,32,240
0,5,32,240
240,11,39,120
0,-24,29,240
30,7,29,210
30,9,29,180
60,-4,29,120
120,12,29,120
120,-5,29,120
120,5,29,120
120,-5,29,120
120,12,29,120
0,-43,25,120
120,36,29,120
120,7,29,120
120,-7,29,120
120,12,29,120
120,-5,29,120
120,5,29,120
120,-5,29,120
120,12,29,120
120,-7,29,120
120,7,29,120
120,-7,29,120
120,12,39,120
720,-45,37,720
0,9,44,1680
0,3,44,720
0,-19,34,2880
720,9,31,720
0,12,37,2160
0,-28,30,2160
960,21,48,240
240,2,48,240
240,3,51,240
240,-2,47,360
360,-1,47,120
120,-9,37,720
0,9,44,1680
0,3,44,720
0,-31,34,720
0,12,34,3600
720,9,31,2880
0,12,37,2160
0,-28,30,2880
960,21,48,240
240,2,48,240
240,3,51,240
240,-2,47,240
240,-1,47,170
180,0,40,660
60,8,36,120
120,-1,33,120
120,3,39,120
120,-2,38,120
120,-3,36,120
120,-4,35,120
120,-6,31,1200
0,5,37,720
0,3,37,1440
0,-24,28,1200
0,12,28,720
720,7,31,480
0,-9,28,480
480,7,27,240
0,-12,25,1680
0,4,25,240
240,12,25,1440
0,-9,22,1440
2160,21,42,1560
1560,2,42,120
120,3,43,120
120,-2,41,120
120,-3,39,120
120,-4,39,120
120,-1,35,30
60,0,35,60
60,12,43,480
360,-21,26,240
0,3,26,240
0,3,26,240
120,13,37,60
60,2,37,60
60,-2,43,360
0,-21,31,240
0,4,31,240
0,5,31,240
360,10,39,120
120,2,39,240
0,-17,28,240
0,3,28,240
0,5,28,240
240,11,42,360
0,-20,31,480
0,3,31,480
0,5,31,480
360,13,40,120
120,-1,40,120
0,-21,27,240
0,3,27,240
0,3,27,240
120,13,37,60
60,2,37,60
60,-2,44,360
0,-21,31,240
0,4,31,240
0,5,31,240
360,10,33,120
120,2,31,240
0,-17,25,240
0,3,25,240
0,5,25,240
240,11,31,1080
0,-24,24,240
0,7,24,240
0,9,24,240
720,-28,24,240
360,24,25,120
120,12,25,120
120,-5,25,120
120,5,25,120
120,-5,25,120
120,12,21,120
120,-7,21,120
120,7,21,120
120,-7,21,120
120,12,28,120
240,-12,44,240
240,-2,44,240
240,-2,45,960
0,-27,33,720
240,18,34,120
0,-3,30,240
120,4,31,120
120,3,34,80
0,-15,30,480
80,13,34,80
80,-1,32,80
80,0,43,960
0,-17,33,720
0,3,33,720
240,22,42,240
0,-16,32,240
240,15,39,240
0,-19,32,480
240,17,44,240
0,-21,33,720
240,15,36,120
0,-6,32,240
120,7,33,120
120,3,36,80
0,-15,32,480
80,13,36,80
80,-1,33,80
80,0,44,960
0,-20,33,720
240,32,43,240
0,-17,31,240
240,15,39,240
0,-22,31,480
240,20,46,960
0,-27,33,720
240,18,38,120
0,-3,33,240
120,4,35,120
120,3,38,80
0,-15,31,480
80,13,38,80
80,-1,36,80
80,0,42,720
0,-17,33,720
0,3,33,720
240,22,43,240
0,-16,31,240
240,15,38,240
0,-19,31,480
240,17,47,240
0,-21,33,720
240,20,37,120
0,-11,31,240
120,12,35,120
120,3,37,80
0,-20,31,240
80,18,37,80
80,-1,35,70
80,0,41,960
0,-14,31,240
0,-6,33,720
240,32,46,240
0,-17,31,240
240,15,43,240
0,-22,31,480
240,20,53,960
0,-27,36,720
0,3,36,720
240,15,32,120
0,-6,31,240
120,7,30,120
120,3,32,80
0,-15,31,480
80,13,32,80
80,-1,30,70
80,0,37,960
0,-17,33,720
0,3,33,720
240,22,38,240
0,-16,31,240
240,15,36,240
0,-19,31,480
240,17,40,240
0,-21,33,720
240,15,27,120
0,-6,27,240
120,7,27,120
120,3,30,80
0,-15,27,480
80,13,30,80
80,-1,29,70
80,0,38,960
0,-20,30,720
240,32,40,240
0,-17,31,240
240,15,38,240
0,-22,31,480
240,20,45,960
0,-27,33,720
0,3,33,720
240,15,37,120
0,-3,31,240
120,4,37,120
120,3,37,80
0,-15,31,480
80,13,37,80
80,-1,34,70
80,0,42,960
0,-17,33,720
0,3,33,720
240,22,44,240
0,-16,31,240
240,15,40,240
0,-19,31,480
240,17,47,960
0,-21,33,720
240,15,37,120
0,-6,31,240
120,7,35,120
120,3,37,80
0,-15,31,240
80,13,37,80
80,-1,35,70
80,0,41,720
0,-28,31,120
240,35,43,240
0,-19,28,240
240,20,40,240
0,-27,28,240
240,26,50,240
0,-36,30,240
0,7,30,720
240,16,32,120
0,-7,27,240
120,8,30,120
120,3,32,80
0,-17,27,240
80,15,32,80
80,-1,30,70
80,0,37,960
0,-16,31,720
240,26,47,240
0,-17,33,240
240,15,44,240
0,-20,33,240
240,19,53,960
0,-31,38,240
0,10,38,720
240,13,38,120
0,-7,32,240
120,8,38,120
120,3,38,80
0,-15,32,480
80,13,38,80
80,-1,35,70
80,0,46,960
0,-16,37,720
240,23,47,240
0,-14,31,240
240,12,44,240
0,-17,31,240
240,16,52,240
0,-28,36,240
0,7,36,720
240,16,41,120
0,-7,34,240
120,8,38,120
120,3,41,80
0,-15,34,480
80,13,41,80
80,-1,38,70
80,0,52,960
0,-16,38,720
240,26,43,240
0,-17,31,240
240,15,39,240
0,-20,31,240
240,19,47,240
0,-28,33,1440
240,23,38,120
0,-16,29,1200
120,17,36,120
120,4,38,80
0,-18,29,960
80,16,38,80
80,-2,35,70
80,0,41,720
0,-8,33,720
240,13,34,240
240,2,34,240
240,-10,35,120
0,-16,32,720
120,19,37,120
120,5,40,120
0,-12,29,240
0,-5,29,240
120,21,42,120
120,-2,44,120
0,-22,30,240
120,20,42,120
120,4,38,120
0,-29,35,720
120,32,40,120
120,5,43,120
0,-24,30,240
0,-5,30,240
120,33,46,120
120,-2,50,120
0,-34,32,240
120,32,47,120
120,-5,44,120
0,-31,32,240
120,28,43,120
120,-2,42,120
0,-14,30,240
0,-5,30,240
120,17,41,120
120,-5,40,120
0,-15,30,240
120,12,39,120
120,-2,38,120
0,-19,32,720
120,17,37,120
120,-5,36,120
120,9,39,120
120,-2,38,120
120,-2,37,120
120,-3,36,120
0,-16,36,120
120,19,34,120
120,2,37,120
0,-2,31,240
0,-3,31,240
120,8,39,120
120,4,41,120
0,-19,31,240
120,22,43,120
120,2,46,120
0,-36,40,120
120,39,48,120
120,4,50,120
0,-21,35,240
0,-3,35,240
120,27,51,120
120,2,49,120
0,-36,35,240
120,39,47,120
120,-1,50,120
0,-45,38,120
120,43,49,120
120,-3,49,120
0,-28,34,1200
0,4,34,1200
120,18,48,120
120,-1,47,120
0,-26,31,240
120,24,46,120
120,-3,45,120
0,-19,38,240
120,15,44,120
120,4,45,120
0,-21,40,240
120,19,42,120
120,-2,39,120
0,-15,48,240
120,13,37,120
120,-1,35,120
0,-16,35,720
120,19,37,120
120,5,40,120
0,-12,31,240
0,-5,31,240
120,21,42,120
120,-2,44,120
0,-22,33,240
120,20,42,120
120,4,38,120
0,-29,38,720
120,32,40,120
120,5,43,120
0,-24,33,240
0,-5,33,240
120,33,46,120
120,-2,50,120
0,-34,35,240
120,32,47,120
120,-5,44,120
0,-31,35,240
120,28,43,120
120,-2,42,120
0,-14,33,240
0,-5,33,240
120,17,41,120
120,-5,40,120
0,-15,33,240
120,12,39,120
120,-2,38,120
0,-19,35,720
120,17,37,120
120,-5,36,120
120,9,39,120
120,-2,38,120
120,-2,37,120
120,-3,36,120
0,-16,36,120
120,19,34,113
120,2,37,120
0,-2,31,240
0,-3,31,240
120,8,39,120
120,4,41,120
0,-19,31,240
120,22,43,120
120,2,46,120
0,-36,40,120
120,39,48,120
120,4,50,120
0,-21,35,240
0,-3,35,240
120,27,51,120
120,2,49,120
0,-36,35,240
120,39,47,120
120,-1,47,120
0,-45,42,120
120,43,48,120
120,-3,49,120
0,-28,36,1200
0,4,36,1200
120,18,50,120
120,-1,51,120
0,-26,36,240
120,24,52,120
120,-3,53,120
0,-19,38,240
120,15,52,120
120,4,51,120
0,-21,40,240
120,19,51,120
120,-2,53,120
0,-15,45,240
120,13,57,120
120,-1,56,120
0,-16,49,720
120,19,59,120
120,5,61,120
0,-12,44,240
0,-5,44,240
120,21,63,120
120,-2,65,120
0,-22,44,240
120,20,63,120
120,4,61,120
0,-33,62,120
120,36,61,120
120,5,64,120
0,-24,67,240
0,-5,67,240
120,33,66,120
120,-2,69,120
0,-34,67,240
120,32,65,120
120,-4,62,120
0,-39,70,240
0,12,70,240
120,24,61,120
120,-3,60,120
0,-30,77,480
0,12,77,480
120,16,60,120
120,-4,59,120
120,-3,58,120
120,-3,57,120
120,-2,56,120
120,-4,55,120
120,-3,54,120
120,-3,53,120
120,-2,52,120
120,4,52,120
0,-16,66,720
120,19,51,120
120,5,52,120
0,-12,52,240
120,16,53,120
120,-2,54,120
0,-19,52,240
120,17,52,120
120,4,49,120
0,-33,68,120
120,36,51,120
120,5,54,120
0,-24,66,240
120,28,57,120
120,-2,59,120
0,-31,66,240
120,29,57,120
120,-4,59,120
0,-39,75,240
0,12,75,240
120,24,61,120
120,-3,62,120
0,-30,86,480
0,12,86,480
120,16,64,120
120,-4,66,120
120,-3,67,120
120,-3,69,120
120,-2,71,120
120,-4,73,120
120,-3,74,120
120,-3,76,120
120,-2,78,120
120,-12,104,240
240,19,73,120
120,5,68,120
120,5,68,120
120,-1,68,120
120,3,73,120
120,5,67,120
120,5,67,120
120,-1,68,120
120,3,72,120
120,5,73,120
120,5,76,120
0,-13,80,240
0,-9,80,240
0,-7,80,240
120,28,71,120
120,3,71,120
120,5,71,120
120,5,71,120
120,-1,71,120
120,-4,77,120
120,-5,71,120
120,-2,71,120
120,-1,71,120
120,-4,71,120
120,-5,71,120
120,-2,71,120
120,-1,72,120
120,-4,73,120
120,-5,75,120
120,-2,77,120
120,-1,78,120
120,-4,80,120
120,-5,81,120
120,-2,82,120
120,-1,84,120
120,-4,86,120
120,-5,88,120
120,-7,96,720
1440,10,98,240
0,-12,83,240
240,21,73,120
120,6,68,120
120,4,68,120
120,-1,68,120
120,3,73,120
120,6,67,120
120,4,67,120
120,-1,68,120
120,3,72,120
120,6,73,120
120,4,76,120
0,-25,80,240
0,9,80,240
0,-6,80,240
0,-9,68,240
120,30,71,120
120,3,71,120
120,6,71,120
120,4,71,120
120,-1,71,120
120,-3,77,120
120,-6,71,120
120,-2,71,120
120,-1,71,120
120,-3,71,120
120,-6,71,120
120,-2,71,120
120,-1,72,120
120,-3,73,120
120,-6,75,120
120,-2,77,120
120,-1,78,120
120,-3,80,120
120,-6,81,120
120,-2,82,120
120,-1,84,120
120,-3,86,120
120,-6,88,120
120,-9,96,1440
1440,-1,86,240
0,12,102,240
240,33,66,120
120,-2,67,120
120,3,68,120
120,6,69,120
120,5,71,120
0,-38,84,240
0,12,84,240
120,24,72,120
120,3,73,120
0,-32,90,240
0,12,90,240
120,26,74,120
120,5,75,120
0,-45,84,240
0,12,84,240
120,31,77,120
120,-10,80,120
0,-33,95,480
0,12,95,480
120,27,74,120
120,4,77,120
120,-1,81,120
120,-3,80,120
120,-6,78,120
120,-2,76,120
0,-43,90,120
0,12,90,120
120,30,76,120
120,-3,76,120
120,-6,76,120
120,-2,74,120
120,-1,73,120
120,-10,73,120
0,-32,90,240
0,12,90,240
120,26,73,120
120,5,74,120
120,-2,75,120
120,3,76,120
120,6,76,120
120,5,77,120
0,-38,82,240
0,12,82,240
120,24,76,120
120,3,79,120
0,-30,87,240
0,12,87,240
120,24,81,120
120,5,84,120
0,-43,82,240
0,12,82,240
120,29,86,120
120,-10,88,120
0,-31,93,120
0,12,93,120
120,24,87,120
120,5,87,120
0,-59,71,240
0,12,71,240
120,46,85,120
120,-4,83,120
0,-53,71,240
0,12,71,240
120,36,82,120
120,-2,80,120
0,-46,71,240
0,12,71,240
120,33,78,120
120,-4,76,120
0,-34,75,240
0,12,75,240
120,17,74,120
120,-2,72,120
0,-29,74,240
0,12,74,240
120,16,71,120
120,-5,71,120
0,-22,93,240
0,12,93,240
120,16,71,120
120,5,71,120
120,-2,71,120
120,3,71,120
120,6,71,120
120,5,69,120
0,-38,81,240
0,12,81,240
120,24,71,120
120,3,73,120
0,-20,86,240
0,-12,86,240
120,38,75,120
120,5,76,120
0,-45,79,240
0,12,79,240
120,31,78,120
120,-10,80,120
0,-33,93,480
0,12,93,480
120,27,82,120
120,4,82,120
120,-1,80,120
120,-3,79,120
120,-6,78,120
120,-2,77,120
0,-43,97,120
0,12,97,120
120,30,76,120
120,-3,75,120
120,-6,74,120
120,-2,73,120
120,-1,72,120
120,-10,71,120
0,-20,93,240
0,-12,79,240
120,38,71,120
120,5,71,120
120,-2,71,120
120,3,71,120
120,6,71,120
120,5,69,120
0,-38,81,240
0,12,81,240
120,24,71,120
120,3,73,120
0,-18,86,240
0,-12,86,240
120,36,75,120
120,5,76,120
0,-43,79,240
0,12,79,240
120,29,78,120
120,-10,80,120
0,-31,86,120
0,12,86,120
120,24,82,120
120,5,82,120
0,-54,71,240
0,12,71,240
120,41,80,120
120,-4,79,120
0,-48,71,240
0,12,71,240
120,31,78,120
120,-2,76,120
0,-41,77,120
0,12,77,120
120,28,75,120
120,-4,73,120
0,-39,70,240
0,12,70,240
120,22,71,120
120,-2,70,120
0,-31,71,240
0,12,71,240
120,18,68,120
120,-4,66,240
0,5,66,240
0,7,66,240
0,-40,84,240
0,12,84,240
240,27,58,120
0,-11,56,240
120,12,55,120
120,3,58,80
0,-27,56,240
0,5,56,240
80,20,58,80
80,-1,55,80
80,0,67,960
0,-29,68,240
240,41,66,240
0,-8,66,480
0,-16,56,240
240,22,64,240
0,-34,56,240
0,7,56,240
240,22,70,240
0,3,70,240
0,-39,66,240
240,30,59,120
0,-11,56,240
120,12,55,120
120,3,59,80
0,-27,56,240
0,8,56,240
80,17,59,80
80,-1,55,80
80,0,69,960
0,-26,65,720
240,22,65,240
0,12,65,240
0,-20,56,240
240,7,62,240
0,12,62,240
0,-27,56,240
0,3,56,240
240,10,69,240
0,12,69,240
0,-33,65,240
240,27,59,120
0,-11,56,240
120,12,55,120
120,3,59,80
0,-27,56,240
0,5,56,240
80,20,59,80
80,-1,55,80
80,0,70,960
0,-29,66,240
240,41,65,240
0,-8,65,480
0,-16,56,240
240,22,65,240
0,-34,56,240
0,7,56,240
240,22,69,240
0,3,69,240
0,-39,65,240
240,23,58,120
0,-4,56,240
120,5,53,120
120,3,58,80
0,-15,56,240
80,13,58,80
80,-1,55,80
80,0,70,960
0,-20,64,240
240,32,63,240
0,-5,63,480
0,-12,56,240
240,15,63,240
0,-22,56,240
240,17,71,240
0,3,71,240
0,-27,65,240
240,30,57,120
0,-15,56,240
120,16,57,120
120,3,57,80
0,-27,56,240
80,25,57,80
80,-1,54,80
80,0,71,960
0,-29,65,240
240,41,63,240
0,-8,63,480
0,-18,54,240
240,24,63,240
0,-34,54,240
0,4,54,240
240,25,71,240
0,3,71,240
0,-36,66,240
240,27,59,120
0,-11,54,240
120,12,56,120
120,3,59,80
0,-27,54,240
0,5,54,240
80,20,59,80
80,-1,55,80
80,0,70,720
0,-26,64,720
240,22,64,240
0,12,64,240
0,-20,54,240
240,7,64,240
0,12,64,240
0,-31,54,240
0,4,54,240
240,20,70,240
0,-7,70,240
0,12,70,240
0,-33,63,720
240,15,59,120
0,-3,52,240
120,4,55,120
120,3,59,80
0,-15,52,240
0,5,52,240
80,8,59,80
80,-1,56,80
80,0,71,960
0,-17,58,720
240,29,56,240
0,-8,56,480
0,-9,51,240
240,15,55,240
0,-22,51,240
240,17,60,240
0,3,60,240
0,-27,57,720
240,14,53,120
0,-2,49,240
120,3,53,120
120,4,53,80
0,-16,49,240
0,4,49,240
80,10,53,80
80,-2,50,80
80,0,61,960
0,-17,55,720
240,29,58,240
0,-8,58,480
0,-6,50,240
240,12,56,240
0,-22,50,240
0,4,50,240
240,13,63,240
0,3,63,240
0,-27,56,240
240,30,54,120
0,-15,50,240
120,16,51,120
120,3,54,80
0,-27,50,240
0,5,50,240
80,20,54,80
80,-1,51,80
80,0,62,960
0,-32,57,240
240,44,58,240
0,-5,58,480
0,-19,52,240
240,22,59,240
0,-34,52,240
0,7,52,240
240,22,67,240
0,3,67,240
0,-39,59,240
240,30,59,120
0,-11,53,240
120,12,56,120
120,3,59,80
0,-27,53,240
0,5,53,240
0,3,53,240
80,17,59,80
80,-1,55,73
80,0,68,720
0,-29,64,240
240,25,63,240
0,12,63,240
0,-20,54,240
240,7,63,240
0,12,63,240
0,-31,54,240
0,4,54,240
0,6,54,240
240,14,69,240
0,-7,69,240
0,12,69,240
0,-33,66,240
240,27,60,120
0,-11,57,240
120,12,56,120
120,3,60,80
0,-27,57,240
0,5,57,240
0,3,57,240
80,17,60,80
80,-1,56,71
80,0,74,960
0,-32,68,240
240,44,65,240
0,-5,65,480
0,-19,60,240
240,22,65,240
0,-34,60,240
0,7,60,240
240,22,76,240
0,3,76,240
0,-39,70,240
240,30,66,120
0,-11,60,240
120,12,61,120
120,3,66,80
0,-27,60,240
0,5,60,240
0,3,60,240
80,17,66,80
80,-1,61,74
80,0,82,720
0,-29,72,240
240,25,73,240
0,12,73,240
0,-20,67,240
240,7,73,240
0,12,73,240
0,-31,72,240
0,4,72,240
0,6,72,240
240,15,87,240
0,-8,73,240
0,12,87,240
0,-45,86,120
0,12,86,120
480,17,50,240
0,-8,50,240
180,24,70,60
60,12,95,240
0,-21,62,240
0,-12,62,240
240,31,81,120
120,-2,76,120
120,-5,79,120
0,-27,51,240
0,8,51,240
120,16,72,120
120,-2,76,120
0,-19,61,240
0,12,61,240
120,5,71,120
120,-5,74,120
120,-3,68,120
120,-2,71,120
120,-2,66,120
120,-5,69,240
720,16,55,120
0,-40,40,120
0,12,40,120
120,29,52,120
120,2,50,120
120,2,44,120
120,1,45,120
120,2,42,120
120,1,40,240
0,-21,38,240
0,3,38,240
0,-9,38,240
0,3,38,240
240,0,44,240
0,-3,44,240
0,6,44,240
0,5,44,240
240,-5,42,240
0,3,42,240
0,-9,42,240
0,3,42,240
240,24,50,120
0,-18,39,120
0,-3,39,120
0,-3,39,120
0,-3,39,120
120,26,46,120
120,-2,47,120
120,-1,43,120
120,-2,44,120
120,-2,42,120
120,-1,41,240
0,-40,53,240
0,12,53,240
240,-2,49,240
0,-12,49,240
240,3,53,240
0,12,53,240
180,32,81,60
60,12,115,960
0,-57,52,120
0,12,52,120
240,17,45,240
0,-8,45,240
240,8,45,240
0,-8,45,240
240,15,51,360
0,-12,51,360
240,31,81,120
120,-2,73,120
0,-24,45,120
0,-8,45,120
120,27,79,120
0,-27,45,240
0,8,45,240
120,16,73,120
120,-2,76,120
0,-19,52,240
0,12,52,240
120,5,70,120
120,-5,74,120
120,-3,69,120
120,-2,71,120
120,-2,70,120
120,-5,69,240
720,18,57,120
0,-39,40,120
0,12,40,120
120,28,55,120
120,2,53,120
120,1,52,120
120,2,50,120
120,2,48,120
120,1,46,240
0,-20,38,240
0,2,38,240
0,-9,38,240
240,0,44,240
0,7,44,240
0,3,44,240
240,-3,42,240
0,2,42,240
0,-9,42,240
240,27,56,120
0,-18,39,120
0,-3,39,120
0,-6,39,120
120,26,54,120
120,-2,53,120
120,-2,52,120
120,-1,51,120
120,-2,50,120
120,-1,48,240
0,-39,53,240
0,12,53,240
240,-2,53,240
0,-12,53,240
240,1,53,240
0,12,53,240
240,30,66,120
0,-39,47,120
0,12,47,120
120,28,65,120
120,2,64,120
120,1,63,120
120,2,62,120
120,2,61,120
120,1,60,240
0,-20,48,240
0,2,48,240
0,-9,48,240
240,0,53,240
0,7,53,240
0,3,53,240
240,-3,51,240
0,2,51,240
0,-9,51,240
240,27,65,120
0,-18,49,120
0,-3,49,120
0,-6,49,120
120,26,64,120
120,-2,62,120
120,-2,61,120
120,-1,59,120
120,-2,58,120
120,-1,56,240
0,-39,58,240
0,12,58,240
240,-2,58,240
0,-12,58,240
240,1,58,240
0,12,58,240
240,30,71,120
0,-39,55,120
0,12,55,120
120,28,72,120
120,2,73,120
120,1,75,120
120,2,76,120
0,-27,49,240
0,3,49,240
0,6,49,240
120,20,77,120
120,1,78,120
0,-27,54,240
0,6,54,240
0,6,54,240
120,24,78,120
120,-9,77,120
120,-1,76,120
120,-2,75,120
0,-27,52,240
0,3,52,240
0,6,52,240
120,16,75,120
120,-1,71,120
0,-21,56,240
0,6,56,240
0,6,56,240
120,10,72,120
120,1,73,120
120,1,74,120
120,1,76,120
0,-34,70,228
0,12,70,228
120,23,77,120
120,1,78,120
0,-36,70,228
0,12,70,228
120,33,79,120
120,-9,80,120
0,-36,70,228
0,12,70,228
120,23,82,120
120,-2,83,120
0,-33,70,228
0,12,70,228
120,19,84,120
120,-1,85,120
0,-31,73,240
0,7,73,240
0,3,73,240
0,6,73,240
240,32,93,120
120,-1,83,120
120,-1,81,120
120,-3,78,120
120,-3,76,240
0,-4,89,120
120,-1,81,120
120,-1,79,120
120,-3,78,120
120,-7,90,120
0,4,76,240
120,-5,82,120
120,-1,80,120
120,-3,78,120
120,-3,76,240
0,-4,88,120
120,-1,81,120
120,-1,79,120
120,-3,77,120
120,-7,90,120
0,4,75,240
120,-5,84,120
120,-1,82,120
120,-3,80,120
120,-7,117,240
240,44,89,240
0,-12,89,240
0,-39,100,240
0,12,100,240
240,30,74,120
0,-6,58,240
0,-12,58,240
120,19,71,120
120,3,74,80
0,-15,58,240
0,-4,58,240
80,17,74,80
80,-1,71,70
80,0,89,240
0,-33,81,240
0,12,81,240
240,32,81,240
0,-12,81,240
0,-8,58,240
0,-12,58,240
240,21,81,240
0,12,81,240
0,-24,58,240
0,-5,58,240
240,10,89,240
0,12,89,240
0,-40,81,240
0,12,81,240
240,18,73,120
0,-6,58,240
0,-12,58,240
120,19,71,120
120,4,73,80
0,-16,58,240
0,-3,58,240
80,17,73,80
80,-2,69,70
80,0,89,240
0,-32,80,240
0,12,80,240
240,31,81,240
0,-12,81,240
0,-7,56,240
0,-12,56,240
240,20,81,240
0,12,81,240
0,-24,56,240
0,-5,56,240
240,10,89,240
0,12,89,240
0,-39,81,240
0,12,81,240
240,18,73,120
0,-6,56,240
0,-12,56,240
120,19,69,120
120,3,73,80
0,-15,56,240
0,-4,56,240
80,18,73,80
80,-2,69,70
80,0,89,240
0,-33,81,240
0,12,81,240
240,32,81,240
0,-12,81,240
0,-8,62,240
0,-12,62,240
240,21,81,240
0,12,81,240
0,-29,61,240
0,5,61,240
240,5,89,240
0,12,89,240
0,-39,81,240
0,12,81,240
240,17,74,120
0,-5,57,240
0,-12,57,240
120,18,70,120
120,4,74,80
0,-19,57,240
0,3,57,240
80,14,74,80
80,-2,71,70
80,0,89,720
0,-32,80,240
0,12,80,240
240,28,85,240
0,3,85,240
0,-19,58,480
0,-12,58,480
240,29,85,240
0,3,85,240
0,-27,58,240
0,3,58,240
240,11,84,240
0,7,84,240
0,3,84,240
0,2,84,240
0,-29,76,240
0,-3,76,240
0,8,76,240
0,4,76,240
240,7,68,120
0,-12,64,120
120,13,66,120
0,-12,61,120
120,15,68,100
0,-12,64,100
80,10,68,100
0,-12,64,100
80,11,66,70
0,-12,61,70
80,0,59,240
0,-19,57,240
15,24,59,225
15,3,59,210
0,-15,57,210
15,19,59,195
195,22,73,240
0,-12,73,240
0,-12,71,240
0,-12,71,240
240,34,73,240
0,-12,73,240
0,-24,72,240
0,12,72,240
240,11,68,240
0,-31,74,240
15,36,69,225
0,-29,74,225
15,33,72,210
0,-24,74,210
15,27,77,195
195,-20,68,120
0,-12,62,120
120,13,66,120
0,-12,59,120
120,15,69,100
0,-12,62,100
80,10,69,100
0,-12,62,100
80,11,67,70
0,-12,58,70
80,0,60,240
0,-19,54,240
15,24,60,225
15,3,60,210
0,-15,54,210
15,19,60,195
195,19,74,240
0,-12,74,240
0,-12,69,240
0,-12,69,240
240,22,74,240
0,12,74,240
0,-36,69,240
0,12,69,240
240,11,69,240
0,-28,75,240
15,31,70,225
0,-24,75,225
15,29,74,210
0,-20,75,210
15,24,76,195
195,-17,65,120
0,-12,61,120
120,13,60,120
0,-12,58,120
120,15,65,100
0,-12,61,100
80,10,65,100
0,-12,61,100
80,11,61,70
0,-12,57,70
80,0,56,240
0,-19,55,240
15,24,56,225
15,3,56,210
0,-15,55,210
15,19,56,195
195,22,78,240
0,-12,78,240
0,-12,74,240
0,-12,74,240
240,22,78,240
0,12,78,240
0,-36,73,240
0,12,73,240
240,11,74,240
0,-31,75,240
15,36,75,225
0,-29,75,225
15,33,77,210
0,-24,74,210
15,27,80,195
195,-20,70,120
0,-12,67,120
120,13,67,120
0,-12,63,120
120,15,70,100
0,-12,67,100
80,10,70,100
0,-12,67,100
80,11,68,70
0,-12,62,70
80,0,62,240
0,-19,60,240
15,24,62,225
15,3,62,210
0,-15,60,210
15,19,62,195
195,19,77,240
0,-12,77,240
0,-12,74,240
0,-12,74,240
240,22,77,240
0,12,77,240
0,-36,74,240
0,12,74,240
240,11,73,240
0,-28,75,240
15,31,74,225
0,-24,75,225
15,29,77,210
0,-20,74,210
15,24,81,195
195,-17,67,120
0,-12,63,120
120,13,64,120
0,-12,60,120
120,15,67,100
0,-12,63,100
80,10,67,100
0,-12,63,100
80,11,64,70
0,-12,60,70
80,12,80,240
0,-12,74,240
240,32,77,240
0,-12,77,240
0,-12,71,240
240,11,78,240
0,12,78,240
0,-24,73,240
240,9,74,240
0,-28,76,240
15,31,75,225
0,-24,76,225
15,29,78,210
0,-20,76,210
15,24,83,195
195,-22,70,120
0,-12,67,120
120,13,66,120
0,-12,64,120
120,15,70,100
0,-12,67,100
80,10,70,100
0,-12,67,100
80,11,66,70
0,-12,64,70
80,12,80,240
0,-24,74,240
0,12,74,240
240,22,78,240
0,-12,73,240
240,11,75,240
0,-12,70,240
240,12,65,240
0,-28,69,240
15,31,67,225
0,-24,69,225
15,29,71,210
0,-20,69,210
15,24,71,195
195,-17,70,120
0,-12,66,120
120,13,67,120
0,-12,63,120
120,15,70,100
0,-12,66,100
80,10,70,100
0,-12,66,100
80,11,66,70
0,-12,63,70
80,12,80,240
0,-12,74,240
240,32,77,240
0,-12,77,240
0,-12,74,240
240,11,77,240
0,12,77,240
0,-24,71,240
240,9,65,240
0,-28,68,240
15,31,66,225
0,-24,68,225
15,29,70,210
0,-20,68,210
15,24,76,195
195,-22,69,120
0,-12,66,120
120,13,67,120
0,-12,64,120
120,15,69,100
0,-12,66,100
80,10,69,100
0,-12,66,100
80,11,66,70
0,-12,63,70
80,12,78,240
0,-24,75,240
0,12,75,240
240,22,77,240
0,-12,69,240
240,11,74,240
0,-12,71,240
240,12,62,240
0,-28,59,240
15,31,63,225
0,-24,59,225
15,29,65,210
0,-20,59,210
15,24,69,195
195,-22,64,120
0,-12,61,120
120,13,59,120
0,-12,57,120
120,15,64,100
0,-12,61,100
80,10,64,100
0,-12,61,100
80,11,60,70
0,-12,57,70
80,12,72,240
0,-24,69,240
0,12,69,240
240,22,71,240
0,-12,67,240
240,11,69,240
0,-12,65,240
240,12,58,240
0,-28,62,240
15,31,59,225
0,-24,62,225
15,29,61,210
0,-20,62,210
15,24,63,195
195,-22,59,120
0,-12,56,120
120,13,56,120
0,-12,53,120
120,15,59,100
0,-12,57,100
80,10,59,100
0,-12,57,100
80,11,55,70
0,-12,54,70
80,12,67,240
0,-24,65,240
0,12,65,240
240,22,67,240
0,-12,60,240
240,11,64,240
0,-12,60,240
240,12,54,240
0,-28,56,240
15,31,54,225
0,-24,56,225
15,29,56,210
0,-24,56,210
15,28,58,195
195,-34,53,150
0,-12,48,150
120,13,51,150
0,-12,44,150
120,15,53,100
0,-12,48,100
80,10,53,100
0,-12,48,100
80,11,49,70
0,-12,45,70
80,12,59,240
0,-12,55,240
240,22,56,120
0,-12,55,120
240,11,58,120
0,-12,53,120
240,8,62,240
0,-12,56,240
240,6,46,150
0,-12,43,150
120,13,43,150
0,-12,40,150
120,15,46,100
0,-12,43,100
80,10,46,100
0,-12,43,100
80,11,42,70
0,-12,40,70
80,12,51,240
0,-12,46,240
240,22,52,120
0,-12,49,120
240,11,52,120
0,-12,49,120
240,8,56,240
0,-12,52,240
1680,6,47,150
0,-12,44,150
120,13,44,150
0,-12,41,150
120,15,47,100
0,-12,44,100
80,10,47,100
0,-12,44,100
80,11,44,70
0,-12,41,70
80,12,55,120
0,-12,52,120
240,22,52,120
0,-12,49,120
240,11,49,120
0,-12,46,120
240,8,55,240
0,-12,52,240
960,5,46,240
0,-12,43,240
240,11,45,240
0,-12,43,240
240,8,46,720
0,-12,43,720
1920,28,29,80
0,-12,27,80
80,13,31,80
0,-12,28,80
80,15,33,80
0,-12,29,80
80,16,37,120
0,-12,33,120
480,4,29,80
0,-12,26,80
80,13,31,80
0,-12,27,80
80,15,32,80
0,-12,29,80
80,16,43,1440
0,-12,38,1440
1440,5,100,120
0,-24,95,120
0,12,95,120
720,48,92,1440
0,-4,92,1440
0,-8,78,1440
0,-24,72,1440
0,2,72,1440
0,3,85,1440
0,3,85,1440
0,4,85,1440
1440,5,51,360
0,9,61,360
0,3,61,360
0,-29,47,360
0,2,47,360
0,3,56,360
0,3,56,360
0,4,56,360
360,7,57,120
0,7,68,120
0,5,68,120
0,-31,51,120
0,2,51,120
0,3,61,120
0,3,61,120
0,4,61,120
120,8,60,240
0,6,71,240
0,6,71,240
0,-32,56,240
0,2,56,240
0,3,66,240
0,3,66,240
0,4,66,240
240,7,57,240
0,8,68,240
0,4,68,240
0,-31,52,240
0,3,52,240
0,4,62,240
0,5,62,240
480,-13,27,80
0,-12,27,80
80,13,29,80
0,-12,28,80
80,15,30,80
0,-12,30,80
80,16,35,120
0,-12,33,120
480,4,27,80
0,-12,26,80
80,13,29,80
0,-12,28,80
80,15,30,80
0,-12,30,80
80,16,39,1440
0,-12,37,1440
1440,3,100,120
0,-24,95,120
0,12,95,120
660,12,75,1500
30,9,89,1470
30,27,90,1440
0,-3,90,1440
0,-9,76,1440
0,-7,89,1440
1440,2,51,360
0,9,60,360
0,3,60,360
0,-31,49,360
0,7,58,360
0,3,58,360
0,2,58,360
360,9,55,120
0,7,65,120
0,5,65,120
0,-33,53,120
0,7,63,120
0,3,63,120
0,2,63,120
120,10,59,240
0,6,70,240
0,6,70,240
0,-34,57,240
0,7,68,240
0,3,68,240
0,2,68,240
240,9,56,240
0,8,67,240
0,4,67,240
0,-21,65,240
0,-7,55,240
0,4,65,240
720,4,81,480
0,8,81,480
0,-12,77,480
0,-5,77,480
0,-7,65,480
720,4,81,480
0,8,81,480
0,-24,65,480
0,7,77,480
0,5,77,480
720,-24,79,1680
0,12,94,1680
1680,-11,82,180
0,12,97,180
2400,15,27,80
0,-12,27,80
80,13,29,80
0,-12,28,80
80,15,30,80
0,-12,29,80
80,16,34,120
0,-12,33,120
480,4,29,80
0,-12,27,80
80,13,30,80
0,-12,28,80
80,15,31,80
0,-12,29,80
80,16,39,1440
0,-12,37,1440
1440,5,100,120
0,-12,95,120
0,-12,95,120
720,48,78,1080
0,8,92,1080
0,4,92,1080
0,-31,85,1080
0,-5,72,1080
0,2,72,1080
0,10,85,1080
0,-4,85,1080
1080,21,58,120
0,-3,58,120
0,-9,49,120
0,-17,47,120
0,2,47,120
0,3,56,120
0,3,56,120
0,4,56,120
120,17,58,240
0,-3,58,240
0,-9,49,240
0,-17,47,240
0,2,47,240
0,3,56,240
0,3,56,240
0,4,56,240
240,5,51,360
0,9,61,360
0,3,61,360
0,-24,56,360
0,-5,47,360
0,2,47,360
0,6,56,360
0,4,56,360
360,14,68,120
0,5,68,120
0,-12,57,120
0,-17,51,120
0,3,61,120
0,-5,51,120
0,8,61,120
0,4,61,120
120,14,71,240
0,-6,60,240
0,12,71,240
0,-27,66,240
0,3,66,240
0,-8,56,240
0,2,56,240
0,10,66,240
240,15,68,240
0,-8,57,240
0,12,68,240
0,-24,62,240
0,-7,52,240
0,3,62,240
0,9,62,240
480,-13,29,80
0,-12,27,80
80,13,30,80
0,-12,29,80
80,15,32,80
0,-12,30,80
80,16,37,120
0,-12,34,120
480,4,29,80
0,-12,24,80
80,13,30,80
0,-12,26,80
80,15,32,80
0,-12,27,80
80,16,39,1440
0,-12,37,1440
1440,-5,100,120
0,-24,95,120
0,12,95,120
720,48,76,1440
0,8,90,1440
0,4,90,1440
0,-28,89,1440
0,4,89,1440
0,-7,75,1440
0,-5,75,1440
1440,31,60,360
0,-3,60,360
0,-9,51,360
0,-19,49,360
0,10,58,360
0,-6,58,360
0,8,58,360
360,8,55,120
0,8,65,120
0,4,65,120
0,-28,63,120
0,-4,53,120
0,12,63,120
0,-2,63,120
120,12,59,240
0,6,70,240
0,6,70,240
0,-24,68,240
0,-10,57,240
0,4,68,240
0,8,68,240
240,20,67,240
0,-3,67,240
0,-9,56,240
0,-8,65,240
0,-7,55,240
0,3,65,240
720,4,81,480
0,8,81,480
0,-12,68,480
0,9,81,480
0,-24,65,480
0,12,77,480
0,-5,77,480
720,0,81,480
0,8,81,480
0,-12,68,480
0,9,81,480
0,-12,77,480
0,-5,77,480
0,-7,65,480
720,-13,79,1440
0,12,94,1440
1440,1,94,720
0,-12,94,720
720,9,50,90
0,-12,45,90
80,13,51,90
0,-12,45,90
80,14,51,90
0,-12,45,90
80,10,52,80
0,-12,46,90
80,14,53,90
0,-12,47,80
80,10,55,90
0,-12,49,90
77,14,56,90
3,-12,50,90
80,10,56,90
0,-12,51,90
80,14,57,90
0,-12,51,90
80,10,58,70
0,-12,52,70
60,14,59,70
0,-12,53,70
60,10,60,70
0,-12,53,70
60,14,61,70
0,-12,54,70
57,10,62,60
3,-12,55,70
60,14,62,70
0,-12,55,70
60,10,62,70
0,-12,56,70
60,14,63,70
0,-12,56,70
60,10,64,90
0,-12,59,90
80,11,73,90
0,-12,73,90
80,13,73,90
0,-12,73,90
80,74,97,960
0,-76,74,120
0,12,88,120
480,7,45,240
0,12,45,240
240,5,53,240
0,-8,53,240
240,46,68,120
120,-2,62,120
120,-5,65,120
0,-48,42,240
0,12,42,240
120,33,60,120
120,-2,62,120
0,-34,47,240
0,8,47,240
120,24,57,120
120,-5,58,120
120,-3,52,120
120,-2,55,120
120,-2,51,120
120,-5,52,240
720,4,55,120
0,-40,52,120
0,12,52,120
120,29,52,120
120,2,50,120
120,2,47,120
120,1,45,120
113,2,42,120
127,1,40,120
0,-15,38,240
0,-11,38,240
0,5,38,240
240,-4,35,240
0,4,35,240
0,6,35,240
240,0,31,120
0,-10,31,120
0,4,31,120
240,21,50,120
120,-1,49,120
120,-1,47,120
120,-1,46,120
120,-1,44,120
120,-1,42,120
120,-1,41,120
0,-18,35,240
0,3,35,240
0,6,35,240
240,0,32,240
0,-6,32,240
0,-4,32,240
240,10,28,120
0,-6,28,120
0,-4,28,120
240,45,97,960
0,-76,74,120
0,12,88,120
480,7,45,240
0,12,45,240
240,5,53,240
0,-8,53,240
240,46,68,120
120,-2,61,120
120,-5,65,120
0,-48,42,240
0,12,42,240
120,33,59,120
120,-2,62,120
0,-34,47,240
0,8,47,240
120,24,57,120
120,-5,58,120
120,-3,57,120
120,-2,55,120
120,-2,51,120
120,-5,52,240
720,4,42,120
0,-28,25,720
0,7,25,720
0,3,25,720
120,19,41,120
120,2,41,120
120,2,40,120
120,1,39,120
113,2,38,120
127,1,37,120
0,-21,32,120
120,1,32,120
120,2,32,120
120,2,32,120
120,1,32,120
120,2,32,120
120,13,42,120
0,-12,32,120
120,11,41,120
120,-1,40,120
120,-1,39,120
120,-1,37,120
120,-1,36,120
120,-1,35,240
0,-18,30,120
120,-1,29,120
120,-1,28,120
120,-1,27,120
120,-1,26,120
120,-2,25,120
120,20,40,1440
0,6,59,960
0,-28,27,120
120,7,28,120
120,5,30,120
120,4,34,120
120,-4,31,120
120,-5,30,120
120,-7,29,120
120,10,28,120
120,16,53,360
0,-14,30,120
120,4,31,120
120,-4,30,120
120,12,52,110
0,-14,29,120
120,12,38,720
0,2,56,720
0,-19,28,120
120,5,28,120
120,2,31,120
120,5,34,120
120,-5,31,120
120,-2,29,120
120,11,56,720
0,8,56,1200
0,-29,29,120
120,9,28,120
120,3,30,120
120,5,33,120
120,-5,31,120
120,-3,30,120
120,13,50,1440
0,-15,28,120
120,3,28,120
120,2,30,120
120,7,33,120
120,9,52,230
0,-16,31,120
120,-2,29,120
120,18,51,240
0,-28,29,120
120,10,28,120
120,16,50,240
0,-14,30,120
120,4,31,120
120,8,49,240
0,-12,30,120
120,-2,29,120
120,11,44,720
0,3,44,720
0,9,56,720
0,-28,29,120
120,4,30,120
120,3,34,120
120,5,35,120
120,-5,34,120
120,-3,33,120
120,10,44,480
0,5,44,720
0,9,62,480
0,-30,35,120
120,6,36,120
120,3,39,120
120,7,37,120
120,14,64,240
0,-21,34,120
120,-3,31,120
60,9,44,60
60,6,45,1440
0,9,68,480
0,-31,36,120
120,7,38,120
120,3,41,120
120,6,45,120
120,8,57,240
0,-14,42,120
120,-3,39,120
120,17,57,240
0,-20,36,120
120,6,38,120
120,16,51,60
0,-14,41,120
60,16,51,60
60,-2,56,240
0,-7,46,120
120,-7,42,120
120,12,56,110
0,-14,39,120
120,12,49,720
0,2,59,720
0,-19,37,120
120,5,38,120
120,2,42,120
120,5,45,120
120,-5,41,120
120,-2,38,120
120,11,53,720
0,8,64,960
0,-29,36,120
120,9,37,120
120,3,40,120
120,5,44,120
120,-5,41,120
120,-3,39,120
120,13,55,1440
0,-15,36,120
120,3,37,120
120,18,60,240
0,-16,40,120
120,7,42,120
120,7,59,240
0,-14,41,120
120,-2,39,120
120,18,60,240
0,-28,37,120
120,10,36,120
120,16,59,360
0,-14,38,120
120,4,40,120
120,-4,40,120
120,12,56,120
0,-14,37,120
120,11,56,1440
0,12,56,720
0,-28,50,120
120,4,40,120
120,3,44,120
120,5,45,120
120,-5,44,120
120,-3,42,120
120,24,64,480
0,-29,39,720
120,1,41,120
120,4,45,120
120,3,49,120
120,21,63,230
0,-24,47,120
120,-4,41,120
120,28,68,960
0,-30,38,720
120,2,36,120
120,4,39,120
120,3,42,120
120,-3,41,120
120,-4,38,120
120,-2,47,720
120,2,41,120
120,26,63,360
0,-22,41,120
120,3,41,120
120,-3,38,120
120,20,63,110
0,-24,35,120
120,24,63,720
0,-27,34,720
120,3,33,120
120,5,36,120
120,4,39,120
120,-4,37,120
120,-5,35,120
120,29,75,720
0,-32,36,120
120,3,38,120
120,5,41,120
120,7,42,120
120,-7,40,120
120,-5,37,120
120,29,82,480
0,-34,35,120
120,5,38,120
120,4,41,120
120,6,41,120
120,18,78,230
0,-24,39,120
120,-4,36,120
120,28,75,240
0,-33,34,120
120,5,34,120
120,26,71,360
0,-22,37,120
120,6,39,120
120,-6,36,120
120,20,63,120
0,-24,31,120
120,33,80,720
0,-39,31,120
120,6,31,120
120,3,35,120
120,6,37,120
120,-6,36,120
120,-3,34,120
120,33,77,480
0,-39,34,120
120,6,30,120
120,2,35,120
120,7,37,120
120,24,81,230
0,-31,36,120
120,-2,34,120
120,33,85,720
0,-38,34,120
120,3,35,120
120,4,38,120
120,5,39,120
120,-5,38,120
120,-4,36,120
120,33,72,240
0,-45,34,120
120,12,31,120
120,31,71,240
0,-27,36,120
120,5,38,120
120,19,70,240
0,-24,36,120
120,-4,34,120
120,30,75,720
0,-40,35,120
120,9,36,120
120,3,37,120
120,5,39,120
120,-5,37,120
120,-3,35,120
120,29,71,240
0,-38,33,120
120,9,34,120
120,27,68,240
0,-24,35,120
120,5,38,120
120,16,63,240
0,-21,37,120
120,-3,36,120
120,29,69,240
0,-38,39,120
120,10,34,120
120,26,64,240
0,-24,36,120
120,4,36,120
120,18,61,230
0,-22,35,120
120,-2,34,120
120,24,55,60
0,-34,31,120
60,36,55,60
60,-2,63,120
0,-24,31,120
120,23,58,360
0,-21,35,120
120,4,37,120
120,-4,35,120
120,20,59,110
0,-22,33,120
120,22,59,720
0,-27,33,120
120,7,33,120
120,5,36,120
120,4,37,120
120,-4,36,120
120,-3,35,120
120,19,63,480
0,-21,36,240
120,5,36,120
120,4,39,120
120,3,40,120
120,12,57,240
0,-15,39,120
120,-4,38,120
120,7,57,480
0,-14,38,720
60,26,57,660
60,-24,42,120
120,4,42,120
120,3,42,120
120,9,63,480
0,-12,42,120
120,-4,42,120
120,28,63,240
0,-30,41,720
120,2,45,120
120,14,63,360
0,12,63,360
0,-22,45,120
120,3,45,120
120,-3,41,120
120,8,63,110
0,12,63,110
0,-24,38,120
120,12,63,720
0,12,63,1440
0,-27,37,720
120,3,36,120
120,5,39,120
120,4,42,120
120,-4,40,120
120,-5,38,120
120,17,75,720
0,12,75,720
0,-32,39,120
120,3,41,120
120,5,45,120
120,7,46,120
120,-7,44,120
120,-5,40,120
120,22,60,480
0,2,60,480
0,-7,75,360
0,12,75,360
0,-34,39,120
120,5,41,120
120,4,45,120
120,15,71,120
0,9,71,120
0,-18,45,120
120,14,60,240
0,-2,60,240
0,-6,78,240
0,12,78,240
0,-24,42,120
120,-4,39,120
120,24,60,360
0,-2,60,360
0,-6,75,360
0,12,75,360
0,-33,38,120
120,5,37,120
120,4,40,120
120,10,71,120
0,12,71,120
0,-16,42,120
120,12,60,240
0,-10,63,240
0,12,63,240
0,-20,39,120
120,-4,34,120
120,24,80,720
0,-3,68,720
0,12,80,720
0,-39,35,120
120,6,37,120
120,3,41,120
120,6,44,120
120,-6,42,120
120,-3,40,120
120,21,65,480
0,3,77,480
0,9,77,480
0,-39,35,120
120,6,36,120
120,2,41,120
120,7,44,120
120,12,66,240
0,3,78,240
0,9,78,240
0,-31,42,120
120,-2,40,120
120,21,69,720
0,3,82,720
0,9,82,720
0,-38,37,120
120,3,38,120
120,4,41,120
120,5,42,120
120,-5,41,120
120,-4,39,120
120,24,67,240
0,-3,56,240
0,12,67,240
0,-45,37,120
120,12,34,120
120,19,55,360
0,5,65,360
0,7,65,360
0,-27,39,120
120,5,41,120
120,-5,39,120
120,12,54,120
0,8,64,120
0,4,64,120
0,-28,37,120
120,18,52,720
0,8,62,720
0,4,62,720
0,-40,37,120
120,9,39,120
120,3,40,120
120,5,42,120
120,-5,40,120
120,-3,38,120
120,17,54,240
0,8,64,240
0,4,64,240
0,-38,35,120
120,9,35,120
120,15,57,240
0,9,68,240
0,3,68,240
0,-24,37,120
120,5,39,120
120,9,61,240
0,7,72,240
0,5,72,240
0,-26,37,120
120,-3,35,120
120,24,77,480
0,-6,65,480
0,12,77,480
0,-39,38,120
120,9,37,120
120,3,39,120
120,6,41,120
120,15,75,240
0,-7,63,240
0,12,75,240
0,-26,39,120
120,-3,36,120
120,18,66,1200
0,6,78,1200
0,6,78,1200
0,-39,40,120
120,9,39,120
120,3,43,120
120,6,48,120
120,-6,45,120
120,-3,41,120
120,-9,40,120
120,9,40,120
120,3,43,120
120,6,45,120
120,8,64,240
0,7,76,240
0,5,76,240
0,-26,42,120
120,-3,36,120
120,18,68,240
0,6,81,240
0,6,81,240
0,-39,52,120
120,9,40,120
120,17,66,240
0,7,78,240
0,5,78,240
0,-26,43,120
120,6,47,120
120,9,66,240
0,6,78,240
0,6,78,240
0,-27,44,120
120,-3,40,120
120,18,68,480
0,7,81,480
0,5,81,480
0,-39,54,120
120,7,43,120
120,3,47,120
120,9,50,120
120,7,69,240
0,8,82,240
0,4,82,240
0,-28,46,120
120,-3,43,120
120,22,74,1200
0,6,88,1200
0,6,88,1200
0,-41,56,120
120,8,47,120
120,3,49,120
120,9,51,120
120,-9,49,120
120,-3,47,120
120,-8,57,120
120,8,48,120
120,3,51,120
120,9,53,120
120,8,69,240
0,7,82,240
0,5,82,240
0,-29,51,120
120,-3,49,120
120,21,73,240
0,6,86,240
0,6,86,240
0,-41,61,120
120,8,51,120
120,20,68,240
0,7,81,240
0,5,81,240
0,-29,54,120
120,9,56,120
120,9,72,240
0,6,85,240
0,6,85,240
0,-30,54,120
120,-3,51,120
120,21,74,480
0,7,88,480
0,5,88,480
0,-41,64,120
120,9,54,120
120,3,56,120
120,9,59,120
120,7,77,240
0,8,91,240
0,4,91,240
0,-28,55,120
120,-3,52,120
120,28,90,480
0,-6,76,480
0,12,90,480
0,-43,67,120
120,7,55,120
120,3,57,120
120,6,60,120
120,27,88,240
0,-6,88,240
0,-6,74,240
0,-21,58,120
120,-3,55,120
120,36,92,480
0,-7,92,480
0,-5,78,480
0,-31,68,120
120,3,57,120
120,6,59,120
120,6,60,120
120,27,88,240
0,-6,88,240
0,-6,74,240
0,-21,59,120
120,-6,57,120
120,42,99,480
0,-6,99,480
0,-6,84,480
0,-33,68,120
120,9,56,120
120,3,60,120
120,6,62,120
120,27,95,240
0,-6,95,240
0,-6,80,240
0,-21,60,120
120,-3,57,120
120,36,96,480
0,-7,96,480
0,-5,81,480
0,-33,70,120
120,5,59,120
120,6,62,120
120,6,65,120
120,27,96,240
0,-6,96,240
0,-6,81,240
0,-21,62,120
120,-6,59,120
120,42,101,480
0,-6,101,480
0,-6,85,480
0,-35,72,120
120,8,59,120
120,6,64,120
120,6,66,120
120,27,98,240
0,-6,98,240
0,-6,83,240
0,-21,62,120
120,-6,59,120
120,39,98,480
0,-7,98,480
0,-5,83,480
0,-35,72,120
120,7,58,120
120,3,63,120
120,9,68,120
120,29,94,240
0,-8,94,240
0,-4,79,240
0,-26,65,120
120,-3,62,120
120,42,110,480
0,-9,110,480
0,-3,93,480
0,-37,72,120
120,7,60,120
120,3,64,120
120,6,69,120
120,24,94,240
0,-6,94,240
0,-6,79,240
0,-18,65,120
120,-3,63,120
120,34,109,180
0,-8,109,180
0,-4,92,180
0,-36,78,180
484,7,68,120
116,7,68,120
120,14,97,120
0,-4,83,240
120,12,75,120
120,7,79,120
120,-3,83,120
120,8,87,120
120,9,91,120
120,-10,96,240
0,8,96,240
0,-60,87,120
480,12,68,120
120,7,74,120
120,15,97,120
0,-6,84,240
120,12,75,120
120,8,80,120
120,-2,84,120
120,6,88,120
120,8,93,120
120,-7,97,240
0,4,97,240
0,-52,87,120
480,7,70,120
120,9,75,120
120,12,97,120
0,-4,83,240
120,12,75,120
120,7,79,120
120,-3,83,120
120,8,87,120
120,9,91,120
120,-10,96,240
0,8,96,240
0,-60,87,120
480,12,68,120
120,7,74,120
120,15,97,120
0,-6,84,240
120,12,75,120
120,8,80,120
120,-2,84,120
120,6,88,120
120,8,93,60
60,-7,100,60
60,12,113,240
0,-64,97,120
0,12,97,120
240,50,111,120
0,-56,82,240
0,12,82,240
120,42,103,120
120,-5,107,120
0,-48,90,240
0,12,90,240
120,33,98,120
120,-2,102,120
0,-43,90,720
0,12,90,720
120,29,94,120
120,-5,98,120
120,-3,91,120
120,-2,94,120
120,-2,85,120
120,-5,90,120
120,-3,82,120
120,-2,85,120
0,-20,77,240
120,18,77,120
120,-5,81,240
0,-12,77,240
240,13,93,480
0,12,93,480
0,-32,81,480
0,8,81,480
480,11,87,180
0,12,87,180
0,-24,75,240
0,-7,75,240
180,52,100,60
60,12,113,240
0,-64,97,120
0,12,97,120
240,50,111,120
0,-56,82,240
0,12,82,240
120,42,103,120
120,-5,107,120
0,-48,90,240
0,12,90,240
120,33,98,120
120,-2,102,120
0,-43,90,720
0,12,90,720
120,29,96,120
120,-5,98,120
120,-3,91,120
120,-2,94,120
120,-2,87,120
120,-5,90,120
120,-3,82,120
120,-2,85,120
0,-20,77,240
120,18,78,120
120,-5,81,240
0,-12,77,240
240,13,93,480
0,12,93,480
0,-32,81,480
0,8,81,480
480,11,87,240
0,12,87,240
0,-24,75,240
0,-7,75,240
240,20,87,180
0,12,87,180
0,-32,87,180
0,8,87,180
240,12,43,120
120,4,45,120
120,4,46,120
0,-28,38,240
0,12,38,240
120,20,48,120
120,8,54,240
0,4,54,240
0,-36,42,240
0,12,42,240
240,0,43,120
120,4,44,120
120,4,45,120
0,-28,39,240
0,12,39,240
120,20,46,120
120,8,54,240
0,4,54,240
0,-36,43,240
0,12,43,240
240,0,46,120
120,5,46,120
120,3,47,120
0,-27,39,240
0,12,39,240
120,19,47,120
120,8,54,240
0,4,54,240
0,-36,43,240
0,12,43,240
240,0,45,120
120,5,46,120
120,4,47,120
0,-28,40,240
0,12,40,240
120,19,49,120
120,9,55,240
0,3,55,240
0,-36,44,240
0,12,44,240
240,1,46,120
120,4,47,120
120,4,48,120
0,-28,42,240
0,12,42,240
120,20,49,120
120,8,57,240
0,4,57,240
0,-36,48,240
0,12,48,240
240,0,47,120
120,4,48,120
120,5,49,120
0,-29,44,240
0,12,44,240
120,20,51,120
120,9,57,240
0,3,57,240
0,-36,48,240
0,12,48,240
240,1,47,120
120,6,48,120
120,3,50,120
0,-31,46,240
0,12,46,240
120,22,51,120
120,9,60,240
0,3,60,240
0,-34,51,240
0,12,51,240
240,11,56,120
120,5,60,120
120,4,63,120
0,-45,54,240
0,12,54,240
120,36,67,360
120,12,77,240
0,-3,77,240
0,-4,77,240
0,-20,65,240
0,-4,65,240
0,-5,65,240
0,-3,65,240
480,7,63,80
0,-12,58,80
80,13,64,80
0,-12,60,80
80,16,66,80
0,-12,61,80
80,15,68,240
0,-12,63,240
480,3,62,80
0,-12,58,80
80,13,63,80
0,-12,60,80
80,17,65,80
0,-12,62,80
80,15,67,240
0,-12,64,240
480,1,62,80
0,-12,57,80
80,13,64,80
0,-12,58,80
80,19,66,80
0,-12,61,80
80,15,68,240
0,-12,63,240
720,0,86,240
0,-24,81,240
0,12,81,240
720,48,90,960
0,-3,90,960
0,-9,90,960
0,-14,85,960
0,6,85,960
0,5,85,960
960,3,77,240
0,7,77,240
0,5,77,240
0,-26,65,240
0,6,65,240
0,3,65,240
240,5,77,240
0,9,77,240
0,3,77,240
0,-26,65,240
0,6,65,240
0,5,65,240
240,3,75,240
0,7,75,240
0,5,75,240
0,-26,63,240
0,6,63,240
0,3,63,240
240,5,80,240
0,9,80,240
0,3,80,240
0,-26,67,240
0,6,67,240
0,5,67,240
240,3,79,240
0,12,79,240
0,-5,79,240
0,-12,66,240
0,-3,66,240
0,-6,66,240
240,26,90,180
0,-3,90,180
0,-4,90,180
0,-5,90,180
0,-15,76,180
0,3,76,180
0,5,76,180
0,4,76,180
480,-17,63,80
0,-12,58,80
80,13,64,80
0,-12,60,80
80,16,66,80
0,-12,61,80
80,15,68,240
0,-12,63,240
480,3,62,80
0,-12,58,80
80,13,63,80
0,-12,60,80
80,17,65,80
0,-12,62,80
80,15,67,240
0,-12,64,240
480,1,62,80
0,-12,57,80
80,13,64,80
0,-12,58,80
80,19,66,80
0,-12,61,80
80,15,68,240
0,-12,63,240
720,0,86,240
0,-24,81,240
0,12,81,240
720,48,90,960
0,-3,90,960
0,-9,90,960
0,-14,85,960
0,6,85,960
0,5,85,960
960,3,74,240
0,7,74,240
0,5,74,240
0,-26,70,240
0,6,70,240
0,3,70,240
240,5,71,240
0,9,71,240
0,3,71,240
0,-26,68,240
0,6,68,240
0,5,68,240
240,3,68,240
0,7,68,240
0,5,68,240
0,-26,66,240
0,6,66,240
0,3,66,240
240,5,66,240
0,9,66,240
0,3,66,240
0,-26,64,240
0,6,64,240
0,5,64,240
240,3,63,240
0,12,63,240
0,-5,63,240
0,-12,61,240
0,-3,61,240
0,-6,61,240
240,23,59,480
0,3,59,720
0,-12,59,720
0,-3,59,480
0,-11,59,720
0,6,59,720
480,15,59,240
0,-12,56,240
240,14,58,480
0,4,58,720
0,-12,58,720
0,-4,55,480
0,-11,55,720
0,6,55,720
480,15,58,240
0,-12,58,240
240,14,60,480
0,-8,60,720
0,12,60,720
0,-16,60,480
0,-11,60,720
0,6,60,720
480,15,58,240
0,-12,57,240
240,15,62,480
0,-8,62,720
0,12,62,720
0,-16,61,480
0,-11,61,720
0,6,61,720
480,15,63,240
0,-12,63,240
240,14,64,480
0,-8,64,720
0,12,64,720
0,-16,67,480
0,-11,67,720
0,6,67,720
480,15,70,240
0,-12,69,240
240,15,74,480
0,-8,74,720
0,12,74,720
0,-16,72,480
0,-11,72,720
0,6,72,720
480,15,73,240
0,-12,74,240
240,14,78,480
0,-8,78,720
0,12,78,720
0,-16,75,480
0,-11,75,720
0,6,75,720
480,15,78,240
0,-12,79,240
240,15,84,480
0,4,84,720
0,-12,84,720
0,-4,83,480
0,-12,83,720
0,7,83,720
480,15,86,240
0,-12,86,240
240,23,101,240
0,-64,90,240
0,12,90,240
240,50,100,120
0,-56,74,240
120,54,96,120
120,-5,98,120
0,-48,74,240
120,45,93,120
120,-2,95,120
0,-43,79,240
120,41,89,120
120,-5,92,120
0,-38,62,240
0,12,62,240
120,23,86,120
120,-2,89,120
0,-34,58,240
0,12,58,240
120,20,83,120
120,-5,86,120
0,-27,68,120
0,12,68,120
120,12,81,120
120,-2,83,120
0,-20,59,240
120,18,79,120
120,-5,80,240
0,-12,59,240
240,21,64,720
0,-8,88,480
0,12,88,480
0,-24,73,480
480,11,83,240
0,12,83,240
0,-24,70,240
240,57,100,240
0,-64,90,240
0,12,90,240
240,50,99,120
0,-56,73,240
120,54,92,120
120,-5,96,120
0,-48,75,240
120,45,91,120
120,-2,93,120
0,-43,77,240
120,41,88,120
120,-5,90,120
0,-38,62,240
0,12,62,240
120,23,86,120
120,-2,87,120
0,-34,58,240
0,12,58,240
120,20,81,120
120,-5,84,120
0,-27,68,120
0,12,68,120
120,12,79,120
120,-2,82,120
0,-20,59,240
120,18,76,120
120,-5,79,240
0,-12,59,240
240,21,82,720
0,-8,82,480
0,12,82,480
0,-24,73,480
480,11,77,240
0,12,77,240
0,-24,70,240
240,12,70,240
0,9,70,240
0,3,70,240
0,-31,60,120
0,12,60,120
240,-6,68,240
240,1,68,240
240,13,82,480
0,12,82,480
240,-27,70,240
0,12,70,240
240,2,77,240
0,12,77,240
0,-27,70,240
0,12,70,240
240,3,71,240
0,9,71,240
0,3,71,240
0,-31,63,120
0,12,63,120
240,-6,69,240
240,1,69,240
240,13,83,480
0,12,83,480
240,-27,70,240
0,12,70,240
240,2,77,240
0,12,77,240
0,-27,70,240
0,12,70,240
240,3,74,240
0,9,74,240
0,3,74,240
0,-31,64,120
0,12,64,120
240,-6,69,240
240,1,69,240
240,13,86,480
0,12,86,480
240,-27,70,240
0,12,70,240
240,2,81,240
0,12,81,240
0,-27,70,240
0,12,70,240
240,4,71,180
0,8,71,180
0,4,71,180
0,-32,67,180
0,8,67,180
240,11,73,180
0,9,73,180
0,3,73,180
0,-31,68,180
0,7,68,180
240,13,74,180
0,8,74,180
0,4,74,180
0,-32,70,180
0,8,70,180
240,11,76,180
0,9,76,180
0,3,76,180
0,-31,71,180
0,7,71,180
240,13,77,180
0,8,77,180
0,4,77,180
0,-32,73,180
0,8,73,180
240,11,79,180
0,9,79,180
0,3,79,180
0,-31,74,180
0,7,74,180
240,13,89,180
0,8,89,180
0,4,89,180
0,-33,84,180
0,9,84,180
720,15,85,240
0,4,85,10
0,6,100,240
0,2,100,240
0,-36,85,240
0,7,101,240
0,5,101,240
720,21,85,240
0,3,100,240
0,9,100,240
0,-4,100,240
0,-36,85,240
0,7,101,240
0,5,101,240
720,13,85,240
0,2,85,240
0,4,100,240
0,3,100,240
0,3,100,240
0,2,100,240
0,-36,85,240
0,7,101,240
0,5,101,240
720,9,85,720
0,3,85,720
0,5,100,720
0,4,100,720
0,-28,85,720
0,7,101,720
0,5,101,720
1440,-8,85,720
0,3,85,720
0,5,101,720
0,4,101,720
0,-28,85,720
0,7,100,720
0,5,100,720
1260,0,69,180
30,7,82,150
30,5,73,120
0,7,87,120
0,5,87,120
0,-8,82,120
120,36,123,720
0,-76,100,720