0,70,80,960
960,0,74,120
240,0,70,120
240,0,79,960
960,0,75,120
240,0,69,120
240,0,78,480
480,0,72,120
240,0,67,120
240,0,74,480
480,0,69,120
240,0,66,120
240,0,73,480
480,0,59,120
240,0,59,120
240,0,72,480
0,-24,40,240
480,28,60,260
0,-6,47,360
0,-3,47,360
0,-7,47,360
240,17,49,260
240,-1,57,360
0,3,57,360
0,-9,51,360
0,-3,51,360
0,-7,51,360
480,12,67,240
0,-19,40,240
480,24,64,260
0,-8,46,360
0,-4,46,360
0,-5,46,360
240,19,48,260
240,-2,56,360
0,4,56,360
0,-12,50,360
0,-4,50,360
0,-5,50,360
480,12,72,240
0,-20,44,240
480,27,67,260
0,-9,54,360
0,-3,54,360
0,-7,54,360
240,21,52,260
240,-2,75,360
0,3,75,360
0,-12,59,360
0,-3,59,360
0,-7,59,360
480,24,82,960
0,-3,82,960
0,-6,69,960
0,-22,69,240
480,16,62,240
0,-6,62,240
0,-3,62,240
480,24,68,240
0,-3,68,240
0,-6,57,240
0,-21,70,480
240,30,58,240
0,-3,58,240
0,-6,49,240
240,9,63,480
0,-9,63,960
0,6,63,980
0,-26,36,240
480,31,52,260
0,-19,33,240
0,-9,33,240
240,26,48,260
240,-10,54,240
0,8,54,240
0,-36,37,240
480,36,67,500
0,-9,67,960
0,-25,58,240
480,36,47,260
0,-19,31,360
0,-8,31,360
240,25,44,260
240,-10,54,240
0,9,54,240
0,-16,44,240
0,-8,44,240
480,24,66,500
0,-9,66,960
0,-24,37,240
480,34,59,260
0,-18,38,360
0,-9,38,360
240,26,53,260
240,-11,59,240
0,9,59,240
0,-15,45,240
0,-4,45,240
480,19,64,500
0,-9,64,960
0,-17,28,1440
480,28,60,260
0,-16,35,360
0,-5,35,360
240,19,49,260
240,-2,53,240
0,-8,53,240
0,-4,57,240
0,-5,57,240
480,12,65,240
0,-24,61,240
480,28,49,260
0,-6,32,360
0,-3,32,360
0,-7,32,360
240,17,60,260
240,-1,63,360
0,3,63,360
0,-9,32,360
0,-3,32,360
0,-7,32,360
480,12,69,240
0,-19,43,240
480,24,68,260
0,-8,37,360
0,-4,37,360
0,-5,37,360
240,19,64,260
240,-2,73,360
0,4,73,360
0,-12,48,360
0,-4,48,360
0,-5,48,360
480,12,76,240
0,-20,60,240
480,27,72,260
0,-9,62,360
0,-3,62,360
0,-7,62,360
240,21,62,260
240,-2,75,360
0,3,75,360
0,-12,66,360
0,-3,66,360
0,-7,66,360
480,24,89,720
0,-3,89,720
0,-6,75,720
0,-22,61,240
480,16,42,240
0,-6,42,240
0,-3,42,240
240,21,74,240
0,3,74,240
240,-9,80,480
0,-21,32,480
240,30,73,240
0,-3,73,240
240,-6,64,960
0,-20,43,240
240,29,72,260
240,2,64,260
0,-19,49,240
0,-9,49,240
240,26,58,260
240,-10,54,240
0,8,54,240
0,-36,37,240
480,27,65,960
0,-25,43,240
240,34,69,260
240,2,65,260
0,-19,31,480
0,-8,31,480
240,25,63,260
240,-10,51,240
0,9,51,240
0,-16,41,240
0,-8,41,240
480,15,63,960
0,-24,33,240
240,33,46,260
240,1,58,260
0,-18,40,480
0,-9,40,480
240,26,45,260
240,-11,50,480
0,9,50,480
0,-15,27,480
0,-4,27,960
480,9,59,240
0,8,59,240
0,-24,44,480
0,12,44,480
480,7,57,120
240,0,50,120
240,0,56,120
240,0,58,120
240,0,78,480
0,-24,26,240
480,28,65,260
0,-6,38,360
0,-3,38,360
0,-7,38,360
240,17,57,260
240,-1,66,360
0,3,66,360
0,-9,34,360
0,-3,34,360
0,-7,34,360
480,12,69,240
0,-19,34,240
480,24,66,260
0,-8,46,360
0,-4,46,360
0,-5,46,360
240,19,56,260
240,-2,73,360
0,4,73,360
0,-12,57,360
0,-4,57,360
0,-5,57,360
480,12,77,240
0,-20,71,240
480,27,75,260
0,-9,52,360
0,-3,52,360
0,-7,52,360
240,21,58,260
240,-2,75,360
0,3,75,360
0,-12,56,360
0,-3,56,360
0,-7,56,360
480,24,85,960
0,-3,85,960
0,-6,72,960
0,-22,62,240
480,16,56,240
0,-6,56,240
0,-3,56,240
480,24,69,240
0,-3,69,240
0,-6,58,240
0,-21,37,480
240,30,47,240
0,-3,47,240
0,-6,39,240
240,9,65,500
0,-9,65,960
0,6,65,960
0,-26,40,240
480,31,53,260
0,-19,34,240
0,-9,34,240
240,26,49,260
240,-10,51,240
0,8,51,240
0,-36,38,240
480,36,68,500
0,-9,68,960
0,-25,31,240
480,36,47,260
0,-19,33,480
0,-8,33,480
240,25,46,260
240,-10,53,240
0,9,53,240
0,-16,43,240
0,-8,43,240
480,24,68,500
0,-9,68,960
0,-24,50,240
480,34,51,260
0,-18,37,480
0,-9,37,480
240,26,49,260
240,-11,61,240
0,9,61,240
0,-15,27,240
0,-4,27,240
480,19,74,500
0,-9,74,960
0,-17,33,1440
480,28,69,260
0,-16,36,480
0,-5,36,480
240,19,53,260
240,-2,68,240
0,-8,68,240
0,-4,42,240
0,-5,42,240
480,12,70,240
0,-24,58,240
480,28,68,260
0,-6,47,360
0,-3,47,360
0,-7,47,360
240,17,60,260
240,-1,63,360
0,3,63,360
0,-9,44,360
0,-3,44,360
0,-7,44,360
480,12,72,240
0,-19,49,240
480,24,65,260
0,-8,43,360
0,-4,43,360
0,-5,43,360
240,19,60,260
240,-2,68,360
0,4,68,360
0,-12,64,360
0,-4,64,360
0,-5,64,360
480,12,76,240
0,-20,67,240
480,27,77,260
0,-9,49,360
0,-3,49,360
0,-7,49,360
240,21,70,260
240,-2,77,360
0,3,77,360
0,-12,61,360
0,-3,61,360
0,-7,61,360
480,24,84,720
0,-3,84,720
0,-6,71,720
0,-22,65,240
480,16,48,240
0,-6,48,240
0,-3,48,240
240,21,72,240
0,3,72,240
240,-9,80,480
0,-21,49,480
240,30,65,240
0,-3,65,240
240,-6,67,960
0,-20,44,240
240,29,58,260
240,2,48,260
0,-19,33,240
0,-9,33,240
240,26,60,260
240,-10,54,240
0,8,54,240
0,-36,28,240
480,27,70,960
0,-25,26,240
240,34,69,260
240,2,45,260
0,-19,34,360
0,-8,34,360
240,25,65,260
240,-10,55,240
0,9,55,240
0,-16,38,240
0,-8,38,240
480,15,65,960
0,-24,30,240
240,33,50,260
240,1,44,260
0,-18,36,480
0,-9,36,480
240,26,62,260
240,-11,57,480
0,9,57,480
0,-15,24,480
0,-4,24,480
480,9,48,240
0,8,48,240
0,-24,30,960
480,24,53,120
0,-12,45,480
0,-8,45,480
240,20,64,120
240,0,67,120
0,-24,52,480
0,10,52,480
0,-6,52,480
240,20,69,120
240,0,75,120
0,-31,25,480
240,31,64,120
240,0,75,120
0,-15,33,360
0,-4,33,360
0,-5,33,360
240,24,74,120
240,0,69,120
0,-15,41,360
0,-4,41,360
0,-5,41,360
240,24,69,120
240,2,65,260
0,-33,33,480
240,31,58,260
240,-3,56,260
0,-12,33,360
0,-4,33,360
0,-5,33,360
240,17,49,260
240,-5,49,240
0,-12,37,360
0,5,37,360
0,4,37,360
240,4,51,240
240,1,58,120
0,-21,37,480
240,21,51,120
240,0,55,120
0,-6,26,360
0,-3,26,360
0,-6,26,360
240,15,51,120
240,0,54,120
0,-15,32,360
0,6,32,360
0,3,32,360
240,6,58,120
240,-2,61,260
0,-19,38,480
240,24,53,260
240,4,48,260
0,-12,29,360
0,-4,29,360
0,-5,29,360
240,24,64,260
240,5,61,260
0,-20,48,360
0,-4,48,360
0,-5,48,360
240,25,52,240
240,1,52,120
0,-27,55,480
240,27,44,120
240,0,68,120
0,-12,24,360
0,-6,24,360
0,-3,24,360
240,21,60,120
240,0,53,120
0,-12,36,360
0,-6,36,360
0,-3,36,360
240,21,73,120
240,0,77,180
0,-26,44,480
160,28,55,180
160,-2,55,180
160,-2,65,260
0,-15,32,360
0,3,32,360
0,5,32,360
240,12,57,260
240,4,51,240
0,-24,42,240
0,3,42,240
0,5,42,240
480,21,66,500
0,-38,20,480
480,36,51,260
0,-26,20,360
0,2,20,360
0,4,20,360
240,18,45,260
240,-6,50,240
0,-18,30,240
0,2,30,240
0,4,30,240
480,15,58,500
0,-26,34,480
480,24,43,260
0,-12,23,480
0,-5,23,480
0,-3,23,480
240,15,44,260
240,-3,38,240
0,-12,38,240
0,3,38,240
0,5,38,240
480,7,48,120
0,-31,34,480
240,31,44,120
240,0,65,120
0,-15,31,360
0,-4,31,360
0,-5,31,360
240,24,69,120
240,0,63,120
0,-15,49,360
0,-4,49,360
0,-5,49,360
240,24,71,120
240,2,61,260
0,-33,47,480
240,31,59,260
240,-3,52,260
0,-12,35,360
0,-4,35,360
0,-5,35,360
240,17,52,260
240,-5,47,240
0,-12,52,360
0,5,52,360
0,4,52,360
240,4,55,240
240,1,57,120
0,-21,40,480
240,21,47,120
240,0,59,120
0,-6,35,360
0,-3,35,360
0,-6,35,360
240,15,55,120
240,0,61,120
0,-15,31,360
0,6,31,360
0,3,31,360
240,6,63,120
240,-2,58,260
0,-19,38,480
240,24,54,260
240,4,50,260
0,-12,30,360
0,-4,30,360
0,-5,30,360
240,24,43,260
240,5,52,260
0,-20,36,480
0,-4,36,480
0,-5,36,480
240,25,47,240
240,1,58,120
0,-27,38,480
240,27,50,120
240,0,61,120
0,-12,33,360
0,-6,33,360
0,-3,33,360
240,21,57,120
240,0,65,120
0,-12,36,360
0,-6,36,360
0,-3,36,360
240,21,65,120
240,0,75,180
0,-26,44,480
160,28,55,180
160,-2,55,180
160,-2,66,260
0,-15,29,360
0,3,29,360
0,5,29,360
240,12,64,260
240,4,60,240
0,-24,44,240
0,3,44,240
0,5,44,240
480,21,67,500
0,-38,27,480
480,36,52,260
0,-26,32,360
0,2,32,360
0,4,32,360
240,18,48,260
240,-6,52,240
0,-18,37,240
0,2,37,240
0,4,37,240
480,13,65,960
0,-24,44,1440
480,4,35,480
0,8,35,480
480,4,55,80
0,-7,47,480
0,3,47,480
80,6,49,80
80,-2,65,80
80,2,53,80
80,-2,67,80
80,-1,56,80
80,-1,87,500
0,-12,86,480
0,-12,86,480
480,28,62,260
0,-6,55,360
0,-3,55,360
0,-7,55,360
240,17,62,260
240,-1,67,360
0,3,67,360
0,-9,65,360
0,-3,65,360
0,-7,65,360
480,12,85,240
0,-19,74,480
480,24,73,260
0,-8,57,360
0,-4,57,360
0,-5,57,360
240,19,69,260
240,-2,76,360
0,4,76,360
0,-12,62,360
0,-4,62,360
0,-5,62,360
480,12,87,240
0,-20,65,480
480,27,73,260
0,-9,56,360
0,-3,56,360
0,-7,56,360
240,21,68,260
240,-2,83,360
0,3,83,360
0,-12,69,360
0,-3,69,360
0,-7,69,360
480,24,77,960
0,-3,77,960
0,-6,65,960
0,-22,61,240
480,16,61,240
0,-6,61,240
0,-3,61,240
480,24,75,240
0,-3,75,240
0,-6,63,240
0,-21,38,240
240,30,69,240
0,-3,69,240
0,-6,58,240
240,9,70,500
0,-9,59,960
0,6,70,960
0,-26,38,240
480,31,59,260
0,-19,41,240
0,-9,41,240
240,26,50,260
240,-10,53,240
0,8,53,240
0,-36,36,240
480,36,69,500
0,-9,69,960
0,-25,31,240
480,36,47,260
0,-19,27,480
0,-8,27,480
240,25,46,260
240,-10,52,240
0,9,52,240
0,-16,41,240
0,-8,41,240
480,24,66,500
0,-9,66,960
0,-24,39,240
480,34,53,260
0,-18,26,480
0,-9,26,480
240,26,47,260
240,-11,56,240
0,9,56,240
0,-15,34,240
0,-4,34,240
480,19,64,500
0,-9,64,960
0,-17,23,1440
480,28,52,260
0,-16,33,360
0,-5,33,360
240,19,48,260
240,-2,53,240
0,-8,53,240
0,-4,53,240
0,-5,53,240
480,12,44,240
0,-24,37,240
240,28,46,240
240,1,57,240
0,-7,32,360
0,-3,32,360
0,-7,32,360
240,18,44,240
240,-2,56,360
0,3,56,360
0,-9,35,360
0,-3,35,360
0,-7,35,360
480,12,65,240
0,-19,41,240
240,23,63,240
240,1,57,240
0,-8,45,360
0,-4,45,360
0,-5,45,360
240,19,51,240
240,-2,64,360
0,4,64,360
0,-12,41,360
0,-4,41,360
0,-5,41,360
480,12,68,240
0,-20,52,240
240,26,73,240
240,1,70,240
0,-9,67,360
0,-3,67,360
0,-7,67,360
240,21,64,240
240,-2,80,360
0,3,80,360
0,-12,56,360
0,-3,56,360
0,-7,56,360
480,24,74,720
0,-3,74,720
0,-6,62,720
0,-22,66,240
480,16,54,240
0,-6,54,240
0,-3,54,240
240,21,44,240
0,3,44,240
240,-9,62,480
0,-21,42,480
240,30,52,240
0,-3,52,240
240,-6,48,960
0,-20,20,240
240,29,56,260
240,2,54,260
0,-19,32,240
0,-9,32,240
240,26,51,260
240,-10,56,240
0,8,56,240
0,-36,30,240
480,27,47,960
0,-25,37,240
240,34,51,260
240,2,54,260
0,-19,29,360
0,-8,29,360
240,25,50,260
240,-10,50,240
0,9,50,240
0,-16,34,240
0,-8,34,240
480,15,63,960
0,-24,33,240
240,33,46,260
240,1,59,260
0,-18,33,480
0,-9,33,480
240,26,54,260
240,-11,50,480
0,9,50,480
0,-15,41,480
0,-4,41,960
480,9,45,240
0,8,45,240
0,-12,36,480
0,-12,36,480
480,24,59,120
240,0,52,120
240,0,61,120
0,-24,32,480
0,10,32,480
0,-6,32,480
240,20,57,120
240,0,64,120
0,-31,27,480
240,31,67,120
240,0,70,120
0,-15,27,360
0,-4,27,360
0,-5,27,360
240,24,64,120
240,0,71,120
0,-15,44,360
0,-4,44,360
0,-5,44,360
240,24,67,120
240,2,61,240
0,-33,39,480
240,31,57,240
240,-3,50,240
0,-12,35,360
0,-4,35,360
0,-5,35,360
240,17,56,240
240,-5,51,240
0,-12,33,360
0,5,33,360
0,4,33,360
240,4,55,240
240,1,68,120
0,-21,47,480
240,21,62,120
240,0,62,120
0,-6,29,360
0,-3,29,360
0,-6,29,360
240,15,53,120
240,0,55,120
0,-15,29,360
0,6,29,360
0,3,29,360
240,6,62,120
240,-2,68,240
0,-19,43,480
240,24,55,240
240,4,50,240
0,-12,31,360
0,-4,31,360
0,-5,31,360
240,24,58,240
240,5,59,240
0,-20,38,360
0,-4,38,360
0,-5,38,360
240,25,56,240
240,1,41,120
0,-27,44,480
240,27,63,120
240,0,61,120
0,-12,29,360
0,-6,29,360
0,-3,29,360
240,21,63,120
240,0,58,120
0,-12,40,360
0,-6,40,360
0,-3,40,360
240,21,54,120
240,0,58,160
0,-26,45,480
160,28,52,160
160,-2,52,160
160,-2,55,240
0,-15,31,480
0,3,31,480
0,5,31,480
240,12,68,240
240,4,49,240
0,-24,50,240
0,3,50,240
0,5,50,240
480,21,55,480
0,-38,40,480
480,36,55,240
0,-26,35,360
0,2,35,360
0,4,35,360
240,18,51,240
240,-6,55,240
0,-18,37,240
0,2,37,240
0,4,37,240
480,15,60,480
0,-26,45,1440
480,24,58,240
0,-12,37,360
0,-5,37,360
0,-3,37,360
240,15,50,240
240,-3,38,240
0,-12,45,240
0,3,45,240
0,5,45,240
480,7,48,120
0,-31,27,480
240,31,55,120
240,0,66,120
0,-15,34,360
0,-4,34,360
0,-5,34,360
240,24,73,120
240,0,69,120
0,-15,41,360
0,-4,41,360
0,-5,41,360
240,24,64,120
240,2,53,240
0,-33,33,480
240,31,61,240
240,-3,50,240
0,-12,37,360
0,-4,37,360
0,-5,37,360
240,17,40,240
240,-5,48,240
0,-12,37,360
0,5,37,360
0,4,37,360
240,4,43,240
240,1,43,120
0,-21,35,480
240,21,50,120
240,0,53,120
0,-6,35,360
0,-3,35,360
0,-6,35,360
240,15,56,120
240,0,46,120
0,-15,35,360
0,6,35,360
0,3,35,360
240,6,43,120
240,-2,48,240
0,-19,38,480
240,24,48,240
240,4,45,240
0,-12,28,360
0,-4,28,360
0,-5,28,360
240,24,61,240
240,5,52,240
0,-20,41,360
0,-4,41,360
0,-5,41,360
240,25,45,240
240,1,50,120
0,-27,32,480
240,27,45,120
240,0,60,120
0,-12,25,360
0,-6,25,360
0,-3,25,360
240,21,65,120
240,0,66,120
0,-12,31,360
0,-6,31,360
0,-3,31,360
240,21,51,120
240,0,70,160
0,-26,33,1440
160,28,55,160
160,-2,48,160
160,-2,55,240
0,-15,25,360
0,3,25,360
0,-7,25,360
240,24,51,240
240,4,46,240
0,-24,33,240
0,3,33,240
0,-7,33,240
480,33,55,480
0,-38,44,1440
480,36,42,240
0,-26,25,360
0,2,25,360
0,4,25,360
240,18,39,240
240,-6,47,240
0,-18,25,240
0,2,25,240
0,4,25,240
480,13,57,960
0,-36,17,480
480,7,24,480
0,9,24,480
480,8,55,480
480,7,62,980
0,3,62,980
0,-34,34,240
480,16,44,500
0,-9,44,500
480,20,48,500
0,3,48,500
0,-8,37,480
0,-10,37,480
480,16,48,240
0,3,48,240
0,-31,37,240
480,24,50,120
0,-8,29,500
0,-9,29,500
240,17,42,120
240,0,56,480
0,-2,29,480
0,-10,29,480
480,22,60,980
0,4,60,980
0,-33,37,240
480,4,34,500
0,8,34,500
480,15,48,500
0,3,48,500
0,-14,41,480
0,-9,41,480
480,21,49,240
0,3,49,240
0,-31,31,240
480,19,49,120
0,-7,26,500
0,-8,26,500
240,15,42,120
240,0,55,480
0,-3,32,480
0,-9,32,480
480,19,58,980
0,3,58,980
0,-34,40,240
480,16,35,500
0,-9,35,500
480,20,44,500
0,3,44,500
0,-8,41,480
0,-10,41,480
480,16,48,240
0,3,48,240
0,-31,37,240
480,24,51,120
0,-8,25,500
0,-9,25,500
240,17,43,120
240,0,52,480
0,-12,37,480
0,10,37,480
480,4,53,480
0,8,53,480
0,-29,35,1440
480,19,45,480
0,9,45,480
0,-21,37,480
480,10,49,480
0,9,49,480
0,-15,18,480
480,5,47,240
0,8,47,240
0,-12,29,240
0,-12,29,240
480,19,40,120
0,-15,36,500
0,8,36,500
240,7,36,120
240,0,40,480
0,-3,36,480
0,-9,36,480
480,19,47,980
0,3,47,980
0,-34,36,240
480,16,31,500
0,-9,31,500
480,20,42,500
0,3,42,500
0,-8,39,480
0,-10,39,480
480,16,42,240
0,3,42,240
0,-31,40,240
480,24,44,120
0,-8,36,500
0,-9,36,500
240,17,39,120
240,0,53,480
0,-2,32,480
0,-10,32,480
480,22,64,980
0,4,64,980
0,-45,45,240
480,16,30,500
0,8,30,500
480,15,52,500
0,3,52,500
0,-14,53,480
0,-9,53,480
480,21,52,240
0,3,52,240
0,-31,32,240
480,19,45,120
0,-7,44,500
0,-8,44,500
240,15,36,120
240,0,55,480
0,-3,39,480
0,-9,39,480
480,24,63,240
0,-38,38,240
480,28,63,480
0,-8,43,500
0,-8,43,500
240,26,49,240
240,-2,56,1200
0,-3,56,960
0,-12,37,480
0,-5,37,480
480,-14,37,240
480,24,53,480
0,-8,30,500
0,-7,30,500
240,25,46,240
240,-5,50,960
0,4,50,1200
0,-16,46,480
0,-5,46,480
480,-12,33,240
480,22,40,480
0,-6,30,480
0,-4,30,480
0,-5,30,480
240,26,40,240
240,-11,38,480
0,9,38,480
0,-15,36,480
0,-4,36,480
0,-5,36,480
480,14,36,480
0,8,36,480
0,-12,45,480
0,-5,45,480
0,-7,45,480
480,19,43,120
240,0,35,120
240,0,43,480
480,7,48,980
0,3,48,980
0,-34,47,240
480,16,44,500
0,-9,44,500
480,20,45,500
0,3,45,500
0,-8,49,480
0,-10,49,480
480,16,45,240
0,3,45,240
0,-31,42,240
480,24,47,120
0,-8,39,500
0,-9,39,500
240,17,42,120
240,0,56,480
0,-2,39,480
0,-10,39,480
480,22,60,980
0,4,60,980
0,-33,51,240
480,4,45,500
0,8,45,500
480,15,48,500
0,3,48,500
0,-14,50,480
0,-9,50,480
480,21,49,240
0,3,49,240
0,-31,52,240
480,19,47,120
0,-7,37,500
0,-8,37,500
240,15,40,120
240,0,55,480
0,-3,34,480
0,-9,34,480
480,19,58,980
0,3,58,980
0,-34,45,240
480,16,34,500
0,-9,34,500
480,20,44,500
0,3,44,500
0,-8,41,480
0,-10,41,480
480,16,48,240
0,3,48,240
0,-31,43,240
480,24,44,120
0,-8,28,500
0,-9,28,500
240,17,39,120
240,0,52,480
0,-12,43,480
0,10,43,480
480,4,53,480
0,8,53,480
0,-29,44,1440
480,19,46,480
0,9,46,480
0,-21,40,480
480,10,49,480
0,9,49,480
0,-15,28,480
480,5,47,240
0,8,47,240
0,-12,29,240
0,-12,29,240
480,19,40,120
0,-15,35,480
0,8,35,480
240,7,33,120
240,0,40,480
0,-3,35,480
0,-9,35,480
480,19,47,980
0,3,47,980
0,-34,35,240
480,16,38,500
0,-9,38,500
480,20,42,500
0,3,42,500
0,-8,40,480
0,-10,40,480
480,16,42,240
0,3,42,240
0,-31,61,240
480,24,37,120
0,-8,49,500
0,-9,49,500
240,17,29,120
240,0,53,480
0,-2,57,480
0,-10,57,480
480,22,64,980
0,4,64,980
0,-45,61,240
480,16,47,500
0,8,47,500
480,15,52,500
0,3,52,500
0,-14,57,480
0,-9,57,480
480,21,52,240
0,3,52,240
0,-31,53,240
480,19,45,120
0,-7,40,480
0,-8,40,480
240,15,41,120
240,0,55,480
0,-3,48,480
0,-9,48,480
480,24,63,240
0,-38,49,240
480,28,63,480
0,-8,43,500
0,-8,43,500
240,26,49,240
240,-2,56,1200
0,-3,56,960
0,-12,48,480
0,-5,48,480
480,-14,42,240
480,24,53,480
0,-8,28,500
0,-7,28,500
240,25,46,240
240,-5,50,960
0,4,50,1200
0,-16,41,480
0,-5,41,480
480,-12,43,240
480,22,40,480
0,-6,29,480
0,-4,29,480
0,-5,29,480
240,26,40,240
240,-11,38,480
0,9,38,480
0,-15,46,480
0,-4,46,480
0,-5,46,480
480,14,36,480
0,8,36,480
0,-12,46,480
0,-5,46,480
0,-7,46,480
960,16,77,240
0,12,77,240
0,-28,67,240
0,7,67,240
0,5,67,240
420,16,69,60
60,-10,82,240
0,8,82,240
0,-14,73,240
0,-3,62,240
0,-7,62,240
480,16,68,240
420,10,55,60
60,-10,67,240
0,8,67,240
0,-14,67,240
0,-3,67,240
0,-7,67,240
480,16,81,240
0,-6,73,240
0,-3,62,240
0,-7,62,240
420,26,59,60
60,-10,69,240
0,8,69,240
480,-8,66,240
0,-6,52,240
0,-3,52,240
0,-7,52,240
480,17,59,240
0,-24,36,480
240,28,47,240
240,3,53,240
0,-15,32,480
0,-4,32,480
0,-5,32,480
240,29,53,240
240,4,59,240
0,-24,37,240
0,-4,37,240
0,-5,37,240
480,29,63,160
0,-36,38,480
160,38,44,160
160,-2,51,160
160,-3,36,240
0,-18,39,480
0,-3,39,480
0,-6,39,240
240,24,58,240
0,-21,29,240
240,22,63,240
0,-24,50,240
0,5,50,240
0,4,50,240
420,17,64,60
60,-10,78,240
0,8,78,240
0,-14,76,240
0,-3,64,240
0,-7,64,240
480,16,60,240
420,10,53,60
60,-10,71,240
0,8,71,240
0,-14,63,240
0,-3,63,240
0,-7,63,240
480,16,81,240
0,-6,68,240
0,-3,57,240
0,-7,57,240
420,26,51,60
60,-10,72,240
0,8,72,240
480,-8,72,240
0,-6,45,240
0,-3,45,240
0,-7,45,240
480,12,64,160
0,-24,40,480
160,26,52,160
160,-2,60,160
160,-1,44,240
0,-1,39,480
0,-6,39,480
240,8,54,240
240,9,58,240
0,-21,37,480
0,10,37,480
240,9,53,240
240,-2,48,60
0,-24,48,480
60,26,41,60
60,-2,64,120
120,-1,49,240
240,1,71,240
0,-12,36,480
0,4,36,480
240,10,66,240
240,2,77,240
0,-21,45,480
0,9,45,480
240,13,56,180
180,4,69,60
60,-10,85,240
0,8,85,240
0,-14,72,240
0,-3,61,240
0,-7,61,240
480,16,63,240
420,10,57,60
60,-10,70,240
0,8,70,240
0,-14,64,240
0,-3,64,240
0,-7,64,240
480,16,86,240
0,-6,73,240
0,-3,62,240
0,-7,62,240
420,26,67,60
60,-10,74,240
0,8,74,240
480,-8,65,240
0,-6,51,240
0,-3,51,240
0,-7,51,240
480,17,57,240
0,-24,46,480
240,28,38,240
240,3,43,240
0,-15,35,480
0,-4,35,480
0,-5,35,480
240,29,53,240
240,4,57,240
0,-24,42,240
0,-4,42,240
0,-5,42,240
480,29,67,160
0,-36,49,480
160,38,52,160
160,-2,58,160
160,-3,64,240
0,-18,44,480
0,-3,44,480
0,-6,44,240
240,24,50,240
0,-21,29,240
240,22,68,240
0,-24,51,240
0,5,51,240
0,4,51,240
420,17,67,60
60,-10,81,240
0,8,81,240
0,-14,68,240
0,-3,57,240
0,-7,57,240
480,16,72,240
420,10,67,60
60,-10,72,240
0,8,72,240
0,-14,63,240
0,-3,63,240
0,-7,63,240
480,16,86,240
0,-6,71,240
0,-3,71,240
0,-7,60,240
420,26,64,60
60,-10,72,240
0,8,72,240
480,-8,63,240
0,-6,36,240
0,-3,36,240
0,-7,36,240
480,17,45,60
0,-8,45,480
0,-4,45,480
60,14,37,60
60,-2,46,120
120,-1,39,240
240,1,58,240
240,2,53,240
240,2,58,240
240,1,54,240
240,2,60,240
240,2,57,240
240,1,67,240
240,1,59,240
240,3,68,360
360,-2,47,120
120,-5,55,980
0,3,55,980
0,-34,38,240
480,16,44,500
0,-9,44,500
480,20,48,500
0,3,48,500
0,-8,36,480
0,-10,36,480
480,16,48,240
0,3,48,240
0,-31,43,240
480,24,43,120
0,-8,35,500
0,-9,35,500
240,17,37,120
240,0,56,480
0,-2,39,480
0,-10,39,480
480,22,60,980
0,4,60,980
0,-45,51,240
480,16,37,500
0,8,37,500
480,15,48,500
0,3,48,500
0,-14,45,480
0,-9,45,480
480,21,49,240
0,3,49,240
0,-31,37,240
480,19,42,120
0,-7,40,500
0,-8,40,500
240,15,35,120
240,0,55,480
0,-3,39,480
0,-9,39,480
480,19,58,980
0,3,58,980
0,-34,38,240
480,16,45,500
0,-9,45,500
480,20,44,500
0,3,44,500
0,-8,45,480
0,-10,45,480
480,16,48,240
0,3,48,240
0,-31,44,240
480,24,44,120
0,-8,42,500
0,-9,42,500
240,17,44,120
240,0,52,480
0,-12,34,480
0,10,34,480
480,4,53,480
0,8,53,480
0,-29,38,1440
480,19,51,480
0,9,51,480
0,-21,46,480
480,10,49,480
0,9,49,480
0,-15,45,480
480,5,47,240
0,8,47,240
0,-12,43,240
0,-12,43,240
480,19,40,120
0,-15,36,480
0,8,36,480
240,7,37,120
240,0,40,480
0,-3,36,480
0,-9,36,480
480,19,47,980
0,3,47,980
0,-34,33,240
480,16,38,500
0,-9,38,500
480,20,42,500
0,3,42,500
0,-8,35,480
0,-10,35,480
480,16,42,240
0,3,42,240
0,-31,43,240
480,24,37,120
0,-8,35,500
0,-9,35,500
240,17,35,120
240,0,53,480
0,-2,39,480
0,-10,39,480
480,22,64,980
0,4,64,980
0,-45,48,240
480,16,38,500
0,8,38,500
480,15,52,500
0,3,52,500
0,-14,47,480
0,-9,47,480
480,21,52,240
0,3,52,240
0,-31,52,240
480,19,45,120
0,-7,40,500
0,-8,40,500
240,15,36,120
240,0,55,480
0,-3,39,480
0,-9,39,480
480,24,63,240
0,-38,46,240
480,28,63,480
0,-8,37,500
0,-8,37,500
240,26,49,240
240,-2,56,1200
0,-3,56,960
0,-12,43,480
0,-5,43,480
480,-14,35,240
480,24,53,480
0,-8,40,500
0,-7,40,500
240,25,46,240
240,-5,50,960
0,4,50,1200
0,-16,41,480
0,-5,41,480
480,-12,33,240
480,22,40,480
0,-6,36,480
0,-4,36,480
0,-5,36,480
240,26,40,240
240,-11,38,480
0,9,38,480
0,-15,30,480
0,-4,30,480
0,-5,30,480
480,14,36,240
0,8,36,240
0,-12,42,240
0,-5,42,240
0,-7,42,240
480,12,52,120
240,0,52,120
240,0,52,480
480,4,72,240
0,3,72,240
0,-31,61,240
480,22,43,480
0,-3,43,480
0,-7,43,480
480,16,69,240
0,3,69,240
0,-19,51,480
0,7,51,480
0,3,51,480
480,9,66,60
0,-31,65,240
60,33,66,60
60,-5,72,120
0,3,72,120
360,-9,56,480
0,-3,56,480
0,-7,56,480
240,14,60,240
0,3,60,240
240,-1,72,480
0,3,72,480
0,-19,57,480
0,7,57,480
0,3,57,480
480,7,76,240
0,4,76,240
0,-28,63,240
480,16,45,480
0,-4,45,480
0,-5,45,480
480,21,81,240
0,3,81,240
0,-24,45,240
0,5,45,240
0,4,45,240
480,12,87,1440
0,8,87,1440
0,-36,55,240
480,8,41,480
0,8,41,480
480,-7,46,480
0,7,46,480
480,10,58,240
0,9,58,240
0,-33,35,240
480,16,32,480
0,-4,32,480
0,-5,32,480
240,24,54,120
240,-9,58,480
0,9,58,480
0,-15,37,480
0,-4,37,480
0,-5,37,480
480,17,60,240
0,9,60,240
0,-33,45,240
480,16,38,480
0,-4,38,480
0,-5,38,480
240,24,50,120
240,-9,56,480
0,9,56,480
0,-24,38,480
0,5,38,480
0,4,38,480
480,8,60,240
0,9,60,240
0,-33,49,240
480,16,35,480
0,-4,35,480
0,-5,35,480
240,24,51,120
240,-9,57,480
0,9,57,480
0,-24,40,480
0,5,40,480
0,4,40,480
480,4,68,240
0,8,68,240
0,-23,34,1440
480,12,38,480
0,-5,38,480
240,17,56,120
240,-8,62,480
0,8,62,480
0,-12,35,480
0,-5,35,480
480,21,86,240
0,3,86,240
0,-31,60,240
480,22,45,480
0,-3,45,480
0,-7,45,480
240,19,72,120
0,-3,72,120
240,0,80,480
0,3,80,480
0,-19,54,480
0,7,54,480
0,3,54,480
480,9,77,60
0,-31,63,240
60,33,78,60
60,-5,86,120
0,3,86,120
360,-19,45,480
0,7,45,480
0,3,45,480
240,4,80,240
0,3,80,240
240,-1,80,480
0,3,80,480
0,-9,48,480
0,-3,48,480
0,-7,48,480
480,21,88,240
0,-4,88,240
0,-24,50,240
480,16,49,480
0,-4,49,480
0,-5,49,480
480,24,88,240
0,-3,88,240
0,-21,55,240
0,5,55,240
0,4,55,240
480,20,94,1440
0,-8,94,1440
0,-28,46,240
480,8,43,480
0,8,43,480
480,-7,43,480
0,7,43,480
480,19,58,240
0,-9,58,240
0,-24,49,240
480,7,42,480
0,5,42,480
0,4,42,480
240,15,48,120
240,-9,56,480
0,9,56,480
0,-15,36,480
0,-4,36,480
0,-5,36,480
480,26,59,240
0,-9,59,240
0,-24,44,240
480,16,36,480
0,-4,36,480
0,-5,36,480
240,24,55,120
240,-9,55,480
0,9,55,480
0,-24,36,480
0,5,36,480
0,4,36,480
480,8,59,240
0,9,59,240
0,-33,43,240
480,16,32,480
0,-4,32,480
0,-5,32,480
240,24,50,120
240,-9,55,480
0,9,55,480
0,-24,38,480
0,5,38,480
0,4,38,480
480,13,59,480
0,-8,59,480
0,-16,38,480
0,7,38,480
0,5,38,480
960,-12,67,480
480,4,72,240
0,3,72,240
0,-31,59,240
480,22,49,480
0,-3,49,480
0,-7,49,480
480,16,69,240
0,3,69,240
0,-19,55,240
0,7,55,240
0,3,55,240
480,9,66,60
0,-31,58,240
60,33,66,60
60,-5,72,120
0,3,72,120
360,-9,50,480
0,-3,50,480
0,-7,50,480
240,14,68,240
0,3,68,240
240,-1,72,480
0,3,72,480
0,-19,54,480
0,7,54,480
0,3,54,480
480,7,76,240
0,4,76,240
0,-28,54,240
480,16,51,480
0,-4,51,480
0,-5,51,480
480,21,81,240
0,3,81,240
0,-24,54,240
0,5,54,240
0,4,54,240
480,12,87,1440
0,8,87,1440
0,-36,63,240
480,8,51,480
0,8,51,480
480,-7,54,480
0,7,54,480
480,10,61,240
0,9,61,240
0,-33,45,240
480,16,34,480
0,-4,34,480
0,-5,34,480
240,24,52,120
240,-9,56,480
0,9,56,480
0,-15,37,480
0,-4,37,480
0,-5,37,480
480,17,60,240
0,9,60,240
0,-33,45,240
480,16,34,480
0,-4,34,480
0,-5,34,480
240,24,52,120
240,-9,56,480
0,9,56,480
0,-24,38,480
0,5,38,480
0,4,38,480
480,8,60,240
0,9,60,240
0,-33,49,240
480,16,36,480
0,-4,36,480
0,-5,36,480
240,24,55,120
240,-9,57,480
0,9,57,480
0,-24,40,480
0,5,40,480
0,4,40,480
480,4,68,8
0,8,68,240
0,-23,52,1440
480,12,45,480
0,-5,45,480
240,17,58,120
240,-8,62,480
0,8,62,480
0,-12,45,480
0,-5,45,480
480,21,86,240
0,3,86,240
0,-31,60,240
480,22,50,480
0,-3,50,480
0,-7,50,480
240,19,80,120
0,-3,80,120
240,0,80,480
0,3,80,480
0,-19,56,480
0,7,56,480
0,3,56,480
480,9,77,60
0,-31,60,240
60,33,78,60
60,-5,86,120
0,3,86,120
360,-19,47,480
0,7,47,480
0,3,47,480
240,4,75,240
0,3,75,240
240,-1,80,480
0,3,80,480
0,-9,53,480
0,-3,53,480
0,-7,53,480
480,21,88,240
0,-4,88,240
0,-24,60,240
480,16,56,480
0,-4,56,480
0,-5,56,480
480,24,92,240
0,-3,92,240
0,-21,60,240
0,5,60,240
0,4,60,240
480,20,101,1440
0,-8,101,1440
0,-28,67,240
480,8,61,480
0,8,61,480
480,-7,62,480
0,7,62,480
480,19,59,240
0,-9,59,240
0,-24,45,240
480,7,35,480
0,5,35,480
0,4,35,480
240,15,56,120
240,-9,56,480
0,9,56,480
0,-15,38,480
0,-4,38,480
0,-5,38,480
480,26,59,240
0,-9,59,240
0,-24,44,240
480,16,35,480
0,-4,35,480
0,-5,35,480
240,24,51,120
240,-9,55,480
0,9,55,480
0,-24,36,480
0,5,36,480
0,4,36,480
480,8,59,240
0,9,59,240
0,-33,46,240
480,16,36,480
0,-4,36,480
0,-5,36,480
240,24,52,120
240,-9,55,480
0,9,55,480
0,-24,38,480
0,5,38,480
0,4,38,480
480,13,59,480
0,-8,59,480
0,-16,45,480
0,7,45,480
0,5,45,480
960,4,50,410
420,0,45,60
60,1,52,240
0,-32,50,240
420,32,41,60
60,-2,46,240
0,-15,42,240
0,-8,42,240
420,23,43,60
60,1,50,240
0,-16,46,240
0,-8,46,240
420,24,46,60
60,1,53,240
0,-33,50,240
420,33,44,60
60,-2,50,240
0,-23,45,240
0,10,45,240
0,-3,45,240
420,16,45,60
60,1,50,240
0,-14,39,240
0,-3,39,240
0,-7,39,240
420,24,50,60
60,8,57,240
0,-39,50,240
420,39,50,60
60,-1,59,240
0,-23,47,240
0,-3,47,240
0,-5,47,240
420,31,56,60
60,-1,66,240
0,-22,53,240
0,-3,53,240
0,-5,53,240
420,30,64,60
60,-1,75,240
0,-31,56,120
420,31,63,60
60,-1,73,240
0,-15,49,240
0,-6,49,240
0,-2,49,240
420,23,63,60
60,-1,70,240
0,-14,50,240
0,-8,50,240
0,2,50,240
420,20,58,60
60,-1,67,240
0,-26,56,240
420,26,54,60
60,-1,65,240
0,-13,46,240
0,-4,46,240
0,-3,46,240
420,20,51,60
60,-1,63,240
0,-12,50,240
0,-4,50,240
0,-3,50,240
420,19,49,60
60,-1,60,240
0,-23,50,240
420,23,46,60
60,-1,58,240
0,-12,46,240
0,2,46,240
0,-8,46,240
420,18,44,60
60,-3,54,240
0,-7,48,240
0,-2,48,240
0,-6,48,240
420,15,44,60
60,1,52,240
0,-27,50,120
420,27,38,60
60,-4,48,240
0,-8,47,240
0,-8,47,240
420,16,39,60
60,1,50,240
0,-9,47,240
0,-8,47,240
420,17,39,60
60,3,50,240
0,-27,50,240
420,27,39,60
60,2,50,240
0,-14,47,240
0,-8,47,240
420,22,37,60
60,1,51,240
0,-15,47,240
0,-8,47,240
420,23,40,60
60,2,54,240
0,-32,53,240
420,32,44,60
60,-2,55,240
0,-15,49,240
0,-8,49,240
420,23,44,60
60,1,58,240
0,-16,52,240
0,-8,52,240
420,24,49,60
60,1,62,240
0,-33,55,240
420,33,51,60
60,-2,68,240
0,-13,54,240
0,-3,54,240
0,-7,54,240
420,23,54,60
60,1,73,240
0,-14,60,240
0,-3,60,240
0,-7,60,240
420,24,71,60
60,12,83,240
0,-43,68,240
420,43,68,60
60,-4,80,240
0,-24,62,240
0,-3,62,240
0,-5,62,240
420,32,63,60
60,-3,76,240
0,-21,56,240
0,-3,56,240
0,-5,56,240
420,29,57,60
60,-4,71,240
0,-27,60,240
420,27,52,60
60,-3,66,240
0,-9,56,240
0,-6,56,240
0,-2,56,240
420,17,44,60
60,-3,57,240
0,-6,57,240
0,-6,57,240
0,-2,57,240
420,20,41,60
60,-1,55,240
0,-24,56,240
420,24,42,60
60,-1,53,240
0,-11,52,240
0,-4,52,240
0,-3,52,240
420,18,42,60
60,-1,55,240
0,-10,52,240
0,-4,52,240
0,-3,52,240
420,17,43,60
60,-1,56,240
0,-21,53,240
420,21,44,60
60,-1,58,240
0,-8,49,240
0,-2,49,240
0,-6,49,240
420,16,46,60
60,-1,60,240
0,-9,53,240
0,2,53,240
0,-8,53,240
420,15,46,60
60,-1,62,240
0,-6,58,480
0,-4,58,480
0,-3,58,480
420,13,49,60
60,-1,64,240
420,0,48,60
60,-1,66,240
420,0,47,60
60,-1,67,240
420,0,51,60
60,-1,69,240
420,0,55,60
60,-1,71,240
480,-1,72,240
0,3,72,240
0,-31,54,240
480,22,49,480
0,-3,49,480
0,-7,49,480
480,16,69,480
0,3,69,480
0,-19,49,480
0,7,49,480
0,3,49,480
480,9,66,60
0,-31,54,240
60,33,66,60
60,-5,72,120
0,3,72,120
360,-9,50,480
0,-3,50,480
0,-7,50,480
240,14,68,240
0,3,68,240
240,-1,72,480
0,3,72,480
0,-19,50,480
0,7,50,480
0,3,50,480
480,7,76,240
0,4,76,240
0,-28,54,240
480,16,51,480
0,-4,51,480
0,-5,51,480
480,21,81,240
0,3,81,240
0,-24,54,240
0,5,54,240
0,4,54,240
480,12,87,1440
0,8,87,1440
0,-36,63,240
480,8,54,480
0,8,54,480
480,-7,54,480
0,7,54,480
480,10,61,240
0,9,61,240
0,-33,45,240
480,16,36,480
0,-4,36,480
0,-5,36,480
240,24,52,120
240,-9,56,480
0,9,56,480
0,-15,37,480
0,-4,37,480
0,-5,37,480
480,17,60,240
0,9,60,240
0,-33,45,240
480,16,37,480
0,-4,37,480
0,-5,37,480
240,24,53,120
240,-9,56,480
0,9,56,480
0,-24,38,480
0,5,38,480
0,4,38,480
480,8,60,240
0,9,60,240
0,-33,49,240
480,16,39,480
0,-4,39,480
0,-5,39,480
240,24,53,120
240,-9,57,480
0,9,57,480
0,-24,40,480
0,5,40,480
0,4,40,480
480,4,68,16
0,8,68,240
0,-23,52,1440
480,12,43,480
0,-5,43,480
240,17,57,120
240,-8,62,480
0,8,62,480
0,-12,45,480
0,-5,45,480
480,21,86,240
0,3,86,240
0,-31,60,240
480,22,54,480
0,-3,54,480
0,-7,54,480
240,19,76,120
0,-3,76,120
240,0,80,480
0,3,80,480
0,-19,56,480
0,7,56,480
0,3,56,480
480,9,77,60
0,-31,60,240
60,33,78,60
60,-5,86,120
0,3,86,120
360,-19,53,480
0,7,53,480
0,3,53,480
240,4,76,240
0,3,76,240
240,-1,80,480
0,3,80,480
0,-9,54,480
0,-3,54,480
0,-7,54,480
480,21,88,240
0,-4,88,240
0,-24,60,240
480,16,56,480
0,-4,56,480
0,-5,56,480
480,24,92,240
0,-3,92,240
0,-21,60,240
0,5,60,240
0,4,60,240
480,20,96,1440
0,-8,96,1440
0,-28,65,240
480,8,58,480
0,8,58,480
480,-7,62,480
0,7,62,480
480,19,59,240
0,-9,59,240
0,-24,45,240
480,7,36,480
0,5,36,480
0,4,36,480
240,15,52,120
240,-9,56,480
0,9,56,480
0,-15,38,480
0,-4,38,480
0,-5,38,480
480,26,59,240
0,-9,59,240
0,-24,44,240
480,16,34,480
0,-4,34,480
0,-5,34,480
240,24,52,120
240,-9,55,480
0,9,55,480
0,-24,36,480
0,5,36,480
0,4,36,480
480,8,59,240
0,9,59,240
0,-33,46,240
480,16,37,480
0,-4,37,480
0,-5,37,480
240,24,53,120
240,-9,55,480
0,9,55,480
0,-24,38,480
0,5,38,480
0,4,38,480
480,13,59,480
0,-8,59,480
0,-16,45,480
0,7,45,480
0,5,45,480
960,4,50,410
420,0,45,60
60,1,52,240
0,-32,50,240
420,32,44,60
60,-2,50,240
0,-15,45,240
0,-8,45,240
420,23,43,60
60,1,50,240
0,-16,46,240
0,-8,46,240
420,24,46,60
60,1,53,240
0,-33,50,240
420,33,44,60
60,-2,50,240
0,-23,44,240
0,10,44,240
0,-3,44,240
420,16,45,60
60,1,50,240
0,-14,45,240
0,-3,45,240
0,-7,45,240
420,24,50,60
60,8,57,240
0,-39,50,240
420,39,50,60
60,-1,59,240
0,-23,50,240
0,-3,50,240
0,-5,50,240
420,31,56,60
60,-1,66,240
0,-22,53,240
0,-3,53,240
0,-5,53,240
420,30,64,60
60,-1,75,240
0,-31,56,240
420,31,63,60
60,-1,73,240
0,-15,53,240
0,-6,53,240
0,-2,53,240
420,23,63,60
60,-1,70,240
0,-14,50,240
0,-8,50,240
0,2,50,240
420,20,58,60
60,-1,67,240
0,-26,56,240
420,26,54,60
60,-1,65,240
0,-13,49,240
0,-4,49,240
0,-3,49,240
420,20,51,60
60,-1,63,240
0,-12,50,240
0,-4,50,240
0,-3,50,240
420,19,49,60
60,-1,60,240
0,-23,50,240
420,23,46,60
60,-1,58,240
0,-12,48,240
0,2,48,240
0,-8,48,240
420,18,44,60
60,-3,54,240
0,-7,48,240
0,-2,48,240
0,-6,48,240
420,15,44,60
60,1,52,240
0,-27,50,240
420,27,38,60
60,-4,50,240
0,-8,47,240
0,-8,47,240
420,16,39,60
60,1,50,240
0,-9,47,240
0,-8,47,240
420,17,39,60
60,3,50,240
0,-27,50,240
420,27,39,60
60,2,50,240
0,-14,46,240
0,-8,46,240
420,22,37,60
60,1,51,240
0,-15,47,240
0,-8,47,240
420,23,40,60
60,2,54,240
0,-32,53,240
420,32,44,60
60,-2,55,240
0,-15,49,240
0,-8,49,240
420,23,44,60
60,1,58,240
0,-16,52,240
0,-8,52,240
420,24,49,60
60,1,62,240
0,-33,55,240
420,33,51,60
60,-2,68,240
0,-13,56,240
0,-3,56,240
0,-7,56,240
420,23,54,60
60,1,73,240
0,-14,60,240
0,-3,60,240
0,-7,60,240
420,24,71,60
60,12,83,240
0,-43,64,240
420,43,68,60
60,-4,80,240
0,-24,62,240
0,-3,62,240
0,-5,62,240
420,32,63,60
60,-3,76,240
0,-21,56,240
0,-3,56,240
0,-5,56,240
420,29,57,60
60,-4,71,240
0,-27,60,240
420,27,52,60
60,-3,66,240
0,-9,55,240
0,-6,55,240
0,-2,55,240
420,17,44,60
60,-3,57,240
0,-6,57,240
0,-6,57,240
0,-2,57,240
420,20,41,60
60,-1,55,240
0,-24,56,240
420,24,42,60
60,-1,53,240
0,-11,52,240
0,-4,52,240
0,-3,52,240
420,18,42,60
60,-1,55,240
0,-10,52,240
0,-4,52,240
0,-3,52,240
420,17,43,60
60,-1,56,240
0,-21,53,240
420,21,44,60
60,-1,58,240
0,-8,49,240
0,-2,49,240
0,-6,49,240
420,16,46,60
60,-1,60,240
0,-9,53,240
0,2,53,240
0,-8,53,240
420,15,46,60
60,-1,62,240
0,-6,58,480
0,-4,58,480
0,-3,58,480
420,13,49,60
60,-1,64,240
420,0,48,60
60,-1,66,240
420,0,47,60
60,-1,67,240
420,0,51,60
60,-1,69,240
420,0,55,60
60,-1,71,240
480,-1,72,240
0,3,72,240
0,-31,54,240
480,22,49,480
0,-3,49,480
0,-7,49,480
480,16,69,480
0,3,69,480
0,-19,49,480
0,7,49,480
0,3,49,480
480,9,66,60
0,-31,54,240
60,33,66,60
60,-5,72,120
0,3,72,120
360,-9,48,480
0,-3,48,480
0,-7,48,480
240,14,68,240
0,3,68,240
240,-1,72,480
0,3,72,480
0,-19,50,480
0,7,50,480
0,3,50,480
480,7,76,240
0,4,76,240
0,-28,54,240
480,16,51,480
0,-4,51,480
0,-5,51,480
480,21,81,240
0,3,81,240
0,-24,54,240
0,5,54,240
0,4,54,240
480,12,87,1440
0,8,87,1440
0,-36,63,240
480,8,54,480
0,8,54,480
480,-7,54,480
0,7,54,480
480,10,61,240
0,9,61,240
0,-33,45,240
480,16,36,480
0,-4,36,480
0,-5,36,480
240,24,54,120
240,-9,56,480
0,9,56,480
0,-15,37,480
0,-4,37,480
0,-5,37,480
480,17,60,240
0,9,60,240
0,-33,45,240
480,16,37,480
0,-4,37,480
0,-5,37,480
240,24,54,120
240,-9,56,480
0,9,56,480
0,-24,38,480
0,5,38,480
0,4,38,480
480,8,60,240
0,9,60,240
0,-33,49,240
480,16,39,480
0,-4,39,480
0,-5,39,480
240,24,55,120
240,-9,57,480
0,9,57,480
0,-24,40,480
0,5,40,480
0,4,40,480
480,4,68,240
0,8,68,240
0,-23,52,1440
480,12,42,480
0,-5,42,480
240,17,57,120
240,-8,62,480
0,8,62,480
0,-12,45,480
0,-5,45,480
480,21,86,240
0,3,86,240
0,-31,60,240
480,22,53,480
0,-3,53,480
0,-7,53,480
240,19,77,120
0,-3,77,120
240,0,80,480
0,3,80,480
0,-19,56,480
0,7,56,480
0,3,56,480
480,9,77,60
0,-31,60,240
60,33,78,60
60,-5,86,120
0,3,86,120
360,-19,53,480
0,7,53,480
0,3,53,480
240,4,77,240
0,3,77,240
240,-1,80,480
0,3,80,480
0,-9,54,480
0,-3,54,480
0,-7,54,480
480,21,88,240
0,-4,88,240
0,-24,60,240
480,16,56,480
0,-4,56,480
0,-5,56,480
480,24,92,240
0,-3,92,240
0,-21,60,240
0,5,60,240
0,4,60,240
480,20,95,1440
0,-8,95,1440
0,-28,67,240
480,8,61,480
0,8,61,480
480,-7,62,480
0,7,62,480
480,19,59,240
0,-9,59,240
0,-24,45,240
480,7,36,480
0,5,36,480
0,4,36,480
240,15,53,120
240,-9,56,480
0,9,56,480
0,-15,38,480
0,-4,38,480
0,-5,38,480
480,26,59,240
0,-9,59,240
0,-24,44,240
480,16,36,480
0,-4,36,480
0,-5,36,480
240,24,52,120
240,-9,55,480
0,9,55,480
0,-24,36,480
0,5,36,480
0,4,36,480
480,8,59,240
0,9,59,240
0,-33,46,240
480,16,38,480
0,-4,38,480
0,-5,38,480
240,24,52,120
240,-9,55,480
0,9,55,480
0,-24,38,480
0,5,38,480
0,4,38,480
480,13,59,480
0,-8,59,480
0,-16,45,480
0,7,45,480
0,5,45,480
960,0,51,240
240,0,51,240
240,0,54,240
0,-27,32,1440
240,29,55,240
240,-2,54,240
0,-12,36,480
0,-7,36,480
240,18,48,240
240,1,49,240
0,-12,36,480
0,-7,36,480
240,20,51,240
240,3,53,960
0,-30,38,480
480,16,35,480
0,-7,35,480
0,-2,35,480
480,21,50,480
0,-12,35,480
0,-7,35,480
0,-2,35,480
480,14,50,240
0,-22,30,1440
240,24,50,240
240,-2,50,240
0,-9,24,480
0,-6,24,480
240,14,50,240
240,1,50,240
0,-9,30,480
0,-6,30,480
240,16,50,240
240,1,61,480
0,-28,30,480
480,24,50,120
0,-8,29,480
0,-9,29,480
240,21,51,240
240,1,54,240
0,-22,34,480
0,9,34,480
240,14,56,240
240,1,50,60
0,-27,37,1440
60,29,50,60
60,-2,50,120
120,-1,55,240
240,1,57,240
0,-12,29,480
0,-7,29,480
240,28,58,240
240,-2,60,240
0,-19,35,480
0,-7,35,480
240,24,62,240
240,-1,64,960
0,-30,29,480
480,16,29,480
0,-7,29,480
0,-2,29,480
480,21,56,480
0,-21,36,480
0,2,36,480
0,7,36,480
480,5,52,160
0,-19,36,1440
160,21,50,160
160,-2,50,160
160,-1,52,240
0,-8,19,480
0,-6,19,480
240,15,50,240
240,3,56,240
0,-18,26,480
0,6,26,480
240,11,50,240
240,-4,50,120
0,-24,27,480
240,18,42,240
240,1,43,240
0,-3,32,480
0,-9,32,480
240,16,45,240
240,1,47,240
0,-17,34,480
0,9,34,480
240,12,48,240
240,3,50,240
0,-27,28,1440
240,29,51,240
240,-2,53,240
0,-12,28,480
0,-7,28,480
240,18,55,240
240,1,56,240
0,-12,37,480
0,-7,37,480
240,20,58,180
180,0,54,60
60,3,67,960
0,-30,33,480
480,8,30,480
0,8,30,480
480,12,59,480
0,-19,33,480
0,7,33,480
480,5,50,240
0,-19,25,1440
240,21,50,240
240,-2,41,60
0,-9,20,480
0,-6,20,480
60,17,41,60
60,-2,49,120
120,-1,50,240
240,1,52,240
0,-15,29,480
0,6,29,480
240,10,55,240
240,1,64,480
0,-28,34,480
480,24,54,120
0,-17,28,480
0,9,28,480
240,12,53,240
240,1,55,240
0,-13,33,480
0,-9,33,480
240,23,57,240
240,1,50,60
0,-27,38,1440
60,29,50,60
60,-2,59,120
120,-1,57,240
240,1,58,160
0,-12,28,480
0,-7,28,480
160,29,67,160
160,-1,65,160
160,0,63,160
0,-28,28,480
0,7,28,480
160,19,61,160
160,-2,59,160
160,-1,57,960
0,-30,35,480
480,16,30,480
0,-7,30,480
0,-2,30,480
480,21,55,480
0,-12,28,480
0,-7,28,480
0,-2,28,480
480,14,46,160
0,-19,26,1440
160,21,46,160
160,-2,46,160
160,-1,46,240
0,-8,26,480
0,-6,26,480
240,15,47,240
240,3,49,240
0,-18,25,480
0,6,25,480
240,11,45,240
240,-4,39,240
0,-24,30,480
480,16,27,480
0,-9,27,480
480,21,39,120
240,0,39,120
240,0,39,240
0,-36,35,240
0,12,35,240
960,24,39,120
0,-14,37,480
0,2,37,480
0,7,37,480
240,5,39,120
240,0,39,240
0,-15,32,240
0,3,32,240
0,6,32,240
960,6,39,120
0,-16,36,480
0,4,36,480
0,5,36,480
240,7,39,120
240,0,39,240
0,-17,32,240
0,5,32,240
0,4,32,240
480,8,94,120
0,12,94,120
0,-48,82,120
0,12,82,120
240,24,91,120
0,12,91,120
0,-48,78,120
0,12,78,120
240,24,95,240
0,12,95,240
0,-48,82,240
0,12,82,240
480,24,95,120
0,12,95,120
0,-48,82,120
0,12,82,120
240,24,91,120
0,12,91,120
0,-48,78,120
0,12,78,120
240,24,95,240
0,12,95,240
0,-48,82,240
0,12,82,240
480,24,95,120
0,12,95,120
0,-48,82,120
0,12,82,120
240,24,91,120
0,12,91,120
0,-48,78,120
0,12,78,120
240,24,95,240
0,12,95,240
0,-48,82,240
0,12,82,240
960,12,39,120
0,7,39,120
0,5,39,120
0,-24,39,480
0,10,39,480
240,2,39,120
0,12,39,120
240,-12,39,240
0,6,39,240
0,6,39,240
0,-24,36,240
0,9,36,240
960,3,39,120
0,5,39,120
0,7,39,120
0,-16,39,480
0,-8,39,480
240,12,39,120
0,12,39,120
240,-12,39,240
0,4,39,240
0,8,39,240
0,-24,36,240
0,7,36,240
480,5,43,120
0,12,43,120
240,-12,47,120
0,12,47,120
240,-12,52,480
0,12,52,480
480,-12,55,120
0,12,55,120
240,-12,57,120
0,12,57,120
240,-12,66,480
0,12,66,480
480,-12,72,120
0,12,72,120
240,-12,67,120
0,12,67,120
240,-12,97,240
0,12,97,240
0,-36,95,240
0,12,95,240
480,28,56,260
0,-6,54,360
0,-3,54,360
0,-7,54,360
240,17,51,260
240,-1,64,360
0,3,64,360
0,-9,62,360
0,-3,62,360
0,-7,62,360
480,12,96,240
0,-31,95,240
0,12,95,240
480,24,59,260
0,-8,57,360
0,-4,57,360
0,-5,57,360
240,19,55,260
240,-2,67,360
0,4,67,360
0,-12,61,360
0,-4,61,360
0,-5,61,360
480,12,97,240
0,-24,96,240
0,12,96,240
480,19,67,260
0,-9,60,360
0,-3,60,360
0,-7,60,360
240,21,65,260
240,-2,75,360
0,3,75,360
0,-12,67,360
0,-3,67,360
0,-7,67,360
480,24,82,960
0,-3,82,960
0,-6,82,960
0,-22,97,240
480,16,71,240
0,-6,71,240
0,-3,71,240
480,24,69,240
0,-3,69,240
0,-6,69,240
0,-21,92,240
240,30,69,240
0,-3,69,240
0,-6,69,240
240,9,77,500
0,-9,77,960
0,6,77,960
0,-26,60,240
480,31,60,260
0,-19,47,240
0,-9,47,240
240,26,54,260
240,-10,58,240
0,8,58,240
0,-36,53,240
480,36,76,500
0,-9,76,960
0,-25,55,240
480,36,57,260
0,-19,44,360
0,-8,44,360
240,25,53,260
240,-10,56,240
0,9,56,240
0,-16,51,240
0,-8,51,240
480,24,71,500
0,-9,71,960
0,-24,54,240
480,34,55,260
0,-18,41,480
0,-9,41,480
240,26,51,260
240,-11,54,240
0,9,54,240
0,-15,49,240
0,-4,49,240
480,19,64,500
0,-9,64,960
0,-17,51,1440
480,28,48,260
0,-16,38,360
0,-5,38,360
240,19,45,260
240,-2,48,240
0,-8,48,240
0,-4,47,240
0,-5,47,240
480,24,96,480
0,-12,96,480
0,-12,95,720
0,-12,95,720
480,28,57,260
0,-6,54,360
0,-3,54,360
0,-7,54,240
240,17,52,260
240,-1,63,360
0,3,63,360
0,-9,58,360
0,-3,58,360
0,-7,58,360
480,24,95,480
0,-12,95,480
0,-31,94,720
0,12,94,720
480,24,60,260
0,-8,64,360
0,-4,64,360
0,-5,64,360
240,19,57,260
240,-2,68,360
0,4,68,360
0,-12,69,360
0,-4,69,360
0,-5,69,360
480,24,93,480
0,-12,93,480
0,-12,95,720
0,-12,95,720
480,31,72,260
0,-9,66,360
0,-3,66,360
0,-7,66,240
240,21,68,260
240,-2,80,360
0,3,80,360
0,-12,70,360
0,-3,70,360
0,-7,70,360
480,24,101,720
0,-3,101,720
0,-6,101,720
0,-22,78,240
480,16,48,240
0,-6,48,240
0,-3,48,240
240,21,76,240
0,3,76,240
240,-9,68,480
0,-21,49,480
240,30,74,240
0,-3,74,240
240,-6,64,960
0,-20,43,240
240,29,72,260
240,2,64,260
0,-28,49,240
0,9,49,240
240,17,57,260
240,-2,54,240
0,-8,54,240
0,-28,37,240
480,27,65,960
0,-25,43,240
240,34,69,260
240,2,65,260
0,-27,31,360
0,8,31,360
240,17,55,260
240,-1,51,240
0,-9,51,240
0,-7,41,240
0,-8,41,240
480,15,63,960
0,-24,33,240
240,33,46,260
240,1,58,260
0,-27,40,480
0,9,40,480
240,17,45,260
240,-11,50,480
0,9,50,480
0,-15,27,480
0,-4,27,960
480,17,59,240
0,-8,59,240
0,-4,44,480
0,-12,44,480
480,24,53,120
240,0,64,120
240,0,67,120
0,-24,52,480
0,4,52,480
0,6,52,480
240,14,69,120
240,0,78,120
0,-31,25,720
240,31,64,120
240,0,78,120
0,-19,33,360
0,4,33,360
0,-9,33,360
240,24,74,120
240,0,69,120
0,-15,41,360
0,-9,41,360
0,5,41,360
240,19,69,120
240,2,65,260
0,-33,33,480
240,31,58,260
240,-3,56,260
0,-16,33,360
0,4,33,360
0,-9,33,360
240,17,48,260
240,-5,52,240
0,-7,37,360
0,-5,37,360
0,9,37,360
240,4,44,240
240,1,58,120
0,-21,37,480
240,21,51,120
240,0,55,120
0,-9,26,360
0,-6,26,360
0,9,26,360
240,6,46,120
240,0,54,120
0,-9,32,360
0,-6,32,360
0,9,32,360
240,6,64,120
240,-2,61,260
0,-19,38,480
240,24,53,260
240,4,46,260
0,-12,29,360
0,-9,29,360
0,5,29,360
240,19,64,260
240,5,59,260
0,-24,48,360
0,-5,48,360
0,9,48,360
240,16,52,240
240,1,52,120
0,-27,55,480
240,27,48,120
240,0,64,120
0,-12,24,360
0,-9,24,360
0,3,24,360
240,18,60,120
240,0,53,120
0,-12,36,360
0,-9,36,360
0,3,36,360
240,18,73,120
240,0,77,180
0,-26,44,480
160,28,55,180
160,-2,55,180
160,-2,65,260
0,-12,32,360
0,-3,32,360
0,8,32,360
240,12,57,260
240,4,51,240
0,-24,42,240
0,8,42,240
0,-5,42,240
480,26,66,500
0,-38,20,480
480,36,50,260
0,-24,20,360
0,-2,20,360
0,6,20,360
240,18,45,260
240,-6,52,240
0,-16,30,240
0,-2,30,240
0,6,30,240
480,15,58,500
0,-26,34,1200
480,24,43,260
0,-17,23,360
0,-3,23,360
0,8,23,360
240,7,44,260
240,-3,38,240
0,-9,38,240
0,-3,38,240
0,8,38,240
480,7,48,120
0,-31,34,480
240,31,44,120
240,0,65,120
0,-15,31,360
0,-9,31,360
0,5,31,360
240,19,69,120
240,0,63,120
0,-19,49,360
0,-5,49,360
0,9,49,360
240,15,71,120
240,2,61,260
0,-33,47,480
240,31,56,260
240,-3,50,260
0,-12,35,360
0,-9,35,360
0,5,35,360
240,12,50,260
240,-5,48,240
0,-12,52,360
0,9,52,360
0,-4,52,360
240,8,53,240
240,1,57,120
0,-21,40,480
240,21,51,120
240,0,55,120
0,-9,35,360
0,3,35,360
0,-9,35,360
240,15,55,120
240,0,61,120
0,-15,31,360
0,9,31,360
0,-3,31,360
240,9,65,120
240,-2,58,260
0,-19,38,480
240,24,52,260
240,4,49,260
0,-16,30,360
0,4,30,360
0,-9,30,360
240,24,45,260
240,5,52,260
0,-24,36,360
0,4,36,360
0,-9,36,360
240,25,48,240
240,1,58,120
0,-27,38,480
240,27,49,120
240,0,61,120
0,-18,33,360
0,-3,33,360
0,9,33,360
240,12,57,120
240,0,65,120
0,-18,36,360
0,6,36,360
0,-9,36,360
240,21,65,120
240,0,75,180
0,-26,44,480
160,28,55,180
160,-2,55,180
160,-2,66,260
0,-15,29,360
0,8,29,360
0,-5,29,360
240,17,64,260
240,4,60,240
0,-21,44,240
0,5,44,240
0,-8,44,240
480,29,67,500
0,-38,27,480
480,36,52,260
0,-26,32,480
0,6,32,480
0,-4,32,480
240,22,50,260
240,-6,52,240
0,-18,37,240
0,6,37,240
0,-4,37,240
480,17,65,960
0,-24,44,1440
480,12,35,480
0,-8,35,480
480,12,55,80
0,-4,47,480
0,-3,47,480
80,9,49,80
80,-2,65,80
80,2,53,80
80,-2,67,80
80,-1,56,80
80,-1,87,250
0,-12,86,480
0,-12,86,480
480,28,62,260
0,-9,55,360
0,3,55,360
0,-10,55,360
240,17,62,260
240,2,67,360
0,-3,67,360
0,-6,65,360
0,-10,65,360
0,7,65,360
480,5,85,240
0,-19,74,480
480,24,73,260
0,-12,57,360
0,4,57,360
0,-9,57,360
240,19,69,260
240,-2,76,360
0,4,76,360
0,-16,62,360
0,4,62,360
0,-9,62,360
480,12,87,240
0,-20,65,480
480,27,73,260
0,-12,56,360
0,-7,56,360
0,10,56,360
240,11,68,260
240,-2,83,360
0,3,83,360
0,-15,69,360
0,3,69,360
0,-10,69,360
480,15,77,960
0,6,77,960
0,3,77,960
0,-31,61,240
480,16,61,240
0,-9,61,240
0,3,61,240
480,18,75,240
0,-6,75,240
0,9,75,240
0,-30,38,480
240,27,69,240
0,-6,69,240
0,9,69,240
240,-9,70,960
0,9,70,500
0,-3,70,960
0,-26,38,240
480,31,59,260
0,-19,41,240
0,-9,41,240
240,26,56,260
240,-10,53,240
0,8,53,240
0,-36,36,240
480,27,69,960
0,9,69,500
0,-34,31,240
480,36,47,260
0,-27,27,360
0,8,27,360
240,17,45,260
240,-1,52,240
0,-9,52,240
0,-15,41,240
0,8,41,240
480,16,66,500
0,-9,66,960
0,-24,39,240
480,34,53,260
0,-27,26,480
0,9,26,480
240,17,47,260
240,-2,67,240
0,-9,67,240
0,-10,34,240
0,4,34,240
480,15,64,500
0,-9,64,960
0,-17,23,1440
480,28,52,260
0,-21,33,480
0,5,33,480
240,14,48,260
240,-2,53,240
0,-8,53,240
0,-9,53,240
0,5,53,240
480,7,97,240
0,12,97,240
0,-48,91,480
0,12,91,480
480,28,57,260
0,-9,54,360
0,3,54,360
0,-10,54,360
240,17,53,260
240,-1,63,360
0,3,63,360
0,-9,58,360
0,-10,58,360
0,7,58,360
480,17,97,240
0,-12,97,240
0,-19,92,480
0,-12,92,480
480,36,60,260
0,-12,58,360
0,4,58,360
0,-9,58,360
240,19,57,260
240,2,68,360
0,-4,68,360
0,-8,64,360
0,-4,64,360
0,-5,64,360
480,12,96,240
0,12,96,240
0,-24,91,480
0,-12,91,480
480,31,72,260
0,-9,66,360
0,-10,66,360
0,7,66,360
240,14,70,260
240,1,80,360
0,-3,80,360
0,-9,72,360
0,-3,72,360
0,-7,72,360
480,15,99,480
0,6,99,480
0,3,99,480
0,-15,90,480
0,-16,90,480
0,10,90,480
0,-3,90,480
3840,15,49,240
0,6,49,240
0,3,49,240
0,-30,40,480
240,30,49,240
0,-9,49,240
0,6,49,240
240,0,55,960
0,-6,55,960
0,9,55,500
0,-29,48,240
480,31,53,260
0,-19,44,240
0,-9,44,240
240,26,52,260
240,-2,48,240
0,-8,48,240
0,-28,44,240
480,27,54,960
0,9,54,500
0,-34,39,240
480,36,51,260
0,-19,36,480
0,-8,36,480
240,25,48,260
240,-1,45,240
0,-9,45,240
0,-7,36,480
0,-8,36,480
480,15,44,960
0,9,44,500
0,-33,35,240
480,34,41,260
0,-18,32,480
0,-4,32,480
0,-5,32,480
240,26,38,260
240,-11,35,240
0,9,35,240
0,-24,32,480
0,9,30,480
0,-4,30,480
1920,-19,33,480
480,7,29,480
0,9,29,480
480,-9,31,480
0,9,31,480
480,-16,32,480
480,16,29,480
0,-9,29,480
480,0,31,480
0,9,31,480
480,-16,34,480
480,7,29,480
0,9,29,480
480,0,32,480
0,-9,32,480
480,-7,33,480
480,16,30,480
0,-9,30,480
480,0,32,480
0,9,32,480
480,8,40,120
0,-24,33,480
240,24,38,120
240,0,40,120
0,-8,29,480
0,-9,29,480
240,17,37,120
240,0,49,480
0,-17,31,480
0,9,31,480
480,0,39,240
0,-16,33,480
240,19,39,240
240,5,46,240
0,-17,30,360
0,9,30,360
240,12,45,240
240,5,55,420
0,-17,30,360
0,-9,30,360
420,26,44,60
60,-1,51,240
0,-32,36,480
420,32,39,60
60,-1,48,240
0,-9,33,360
0,-6,33,360
0,-4,33,360
420,19,39,60
60,-1,46,240
0,-8,30,360
0,-6,30,360
0,-4,30,360
420,18,35,60
60,-1,44,240
0,-17,33,360
0,4,33,360
0,6,33,360
420,7,33,60
60,-1,41,240
0,-6,29,360
0,-6,29,360
0,-4,29,360
420,16,32,60
60,-2,39,240
0,-14,29,360
0,4,29,360
0,6,29,360
480,2,44,120
0,-24,36,480
240,24,41,120
240,0,44,120
0,-7,31,360
0,4,31,360
0,-9,31,360
240,12,41,120
240,0,53,480
0,-3,31,360
0,-9,31,360
0,5,31,360
480,4,42,240
0,-21,36,480
240,24,42,240
240,5,50,240
0,-8,33,360
0,-9,33,360
0,5,33,360
240,16,49,240
240,5,59,420
0,-17,33,360
0,-4,33,360
0,-5,33,360
420,28,48,60
60,-2,56,240
0,-38,39,480
420,38,42,60
60,-1,52,240
0,-16,36,360
0,-4,36,360
0,-5,36,360
420,25,42,60
60,-1,50,240
0,-15,33,360
0,-4,33,360
0,-5,33,360
420,24,38,60
60,-1,48,240
0,-23,36,360
0,5,36,360
0,4,36,360
420,14,36,60
60,-1,45,240
0,-13,31,360
0,-4,31,360
0,-5,31,360
420,22,35,60
60,-1,42,240
0,-21,31,360
0,5,31,360
0,4,31,360
480,11,48,60
0,-20,39,240
0,-12,39,240
120,32,45,60
120,0,48,60
0,-20,32,180
0,5,32,180
0,6,32,180
120,9,37,60
120,0,48,60
0,-20,34,180
0,5,34,180
0,6,34,180
120,9,42,60
120,-3,46,120
0,-29,39,240
0,12,39,240
120,20,45,120
120,3,55,120
0,-23,35,180
0,5,35,180
0,6,35,180
120,15,53,120
120,6,70,158
0,-21,36,180
0,-6,36,180
0,-5,36,180
210,32,52,30
30,-1,62,120
0,-43,40,240
0,12,40,240
210,31,53,30
30,-1,65,120
0,-19,39,180
0,-3,39,180
0,-3,39,180
0,-5,39,180
210,30,54,30
30,-1,68,120
0,-18,44,180
0,-3,44,180
0,-3,44,180
0,-5,44,180
210,29,59,30
30,-1,70,120
0,-17,46,180
0,-3,46,180
0,-3,46,180
0,-5,46,180
210,28,60,30
30,-1,73,120
0,-16,46,180
0,-3,46,180
0,-3,46,180
0,-5,46,180
210,27,65,30
30,-1,76,60
0,-15,50,180
0,-3,50,180
0,-3,50,180
0,-5,50,180
210,26,70,30
30,14,88,120
0,-29,47,180
0,-3,47,180
0,-3,47,180
0,-5,47,180
210,40,71,30
30,-2,80,120
0,-27,38,180
0,-3,38,180
0,-3,38,180
0,-5,38,180
210,38,70,30
30,-1,80,120
0,-26,45,180
0,-3,45,180
0,-3,45,180
0,-5,45,180
210,37,69,30
30,-1,80,120
0,-25,47,180
0,-3,47,180
0,-3,47,180
0,-5,47,180
210,36,72,30
30,-1,80,120
0,-24,38,180
0,-3,38,180
0,-3,38,180
0,-5,38,180
210,35,70,30
30,-1,80,120
0,-23,45,180
0,-3,45,180
0,-3,45,180
0,-5,45,180
210,34,70,30
30,-1,80,120
0,-22,45,180
0,-4,45,180
0,-2,45,180
0,-5,45,180
210,33,70,30
30,-1,83,120
0,-21,43,180
0,-4,43,180
0,-2,43,180
0,-5,43,180
210,32,71,30
30,-1,86,120
0,-20,48,180
0,-4,48,180
0,-2,48,180
0,-5,48,180
210,31,73,30
30,-1,89,120
0,-19,49,180
0,-4,49,180
0,-2,49,180
0,-5,49,180
210,30,77,30
30,-1,92,120
0,-18,46,180
0,-4,46,180
0,-2,46,180
0,-5,46,180
210,29,79,30
30,-3,95,120
0,-15,52,180
0,-4,52,180
0,-2,52,180
0,-5,52,180
240,36,100,120
0,-12,100,120
0,-36,96,120
0,12,96,120
240,28,75,120
0,-18,74,180
0,2,74,180
0,4,74,180
0,3,74,180
120,10,84,120
120,-1,87,180
0,3,87,180
0,-19,80,180
0,-2,80,180
0,6,80,180
0,3,80,180
240,17,100,120
0,-12,100,120
0,-36,96,120
0,12,96,120
240,27,78,120
0,-9,76,180
0,-3,76,180
0,-3,76,180
0,-3,76,180
120,20,83,120
120,-2,86,180
0,3,86,180
0,-12,81,180
0,-3,81,180
0,-3,81,180
0,-3,81,180
240,27,100,120
0,-12,100,120
0,-36,96,120
0,12,96,120
240,26,86,120
0,-18,78,180
0,4,78,180
0,2,78,180
0,3,78,180
120,11,82,120
120,-2,89,180
0,3,89,180
0,-21,83,180
0,4,83,180
0,2,83,180
0,3,83,180
240,2,100,480
0,12,100,480
0,-3,100,480
0,-40,98,240
0,12,98,240
240,16,78,240
0,-4,78,240
0,-5,78,240
0,-3,78,240
240,27,95,120
0,-3,95,120
0,-9,95,120
0,-3,84,240
0,-4,84,240
0,-5,84,240
0,-3,84,240
120,27,92,120
0,-3,92,120
0,-9,92,120
120,9,100,240
0,-9,100,720
0,12,100,720
0,-48,97,240
0,12,97,240
240,34,96,120
0,-15,78,180
0,-3,78,180
0,-4,78,180
0,-2,78,180
120,23,91,120
120,-2,96,120
0,-12,84,120
0,-3,84,120
0,-4,84,120
0,-2,84,120
240,21,94,240
0,-7,94,720
0,12,94,720
0,-43,85,240
0,12,85,240
240,28,84,120
0,-16,71,180
0,-5,71,180
0,-3,71,180
120,22,78,120
120,-2,75,120
0,-12,66,120
0,-5,66,120
0,-3,66,120
240,24,77,480
0,-9,77,240
0,-24,67,240
0,12,67,240
240,14,69,120
0,-10,53,180
0,-6,53,180
0,2,53,180
0,-5,53,180
120,17,58,120
120,7,62,120
0,-9,62,120
0,-6,56,120
0,-4,56,120
0,-2,56,120
0,-3,56,120
240,24,71,480
0,-9,71,240
0,-29,63,240
0,12,63,240
240,19,62,120
0,-9,42,180
0,-3,42,180
0,-7,42,180
120,17,52,120
120,7,56,120
0,-8,56,120
0,-6,49,120
0,-3,49,120
0,-7,49,120
240,12,68,720
0,12,68,720
0,-31,62,240
0,12,62,240
240,12,55,120
0,-8,47,180
0,-4,47,180
0,-5,47,180
120,19,57,120
120,-2,59,120
0,4,59,120
0,-12,51,120
0,-4,51,120
0,-5,51,120
240,12,65,720
0,12,65,720
0,-31,59,240
0,12,59,240
240,12,51,120
0,-9,45,180
0,-3,45,180
0,-5,45,180
120,19,54,120
120,-2,56,120
0,3,56,120
0,-12,48,120
0,-3,48,120
0,-5,48,120
240,12,62,720
0,12,62,720
0,-36,56,240
240,28,46,120
0,-21,45,180
0,5,45,180
0,4,45,180
120,13,49,120
120,-1,51,120
0,3,51,120
0,-24,48,120
0,5,48,120
0,4,48,120
240,3,59,480
0,9,59,480
0,3,59,480
0,-31,52,240
240,7,41,180
0,5,41,180
0,4,41,180
240,3,49,120
0,9,49,120
0,3,49,120
0,-24,45,180
0,5,45,180
0,4,45,180
120,3,45,120
0,9,45,120
0,3,45,120
120,-3,55,240
0,-9,55,720
0,12,55,720
0,-31,48,240
240,29,48,120
0,-12,38,180
0,-6,38,180
0,-4,38,180
120,21,43,120
120,-2,48,120
0,-19,44,120
0,4,44,120
0,6,44,120
240,9,55,240
0,-7,52,720
0,12,52,720
0,-31,46,240
240,28,46,120
0,-21,38,180
0,5,38,180
0,4,38,180
120,10,44,120
120,-2,47,120
0,-8,41,120
0,-4,41,120
0,-5,41,120
240,16,46,240
0,9,50,60
0,-32,46,240
120,32,46,60
120,0,50,60
0,-15,31,180
0,-3,31,180
0,-7,31,180
120,25,45,60
120,0,39,60
0,-25,39,180
0,7,39,180
0,3,39,180
120,15,46,60
120,0,48,120
0,-32,43,240
120,31,43,120
120,-3,47,120
0,-21,29,180
0,5,29,180
0,4,29,180
120,8,41,120
120,-5,46,120
0,-3,34,120
0,-4,34,120
0,-5,34,120
240,21,55,240
0,-9,55,720
0,12,55,720
0,-31,48,240
240,29,42,120
0,-12,38,180
0,-6,38,180
0,-4,38,180
120,21,45,120
120,-2,48,120
0,-19,44,120
0,4,44,120
0,6,44,120
240,9,55,240
0,-7,52,720
0,12,52,720
0,-31,46,240
240,28,46,120
0,-21,37,180
0,5,37,180
0,4,37,180
120,10,44,120
120,-2,40,120
0,-8,41,120
0,-4,41,120
0,-5,41,120
240,16,50,120
0,10,50,60
0,-33,46,240
120,33,48,60
120,0,50,60
0,-16,36,180
0,-3,36,180
0,-7,36,180
120,26,47,60
120,0,44,60
0,-26,39,180
0,7,39,180
0,3,39,180
120,16,47,60
120,0,48,120
0,-33,43,240
120,31,45,120
120,-3,47,120
0,-21,33,180
0,5,33,180
0,4,33,180
120,8,42,120
120,-5,46,120
0,-3,36,120
0,-4,36,120
0,-5,36,120
240,16,52,120
0,9,52,60
0,-32,46,240
120,32,50,60
120,0,53,60
0,-15,40,180
0,-3,40,180
0,-7,40,180
120,25,51,60
120,0,48,60
0,-25,43,180
0,7,43,180
0,3,43,180
120,15,53,60
120,0,56,120
0,-32,48,240
120,31,53,120
120,-2,57,120
0,-22,42,180
0,7,42,180
0,3,42,180
120,9,56,120
120,-3,55,120
0,-6,44,120
0,-3,44,120
0,-7,44,120
240,33,73,120
0,-40,56,240
120,38,59,120
120,-3,64,120
0,-28,49,180
0,7,49,180
0,3,49,180
120,15,59,120
120,-3,58,120
0,-12,51,120
0,-3,51,120
0,-7,51,120
240,37,80,120
0,-44,67,240
120,41,67,120
120,-3,71,120
0,-31,56,180
0,7,56,180
0,3,56,180
120,18,67,120
120,-3,68,120
0,-15,60,120
0,-3,60,120
0,-7,60,120
240,49,90,120
0,-56,67,240
0,12,67,240
120,40,74,120
120,4,77,120
0,-33,61,240
0,-3,61,240
0,-3,61,240
0,-5,61,240
120,41,76,120
120,-3,74,120
120,-3,72,120
120,-3,80,120
0,-21,63,180
0,-3,63,180
0,-3,63,180
0,-5,63,180
120,28,73,120
120,4,77,120
0,-21,58,180
0,-3,58,180
0,-3,58,180
0,-5,58,180
120,29,76,120
120,-3,76,120
120,-3,75,120
120,-3,80,120
0,-9,63,180
0,-3,63,180
0,-3,63,180
0,-5,63,180
120,16,73,120
120,3,75,120
0,-8,60,180
0,-3,60,180
0,-3,60,180
0,-5,60,180
120,17,74,120
120,-3,73,120
120,-3,72,120
120,-3,80,120
120,-4,73,120
120,4,76,120
120,-3,75,120
120,-3,75,120
120,-3,74,120
120,1,89,120
0,-24,67,120
0,12,67,120
240,16,50,120
120,1,50,120
120,2,50,120
120,2,50,120
120,2,50,120
120,1,50,120
120,2,50,120
120,2,50,120
120,1,50,120
120,1,50,120
120,3,53,120
120,-2,50,120
120,-3,45,120
0,-4,33,180
0,-5,33,180
0,-3,33,180
120,13,45,120
120,2,46,120
0,-3,33,180
0,-4,33,180
0,-5,33,180
0,-3,33,180
120,17,47,120
120,2,50,120
0,-7,36,180
0,-4,36,180
0,-5,36,180
0,-3,36,180
120,20,50,120
120,2,50,120
0,-10,33,180
0,-4,33,180
0,-5,33,180
0,-3,33,180
120,24,49,120
120,1,51,120
0,-13,33,180
0,-4,33,180
0,-5,33,180
0,-3,33,180
120,26,53,120
120,3,59,120
0,-17,33,180
0,-4,33,180
0,-5,33,180
0,-3,33,180
120,27,55,120
120,-3,51,120
0,-12,30,180
0,-4,30,180
0,-5,30,180
0,-3,30,180
120,25,50,120
120,2,50,120
0,-15,30,180
0,-4,30,180
0,-5,30,180
0,-3,30,180
120,29,51,120
120,2,52,120
0,-19,33,180
0,-4,33,180
0,-5,33,180
0,-3,33,180
120,32,53,120
120,2,54,120
0,-22,29,180
0,-4,29,180
0,-5,29,180
0,-3,29,180
120,36,55,120
120,1,55,120
0,-25,29,180
0,-4,29,180
0,-5,29,180
0,-3,29,180
120,38,56,120
120,3,65,120
0,-29,33,180
0,-4,33,180
0,-5,33,180
0,-3,33,180
120,39,58,120
120,-3,55,120
0,-24,31,180
0,-4,31,180
0,-5,31,180
0,-3,31,180
120,37,51,120
120,1,53,120
0,-26,31,180
0,-4,31,180
0,-5,31,180
0,-3,31,180
120,39,55,120
120,2,64,120
0,-29,33,180
0,-4,33,180
0,-5,33,180
0,-3,33,180
120,39,59,120
120,-3,51,120
0,-24,30,180
0,-4,30,180
0,-5,30,180
0,-3,30,180
120,37,52,120
120,1,54,120
0,-26,30,180
0,-4,30,180
0,-5,30,180
0,-3,30,180
120,39,55,120
120,5,57,120
0,-32,33,240
0,-4,33,240
0,-5,33,240
0,-3,33,240
240,36,50,120
120,1,51,120
120,1,53,120
120,1,55,120
120,5,57,120
0,-36,29,240
0,-12,29,240
0,4,29,240
240,36,46,120
120,1,48,120
120,1,50,120
120,1,52,120
120,5,54,120
0,-32,31,240
0,-4,31,240
0,-5,31,240
0,-3,31,240
240,36,49,120
120,1,50,120
120,1,52,120
120,1,53,120
120,5,55,120
0,-41,33,240
0,9,33,240
0,3,33,240
240,21,50,120
120,1,52,120
120,1,55,120
120,1,57,120
120,5,59,120
0,-36,36,240
0,4,36,240
0,8,36,240
240,16,50,120
120,1,51,120
120,1,53,120
120,1,55,120
120,5,57,120
0,-41,35,240
0,9,35,240
0,3,35,240
240,21,44,120
120,1,46,120
120,1,48,120
120,1,50,120
120,5,53,120
0,-20,33,240
0,-4,33,240
0,-8,33,240
240,24,33,120
120,1,35,120
120,1,37,120
120,1,39,120
120,5,42,120
0,-17,28,240
0,-3,28,240
0,-9,28,240
240,21,30,120
120,1,31,120
120,1,32,120
120,1,33,120
120,5,34,120
0,-8,34,120
0,-4,24,240
0,-8,24,240
1440,12,92,120
0,-4,92,120
0,-5,78,120
0,-3,78,120
0,-16,76,120
0,7,76,120
0,5,90,120
720,4,92,120
0,-4,92,120
0,-5,78,120
0,-3,78,120
0,-4,90,120
0,-5,76,120
0,-7,76,120
240,28,92,120
0,-4,92,120
0,-5,78,120
0,-3,78,120
0,-16,76,120
0,7,76,120
0,5,90,120
240,16,92,120
0,-4,92,120
0,-5,78,120
0,-3,78,120
0,-4,90,120
0,-5,76,120
0,-7,76,120
240,0,113,720
0,-24,91,720