960,70,49,480
480,0,48,160
0,-31,36,160
160,19,37,160
0,-3,28,160
160,12,37,160
0,-21,28,160
160,29,52,160
0,-36,33,160
160,24,39,160
0,-8,29,160
160,15,40,160
0,-24,30,160
160,33,56,160
0,-40,36,160
160,28,41,160
0,-9,32,160
160,17,44,160
0,-29,32,160
160,36,63,160
0,-43,41,160
160,31,49,160
0,-7,33,160
160,16,50,160
0,-24,34,160
160,32,68,160
0,-41,42,160
160,29,52,160
0,-8,35,160
160,15,55,160
0,-24,37,160
160,33,71,160
0,-40,47,160
160,28,54,160
0,-9,39,160
160,12,57,160
0,-24,45,160
160,31,75,160
0,-38,55,160
160,23,58,160
0,-3,39,160
160,9,56,160
0,-21,38,160
160,28,72,160
0,-36,49,160
160,24,56,160
0,-3,38,160
160,8,55,160
0,-20,36,160
160,24,68,160
0,-33,41,160
160,21,51,160
0,-4,33,160
160,12,49,160
0,-18,32,160
160,22,70,160
0,-33,46,160
160,21,51,160
0,-5,36,160
160,12,46,160
0,-16,32,160
160,19,62,160
0,-24,39,160
160,12,43,160
0,-3,30,160
160,8,43,160
0,-12,30,160
160,16,60,160
0,-28,35,160
160,16,43,160
0,-4,29,160
160,7,41,160
0,-15,29,160
160,20,53,160
0,-34,36,160
160,22,38,160
0,-3,28,160
160,9,38,160
0,-16,29,160
160,21,54,160
0,-26,34,160
160,14,44,160
0,-2,30,160
160,9,48,160
0,-16,32,160
160,22,64,160
0,-34,41,160
160,22,51,160
0,-3,37,160
160,9,55,160
0,-16,42,160
160,26,70,160
0,-33,50,160
160,21,55,160
0,-4,35,160
160,7,53,160
0,-17,35,160
160,24,65,160
0,-27,43,160
160,15,49,160
0,-3,36,160
160,8,47,160
0,-17,34,160
160,21,63,160
0,-28,39,160
160,16,42,160
0,-4,34,160
160,7,41,160
0,-12,33,160
160,22,53,160
0,-34,36,160
160,22,38,160
0,-3,28,160
160,9,38,160
0,-16,29,160
160,21,54,160
0,-26,34,160
160,14,44,160
0,-3,30,160
160,10,47,160
0,-16,32,160
160,22,59,160
0,-34,38,160
160,22,50,160
0,-3,34,160
160,9,54,160
0,-16,35,160
160,26,67,160
0,-33,49,160
160,21,49,160
0,-4,35,160
160,9,48,160
0,-16,35,160
160,21,60,160
0,-24,43,160
160,12,43,160
0,-3,35,160
160,6,42,160
0,-15,34,160
160,19,58,160
0,-26,39,160
160,14,42,160
0,-4,33,160
160,9,41,160
0,-15,32,160
160,20,53,160
0,-31,36,160
160,19,38,160
0,-3,28,160
160,12,37,160
0,-21,28,160
160,29,52,160
0,-36,33,160
160,24,39,160
0,-8,29,160
160,15,40,160
0,-24,30,160
160,33,56,160
0,-40,36,160
160,28,41,160
0,-9,32,160
160,17,44,160
0,-29,32,160
160,36,69,160
0,-43,40,160
160,31,49,160
0,-7,33,160
160,16,50,160
0,-24,34,160
160,32,74,160
0,-41,42,160
160,29,52,160
0,-8,35,160
160,15,55,160
0,-24,37,160
160,33,77,160
0,-40,50,160
160,28,63,160
0,-9,39,160
160,12,68,160
0,-24,44,160
160,31,81,160
0,-38,54,160
160,23,64,160
0,-3,39,160
160,9,61,160
0,-21,38,160
160,28,75,160
0,-36,49,160
160,24,56,160
0,-3,38,160
160,8,55,160
0,-20,36,160
160,24,67,160
0,-33,41,160
160,21,51,160
0,-4,33,160
160,12,49,160
0,-18,32,160
160,22,70,160
0,-33,46,160
160,21,42,160
0,-5,30,160
160,12,43,160
0,-16,31,160
160,19,62,160
0,-24,39,160
160,12,43,160
0,-3,30,160
160,8,43,160
0,-12,30,160
160,16,60,160
0,-28,35,160
160,16,43,160
0,-4,29,160
160,12,41,160
0,-20,29,160
160,23,57,160
0,-31,36,160
160,19,38,160
0,-3,28,160
160,12,37,160
0,-18,28,160
160,20,53,160
0,-26,33,160
160,14,39,160
0,-2,29,160
160,12,40,160
0,-18,30,160
160,21,59,160
0,-31,36,160
160,19,41,160
0,-3,32,160
160,12,44,160
0,-18,32,160
160,22,63,160
0,-33,40,160
160,21,42,160
0,-5,31,160
160,12,42,160
0,-19,32,160
160,26,67,160
0,-36,38,160
160,24,47,160
0,-7,32,160
160,12,52,160
0,-20,34,160
160,28,70,160
0,-39,45,160
160,27,51,160
0,-8,36,160
160,12,55,160
0,-19,40,160
160,29,75,160
0,-43,54,160
160,31,55,160
0,-2,42,160
160,7,55,160
0,-14,45,160
160,23,72,160
0,-33,52,160
160,21,54,160
0,-4,42,160
160,7,48,160
0,-14,35,160
160,18,67,160
0,-21,42,160
160,9,48,160
0,-4,37,160
160,12,50,160
0,-14,37,160
160,21,68,160
0,-38,50,160
160,26,52,160
0,-9,36,160
160,14,48,160
0,-24,37,160
160,29,67,160
0,-36,43,160
160,24,43,160
0,-8,36,160
160,15,42,160
0,-24,34,160
160,24,65,160
0,-31,39,160
160,19,42,160
0,-4,34,160
160,9,41,160
0,-17,33,160
160,24,59,160
0,-33,36,160
160,21,47,160
0,-6,28,160
160,12,41,160
0,-18,29,160
160,22,54,160
0,-26,34,160
160,14,41,160
0,-4,30,160
160,11,43,160
0,-17,32,160
160,24,64,160
0,-40,38,160
160,24,44,160
0,-2,34,160
160,9,47,160
0,-15,35,160
160,27,70,160
0,-38,49,160
160,19,53,160
0,-3,35,160
160,12,52,160
0,-16,35,160
160,24,67,160
0,-29,43,160
160,12,43,160
0,-3,36,160
160,12,42,160
0,-16,34,160
160,19,62,160
0,-31,39,160
160,19,42,160
0,-3,34,160
160,12,41,160
0,-21,33,160
160,28,53,160
0,-40,36,160
160,24,38,160
0,-2,28,160
160,12,38,160
0,-18,29,160
160,22,54,160
0,-31,34,160
160,17,41,160
0,-2,30,160
160,11,43,160
0,-17,32,160
160,24,59,160
0,-40,38,160
160,24,49,160
0,-2,34,160
160,9,47,160
0,-15,35,160
160,27,69,160
0,-38,50,160
160,19,51,160
0,-3,35,160
160,12,50,160
0,-16,35,160
160,24,67,160
0,-29,43,160
160,12,43,160
0,-3,36,160
160,12,42,160
0,-16,34,160
160,19,62,160
0,-31,39,160
160,19,42,160
0,-3,34,160
160,12,41,160
0,-21,33,160
160,27,58,160
0,-34,36,160
160,22,38,160
0,-6,28,160
160,12,38,160
0,-21,29,160
160,33,63,160
0,-40,38,160
160,22,44,160
0,-3,30,160
160,12,45,160
0,-19,32,160
160,31,68,160
0,-43,42,160
160,28,48,160
0,-6,34,160
160,12,51,160
0,-18,36,160
160,28,76,160
0,-45,49,160
160,29,53,160
0,-5,36,160
160,12,52,160
0,-19,35,160
160,29,72,160
0,-34,38,160
160,17,43,160
0,-3,32,160
160,12,43,160
0,-21,32,160
160,25,66,160
0,-30,39,160
160,15,53,160
0,-3,33,160
160,9,54,160
0,-15,33,160
160,25,71,160
0,-31,48,160
160,16,55,160
0,-4,35,160
160,10,52,160
0,-15,37,160
160,26,70,160
0,-33,45,160
160,16,51,160
0,-4,38,160
160,12,47,160
0,-14,30,160
160,18,62,160
0,-28,37,160
160,16,42,160
0,-6,32,160
160,9,43,160
0,-15,31,160
160,27,70,160
0,-38,50,160
160,19,48,160
0,-2,36,160
160,12,47,160
0,-22,37,160
160,29,65,160
0,-36,43,160
160,19,43,160
0,-3,36,160
160,12,42,160
0,-21,34,160
160,24,59,160
0,-31,39,160
160,19,42,160
0,-4,34,160
160,9,41,160
0,-17,33,160
160,24,57,160
0,-33,43,160
160,21,38,160
0,-6,28,160
160,12,38,160
0,-18,29,160
160,22,59,160
0,-26,40,160
160,14,45,160
0,-4,30,160
160,11,47,160
0,-17,32,160
160,24,66,160
0,-40,42,160
160,24,53,160
0,-2,34,160
160,9,56,160
0,-15,35,160
160,27,71,160
0,-38,47,160
160,19,53,160
0,-3,35,160
160,12,52,160
0,-16,35,160
160,24,66,160
0,-29,43,160
160,12,49,160
0,-3,36,160
160,12,46,160
0,-16,31,160
160,19,59,160
0,-31,39,160
160,19,42,160
0,-3,34,160
160,12,41,160
0,-21,33,160
160,28,56,160
0,-40,36,160
160,24,38,160
0,-2,28,160
160,12,38,160
0,-18,29,160
160,22,56,160
0,-31,34,160
160,17,43,160
0,-2,30,160
160,11,47,160
0,-17,32,160
160,24,66,160
0,-40,38,160
160,24,49,160
0,-2,35,160
160,9,54,160
0,-15,38,160
160,27,72,160
0,-38,47,160
160,19,53,160
0,-3,35,160
160,12,52,160
0,-16,35,160
160,24,68,160
0,-29,43,160
160,12,43,160
0,-3,36,160
160,12,42,160
0,-16,34,160
160,23,63,160
0,-35,39,160
160,19,42,160
0,-3,34,160
160,12,41,160
0,-21,33,160
160,27,60,160
0,-33,40,160
160,18,43,160
0,-3,31,160
160,12,43,160
0,-18,32,160
160,27,67,160
0,-33,43,160
160,18,44,160
0,-3,35,160
160,12,46,160
0,-21,34,160
160,26,63,160
0,-33,39,160
160,18,46,160
0,-3,35,160
160,12,49,160
0,-21,36,160
160,30,72,160
0,-33,48,160
160,18,47,160
0,-3,39,160
160,12,46,160
0,-21,40,160
160,26,71,160
0,-33,44,160
160,18,48,160
0,-3,36,160
160,12,49,160
0,-21,40,160
160,30,77,160
0,-33,55,160
160,18,51,160
0,-3,43,160
160,12,53,160
0,-21,43,160
160,26,74,160
0,-33,54,160
160,18,58,160
0,-3,41,160
160,12,63,160
0,-21,46,160
160,30,88,160
0,-33,60,160
160,18,66,160
0,-3,48,160
160,12,68,160
0,-21,48,160
160,26,84,160
0,-33,58,160
160,18,68,160
0,-3,44,160
160,12,66,160
0,-21,49,160
160,30,94,160
0,-33,69,160
160,18,69,160
0,-3,49,160
160,12,70,160
0,-21,50,160
160,26,88,160
0,-33,62,160
160,18,63,160
0,-3,51,160
160,12,64,160
0,-21,51,160
160,30,85,240
0,-31,67,240
480,12,48,160
0,-31,36,160
160,19,37,160
0,-3,28,160
160,12,37,160
0,-21,31,160
160,29,52,160
0,-36,39,160
160,24,42,160
0,-8,33,160
160,15,44,160
0,-24,36,160
160,33,61,160
0,-40,36,160
160,28,51,160
0,-9,32,160
160,17,54,160
0,-29,32,160
160,36,66,160
0,-43,42,160
160,31,57,160
0,-7,33,160
160,16,57,160
0,-24,34,160
160,32,74,160
0,-41,42,160
160,29,59,160
0,-8,35,160
160,15,62,160
0,-24,37,160
160,33,73,160
0,-40,47,160
160,28,60,160
0,-9,39,160
160,12,65,160
0,-24,41,160
160,31,79,160
0,-38,54,160
160,23,58,160
0,-3,39,160
160,9,52,160
0,-21,36,160
160,28,76,160
0,-36,49,160
160,24,56,160
0,-3,38,160
160,8,51,160
0,-20,33,160
160,24,70,160
0,-33,41,160
160,21,51,160
0,-4,33,160
160,12,49,160
0,-18,32,160
160,22,70,160
0,-33,46,160
160,21,42,160
0,-5,30,160
160,12,43,160
0,-16,31,160
160,19,62,160
0,-24,39,160
160,12,43,160
0,-3,30,160
160,8,43,160
0,-12,30,160
160,16,60,160
0,-28,35,160
160,16,43,160
0,-4,29,160
160,7,41,160
0,-15,29,160
160,20,53,160
0,-34,36,160
160,22,38,160
0,-3,28,160
160,9,38,160
0,-16,29,160
160,21,54,160
0,-26,34,160
160,14,41,160
0,-2,30,160
160,9,43,160
0,-16,32,160
160,22,64,160
0,-34,45,160
160,22,51,160
0,-3,34,160
160,9,57,160
0,-16,40,160
160,26,71,160
0,-33,50,160
160,21,51,160
0,-4,35,160
160,7,51,160
0,-17,35,160
160,24,67,160
0,-27,43,160
160,15,43,160
0,-3,36,160
160,8,42,160
0,-17,34,160
160,21,63,160
0,-28,39,160
160,16,42,160
0,-4,34,160
160,7,41,160
0,-12,33,160
160,22,53,160
0,-34,36,160
160,22,38,160
0,-3,28,160
160,9,38,160
0,-16,29,160
160,21,54,160
0,-26,34,160
160,14,41,160
0,-3,30,160
160,10,43,160
0,-16,32,160
160,22,65,160
0,-34,38,160
160,22,51,160
0,-3,36,160
160,9,58,160
0,-16,35,160
160,26,71,160
0,-33,51,160
160,21,54,160
0,-4,35,160
160,9,51,160
0,-16,35,160
160,21,60,160
0,-24,43,160
160,12,43,160
0,-3,35,160
160,6,42,160
0,-15,34,160
160,19,58,160
0,-26,39,160
160,14,42,160
0,-4,33,160
160,9,41,160
0,-15,32,160
160,20,53,160
0,-31,36,160
160,19,38,160
0,-3,28,160
160,12,37,160
0,-21,28,160
160,29,51,160
0,-36,33,160
160,24,38,160
0,-8,28,160
160,15,40,160
0,-24,29,160
160,33,54,160
0,-40,35,160
160,28,40,160
0,-9,31,160
160,17,43,160
0,-29,31,160
160,36,65,160
0,-43,39,160
160,31,47,160
0,-7,31,160
160,16,47,160
0,-24,32,160
160,32,70,160
0,-41,40,160
160,29,49,160
0,-8,33,160
160,15,51,160
0,-24,35,160
160,33,73,160
0,-40,44,160
160,28,51,160
0,-9,37,160
160,12,53,160
0,-24,38,160
160,32,81,160
0,-45,55,160
160,30,57,160
0,-15,36,160
160,21,59,160
0,-27,36,160
160,35,77,160
0,-42,49,160
160,27,57,160
0,-12,37,160
160,18,58,160
0,-24,36,160
160,32,76,160
0,-39,47,160
160,24,52,160
0,-9,34,160
160,15,51,160
0,-21,33,160
160,29,84,160
0,-36,54,160
160,21,53,160
0,-6,38,160
160,12,53,160
0,-18,35,160
160,26,75,160
0,-33,46,160
160,18,52,160
0,-3,34,160
160,9,48,160
0,-15,34,160
160,23,70,160
0,-30,42,160
160,18,52,160
0,-3,35,160
160,9,51,160
0,-15,35,160
160,20,74,160
0,-28,47,160
160,16,50,160
0,-4,36,160
160,9,49,160
0,-12,43,160
160,21,79,160
0,-26,54,160
160,12,56,160
0,-4,42,160
160,9,58,160
0,-12,42,160
160,22,86,160
0,-31,60,160
160,16,61,160
0,-4,46,160
160,9,65,160
0,-12,49,160
160,24,89,160
0,-36,62,160
160,24,62,160
0,-2,46,160
160,9,63,160
0,-16,46,160
160,23,80,160
0,-28,50,160
160,16,50,160
0,-4,37,160
160,9,51,160
0,-16,38,160
160,21,75,160
0,-33,46,160
160,21,47,160
0,-2,37,160
160,5,48,160
0,-12,35,160
160,16,70,160
0,-40,46,160
160,28,51,160
0,-4,35,160
160,9,50,160
0,-12,38,160
160,21,68,160
0,-26,47,160
160,14,53,160
0,-6,38,160
160,9,49,160
0,-12,32,160
160,19,61,160
0,-31,38,160
160,19,44,160
0,-4,34,160
160,9,46,160
0,-14,34,160
160,14,57,160
0,-31,37,160
160,19,42,160
0,-2,28,160
160,9,41,160
0,-16,31,160
160,23,55,160
0,-26,38,160
160,12,44,160
0,-3,31,160
160,10,44,160
0,-16,32,160
160,18,50,160
0,-28,31,160
160,16,36,160
0,-4,27,160
160,12,37,160
0,-14,27,160
160,19,52,160
0,-36,32,160
160,24,40,160
0,-8,27,160
160,15,41,160
0,-24,28,160
160,36,61,160
0,-43,36,160
160,28,44,160
0,-9,29,160
160,17,47,160
0,-29,32,160
160,37,68,160
0,-44,40,160
160,28,48,160
0,-9,34,160
160,17,51,160
0,-29,36,160
160,36,68,160
0,-43,46,160
160,29,51,160
0,-12,54,160
160,18,49,160
0,-28,33,160
160,35,69,160
0,-42,42,160
160,29,49,160
0,-10,32,160
160,16,46,160
0,-28,30,160
160,34,63,160
0,-41,34,160
160,29,45,160
0,-10,28,160
160,16,40,160
0,-28,26,160
160,33,52,160
0,-40,32,160
160,28,40,160
0,-9,27,160
160,17,41,160
0,-29,28,160
160,36,61,160
0,-43,36,160
160,28,44,160
0,-9,29,160
160,17,47,160
0,-29,32,160
160,38,67,160
0,-45,40,160
160,28,48,160
0,-9,34,160
160,17,51,160
0,-29,36,160
160,36,69,160
0,-43,40,160
160,29,51,160
0,-12,42,160
160,18,49,160
0,-28,33,160
160,35,62,160
0,-42,42,160
160,29,49,160
0,-10,32,160
160,16,46,160
0,-28,30,160
160,34,55,160
0,-41,34,160
160,29,45,160
0,-10,28,160
160,16,40,160
0,-28,26,160
160,33,52,160
0,-40,32,160
160,28,40,160
0,-9,27,160
160,17,42,160
0,-29,28,160
160,36,65,160
0,-43,39,160
160,28,48,160
0,-9,29,160
160,21,50,160
0,-33,32,160
160,41,75,160
0,-44,45,160
160,32,54,160
0,-17,35,160
160,24,58,160
0,-31,37,160
160,40,82,160
0,-48,53,160
160,31,59,160
0,-9,35,160
160,18,56,160
0,-24,35,160
160,30,74,160
0,-39,47,160
160,24,55,160
0,-9,34,160
160,14,53,160
0,-20,33,160
160,28,71,160
0,-39,45,160
160,24,52,160
0,-9,31,160
160,16,51,160
0,-24,29,160
160,32,75,160
0,-42,44,160
160,27,57,160
0,-9,33,160
160,15,51,160
0,-24,33,160
160,32,70,160
0,-35,40,160
160,20,51,160
0,-8,31,160
160,15,50,160
0,-24,29,160
160,30,65,160
0,-40,33,160
160,28,45,160
0,-9,27,160
160,15,44,160
0,-24,26,160
160,30,61,160
0,-38,35,160
160,22,46,160
0,-6,29,160
160,15,45,160
0,-21,29,160
160,26,58,160
0,-29,33,160
160,14,44,160
0,-5,28,160
160,10,43,160
0,-16,28,160
160,24,55,160
0,-34,32,160
160,19,43,160
0,-7,27,160
160,16,39,160
0,-18,26,160
160,23,52,160
0,-40,32,160
160,24,40,160
0,-8,27,160
160,20,41,160
0,-29,28,160
160,36,61,160
0,-43,36,160
160,28,49,160
0,-9,29,160
160,17,51,160
0,-29,32,160
160,37,69,160
0,-44,40,160
160,28,55,160
0,-9,34,160
160,17,52,160
0,-29,33,160
160,36,68,160
0,-43,46,160
160,29,51,160
0,-12,34,160
160,18,49,160
0,-28,33,160
160,35,65,160
0,-42,42,160
160,29,49,160
0,-10,32,160
160,16,46,160
0,-28,30,160
160,34,63,160
0,-41,34,160
160,29,45,160
0,-10,28,160
160,16,40,160
0,-28,26,160
160,33,52,160
0,-40,32,160
160,28,40,160
0,-9,27,160
160,17,41,160
0,-29,28,160
160,36,61,160
0,-43,36,160
160,28,44,160
0,-9,29,160
160,17,47,160
0,-29,32,160
160,38,67,160
0,-45,40,160
160,28,48,160
0,-9,34,160
160,17,51,160
0,-29,36,160
160,36,66,160
0,-43,40,160
160,29,51,160
0,-12,40,160
160,18,49,160
0,-28,33,160
160,35,62,160
0,-42,42,160
160,29,49,160
0,-10,32,160
160,16,46,160
0,-28,30,160
160,34,55,160
0,-41,34,160
160,29,45,160
0,-10,28,160
160,16,40,160
0,-28,26,160
160,33,52,160
0,-40,32,160
160,28,40,160
0,-9,27,160
160,17,42,160
0,-29,28,160
160,36,65,160
0,-43,39,160
160,31,48,160
0,-12,29,160
160,21,50,160
0,-33,32,160
160,41,75,160
0,-48,45,160
160,36,54,160
0,-17,35,160
160,24,58,160
0,-31,37,160
160,40,69,160
0,-60,43,160
160,43,54,160
0,-15,30,160
160,24,53,160
0,-30,30,160
160,36,68,160
0,-46,45,160
160,31,55,160
0,-15,35,160
160,24,56,160
0,-30,33,160
160,35,73,160
0,-44,45,160
160,30,59,160
0,-15,31,160
160,24,58,160
0,-31,30,473
160,36,76,160
0,-43,45,160
160,28,54,160
0,-12,34,160
160,20,51,160
0,-29,34,480
160,35,70,160
0,-42,41,160
160,27,53,160
0,-12,32,160
160,21,53,160
0,-28,31,480
160,31,66,160
0,-39,35,160
160,24,47,160
0,-6,29,160
160,12,47,160
0,-21,28,480
160,30,65,160
0,-38,37,160
160,23,48,160
0,-6,30,160
160,12,47,160
0,-21,30,160
160,28,60,160
0,-36,34,160
160,24,45,160
0,-7,28,160
160,12,43,160
0,-20,28,160
160,19,55,160
0,-40,32,160
160,28,43,160
0,-6,27,160
160,14,39,160
0,-24,26,160
160,29,52,160
0,-36,32,160
160,24,40,160
0,-8,27,160
160,15,40,160
0,-24,27,160
160,36,66,160
0,-43,45,160
160,24,45,160
0,-5,27,160
160,12,45,160
0,-24,29,160
160,29,62,160
0,-36,39,160
160,24,44,160
0,-8,28,160
160,15,46,160
0,-24,28,160
160,35,71,160
0,-42,48,160
160,24,52,160
0,-5,31,160
160,12,52,160
0,-24,31,160
160,29,67,160
0,-36,43,160
160,24,49,160
0,-8,31,160
160,15,48,160
0,-24,30,160
160,34,75,160
0,-41,52,160
160,24,55,160
0,-5,31,160
160,12,52,160
0,-24,30,160
160,29,69,160
0,-36,44,160
160,24,49,160
0,-8,32,160
160,15,49,160
0,-24,32,160
160,33,76,160
0,-40,48,160
160,24,52,160
0,-5,31,160
160,12,52,160
0,-24,33,160
160,29,65,160
0,-36,44,160
160,24,49,160
0,-8,31,160
160,15,52,160
0,-24,36,160
160,32,71,160
0,-39,52,160
160,24,53,160
0,-5,34,160
160,12,52,160
0,-24,33,160
160,29,64,160
0,-36,42,160
160,24,45,160
0,-8,29,160
160,15,43,160
0,-24,29,160
160,33,63,160
0,-40,38,160
160,24,46,160
0,-5,29,160
160,12,41,160
0,-24,27,160
160,29,54,480
0,-36,33,480
1440,55,87,480
0,5,102,480
0,-12,87,480
0,-20,69,480
0,3,73,480
0,5,73,480
0,4,88,480
1440,-12,98,1440
0,-12,81,1440
0,3,81,1440
0,5,98,1440
0,-24,67,1440
0,7,67,1440