0,37,30,120
120,28,26,120
120,-9,26,120
120,9,26,120
120,-4,26,120
120,-8,26,120
120,-4,30,120
120,16,26,120
120,-9,26,120
120,9,25,120
120,-4,28,120
120,-8,25,120
120,24,55,720
0,-28,30,120
120,16,26,120
120,-9,26,120
120,9,26,120
120,-4,26,120
120,-8,26,120
120,22,55,240
0,-26,30,120
120,16,26,120
120,8,55,360
0,-17,26,120
120,9,26,120
120,-4,26,120
120,4,50,120
0,-12,26,120
120,15,55,960
0,-19,30,120
120,16,28,120
120,-9,28,120
120,9,27,120
120,-4,27,120
120,-8,27,120
120,-4,31,120
120,16,27,120
120,8,58,240
0,-17,27,120
120,9,28,120
120,12,61,240
0,-16,28,120
120,-8,30,120
120,29,68,840
0,-33,34,120
120,16,29,120
120,-9,28,120
120,9,28,120
120,-4,28,120
120,-8,27,120
120,-4,30,120
120,31,50,120
0,-15,26,120
120,11,56,120
0,-20,26,120
120,21,50,120
0,-12,25,120
120,7,55,120
0,-11,25,120
120,12,50,120
0,-20,24,120
120,16,63,1440
0,-32,30,120
120,29,26,120
120,-9,26,120
120,9,26,120
120,-3,26,120
120,-9,26,120
120,-5,30,120
120,17,26,120
120,-9,26,120
120,9,25,120
120,-3,28,120
120,-6,25,120
120,13,58,720
0,-21,30,120
120,17,26,120
120,-8,26,120
120,8,26,120
120,-3,26,120
120,-9,26,120
120,-5,30,120
120,35,56,120
0,-18,26,120
120,16,58,120
0,-24,26,120
120,19,52,120
0,-11,25,120
120,14,56,120
0,-17,28,120
120,15,51,120
0,-24,25,120
120,23,57,480
0,-29,30,120
120,18,26,120
120,-9,25,120
120,9,24,120
120,9,58,360
0,-12,23,120
120,-9,23,120
120,-8,31,120
120,31,52,30
0,-11,27,120
30,9,52,30
30,-1,52,30
30,1,52,30
30,2,61,240
0,-19,28,120
120,8,30,120
120,12,69,180
0,-15,31,120
120,-9,34,120
60,24,57,60
60,12,79,480
0,-45,38,120
120,21,28,120
120,-9,27,120
120,9,25,120
60,21,56,60
60,-2,55,60
0,-24,24,120
60,20,54,60
60,-3,52,60
0,-27,23,120
60,24,49,60
60,-3,53,60
0,-28,30,120
120,29,54,60
0,-7,24,120
120,8,55,60
0,-18,26,120
120,19,56,60
0,-9,28,120
120,11,57,60
0,-17,29,120
120,18,58,60
0,-27,30,120
120,28,69,540
0,-42,38,120
120,27,29,60
120,-9,28,120
120,9,28,60
120,-6,28,120
60,22,54,60
60,2,59,60
0,-29,27,120
60,27,50,60
60,-3,56,960
0,-40,28,120
120,28,23,120
120,-9,23,120
120,9,23,120
120,-4,24,120
120,-8,25,120
120,20,53,240
0,-27,38,120
120,19,28,120
120,10,55,360
0,3,65,360
0,-20,28,120
120,7,27,120
120,-4,26,120
120,9,51,120
0,3,60,120
0,-20,26,120
120,19,55,240
0,3,65,240
0,-29,33,120
120,19,28,120
120,8,53,240
0,4,62,240
0,-20,28,120
120,8,28,120
120,4,52,240
0,3,61,240
0,-9,28,120
120,-10,27,120
120,19,55,240
0,3,65,240
0,-29,38,120
120,19,28,120
120,5,50,120
0,3,59,120
0,-15,28,120
120,7,27,120
60,17,64,60
0,-9,54,60
60,0,56,80
0,9,66,80
0,-21,26,120
80,11,55,80
0,8,65,80
40,-27,26,120
40,17,54,80
0,8,64,80
80,-8,53,240
0,7,63,480
0,-36,33,120
120,24,28,120
120,4,52,80
0,-9,28,120
80,10,54,80
40,-5,26,120
40,6,56,80
80,6,58,40
0,-5,49,40
0,-9,28,120
80,14,60,40
0,-4,51,40
40,-16,30,120
40,20,62,40
0,-2,52,40
80,-2,53,240
0,4,63,240
0,-31,38,120
120,19,28,120
120,10,55,360
0,3,65,360
0,-20,28,120
120,7,27,120
120,-4,26,120
120,9,51,120
0,3,60,120
0,-20,26,120
120,17,49,45
0,3,58,45
0,-27,33,120
45,27,55,135
0,4,65,135
75,-12,28,120
60,7,58,140
0,3,58,30
30,2,53,30
30,-2,62,80
0,-18,28,120
80,13,47,80
0,3,55,80
40,-8,28,120
40,7,47,80
0,3,55,80
80,-2,52,60
0,4,61,60
0,-14,28,120
120,-10,27,120
60,16,52,60
0,3,61,60
60,0,55,240
0,3,65,240
0,-29,38,120
120,19,28,120
120,5,50,120
0,3,59,120
0,-15,28,120
120,7,27,120
120,8,47,240
0,9,66,360
0,-21,26,120
120,-8,26,120
120,21,66,120
0,-28,34,120
120,34,53,120
0,3,62,120
0,-15,28,120
120,5,53,80
0,9,62,80
0,-24,26,120
80,22,54,80
0,1,58,80
40,-13,28,120
40,5,57,80
0,9,67,80
80,7,70,60
0,-9,58,60
0,-18,30,120
120,-9,32,120
60,27,57,80
0,2,67,60
60,0,68,240
0,-4,57,240
0,-39,38,120
120,27,31,120
120,14,56,240
0,3,66,240
0,-25,29,120
120,8,29,120
120,9,54,240
0,3,64,240
0,-15,29,120
120,-9,29,120
120,24,54,80
0,4,64,80
0,-31,39,120
80,26,52,80
0,3,61,80
40,-12,30,120
40,10,52,80
0,4,61,80
80,-5,55,80
0,3,65,80
0,-22,30,120
80,17,52,80
0,3,61,80
40,-10,30,120
40,9,52,80
0,3,61,80
80,-2,55,60
0,4,65,60
0,-20,30,120
120,-9,30,120
60,24,60,60
0,-3,51,60
60,3,56,240
0,3,66,240
0,-29,39,120
120,15,31,120
120,9,51,120
0,3,60,120
0,-20,31,120
120,8,31,120
60,21,63,60
0,-9,53,60
60,0,57,80
0,9,68,80
0,-24,29,120
80,14,57,80
0,8,67,80
40,-31,29,120
40,21,55,80
0,8,65,80
80,-9,50,80
0,8,59,80
0,-36,40,120
80,24,50,40
0,12,59,40
40,-14,30,120
40,3,50,40
0,11,59,40
80,-10,51,40
0,10,60,40
0,-24,32,120
80,15,52,40
0,9,61,40
40,-14,34,120
40,6,53,40
0,8,62,40
80,0,64,40
0,-7,54,40
0,-13,35,120
80,20,65,40
0,-6,55,40
40,-23,37,120
40,29,66,40
0,-5,56,40
80,1,45,96
0,4,54,96
0,-43,38,120
96,41,47,96
0,3,57,96
24,-17,28,120
72,16,60,96
0,-4,50,96
48,-20,28,120
48,19,53,96
0,3,63,96
72,-14,27,120
24,12,54,96
0,4,65,96
96,-2,58,60
0,3,69,60
0,-20,26,120
120,-9,26,120
60,24,66,50
0,-3,56,50
60,0,53,60
0,3,63,60
0,-27,33,120
60,27,59,60
0,4,70,60
60,-14,28,120
60,12,64,60
0,-3,54,60
60,0,62,20
0,3,62,20
0,-22,28,120
20,24,55,20
0,-4,55,20
20,2,61,40
0,-3,61,40
40,-2,53,80
0,3,63,80
40,-10,28,120
80,9,54,30
0,3,64,30
40,-3,55,80
0,3,65,80
0,-18,28,120
80,16,57,40
0,4,67,40
40,-29,27,120
80,21,55,30
0,3,65,30
40,-3,59,60
0,3,59,60
0,-26,44,120
60,26,53,120
0,3,62,120
60,-14,34,120
120,-8,34,120
120,8,34,120
120,9,61,480
0,3,73,480
0,-15,34,120
120,-9,34,120
120,-9,64,720
120,16,40,120
120,13,61,120
0,4,73,120
0,-27,42,120
120,10,44,120
120,17,76,120
0,-5,64,120
0,-19,46,120
120,-9,48,120
120,27,64,360
0,6,78,360
0,-34,54,120
120,16,47,120
120,-9,47,120
120,18,62,120
0,12,74,120
0,-21,47,120
120,8,64,480
0,12,76,480
0,-26,46,120
120,-3,46,120
120,-6,67,720
120,12,51,120
120,9,60,240
0,12,72,240
0,-27,51,120
120,6,51,120
120,4,58,240
0,12,70,240
0,-19,51,120
120,-3,51,120
120,9,56,480
0,12,66,480
0,-28,44,120
120,12,32,120
120,-5,30,120
120,5,28,120
120,12,52,240
0,-14,27,120
120,-3,25,120
120,18,57,80
0,-20,31,120
80,22,50,80
40,-7,27,120
40,5,52,80
80,-1,51,120
0,-14,27,120
120,15,51,120
0,-5,27,120
120,12,57,180
0,-19,27,120
120,-8,28,120
60,26,53,60
60,0,57,240
0,-27,44,120
120,15,30,120
120,-9,32,120
120,15,61,120
0,12,73,120
0,-18,39,120
120,5,58,480
0,12,70,480
0,-24,42,120
120,-2,43,120
120,-9,49,120
120,16,40,120
120,7,55,60
0,12,65,60
0,-29,38,120
60,15,54,60
0,12,64,60
60,-10,53,60
0,12,63,60
0,-19,35,120
60,5,53,60
0,12,62,60
60,-14,53,60
0,12,62,60
0,-22,35,120
60,9,52,60
0,12,61,60
60,-11,51,60
0,12,60,60
0,-25,33,120
60,12,50,60
0,12,59,60
60,-15,56,120
0,12,66,120
0,-28,44,120
120,12,32,120
120,-5,30,120
120,5,28,120
120,-2,23,120
120,14,46,120
0,-24,22,120
120,25,51,80
0,-20,28,120
80,22,45,80
40,-7,23,120
40,5,46,80
80,-1,45,120
0,-14,23,120
120,15,45,60
0,-5,23,120
60,5,46,60
60,7,52,120
0,-19,23,120
120,-8,24,120
60,26,49,60
60,0,54,240
0,-27,31,120
120,15,24,120
120,-9,24,120
120,9,24,120
120,-6,24,120
120,-3,24,120
120,21,51,1440
0,-28,28,120
120,16,24,120
120,-9,24,120
120,9,24,120
120,-6,24,120
120,-3,24,120
120,-7,31,120
120,16,24,120
120,-10,24,120
120,10,24,120
120,-7,24,120
120,-3,24,240
120,21,51,720
0,-27,28,120
120,15,24,120
120,-10,24,240
120,10,24,120
120,-6,24,120
120,-4,24,120
120,21,54,480
0,-28,31,120
120,16,24,120
120,-9,24,120
120,9,24,120
120,-4,24,120
120,-5,24,120
120,21,51,960
0,-28,28,120
120,16,24,120
120,-10,24,120
120,10,24,120
120,-7,24,120
120,-3,24,120
120,-7,31,120
120,16,24,120
120,12,49,240
0,-21,24,120
120,9,24,120
120,10,48,360
0,-16,24,120
120,-5,24,120
120,-5,28,120
120,24,42,120
0,-12,24,120
120,14,44,120
0,-22,24,120
120,24,45,120
0,-16,24,120
120,17,47,120
0,-19,24,120
120,21,48,120
0,-24,24,120
120,26,49,720
0,-40,27,120
120,28,22,120
120,-9,22,120
120,9,22,120
120,-4,22,120
120,-8,22,120
120,22,49,240
0,-26,27,120
120,16,22,120
120,8,49,360
0,-17,22,120
120,9,22,120
120,-4,22,120
120,4,45,120
0,-12,22,120
120,15,49,960
0,-19,27,120
120,16,24,120
120,-9,24,120
120,9,23,120
120,-4,23,120
120,-8,23,120
120,-4,28,120
120,16,23,120
120,8,52,240
0,-17,23,120
120,9,24,120
120,12,54,240
0,-16,25,120
120,-8,27,120
120,29,61,840
0,-33,30,120
120,16,26,120
120,-9,25,120
120,9,24,120
120,-4,24,120
120,-8,23,120
120,-4,27,120
120,31,45,120
0,-15,22,120
120,11,50,120
0,-20,22,120
120,21,45,120
0,-12,22,120
120,7,49,120
0,-11,22,120
120,12,45,120
0,-20,22,120
120,16,56,1440
0,-32,28,240
120,29,22,120
120,-9,22,120
120,9,22,120
120,-5,22,120
120,-7,22,120
120,-5,27,120
120,17,22,120
120,-9,22,120
120,9,22,120
120,-4,26,120
120,-8,22,120
120,16,52,720
0,-21,28,240
120,17,22,120
120,-8,22,120
120,8,22,120
120,-3,22,120
120,-9,22,120
120,-5,27,120
120,35,50,120
0,-18,22,120
120,16,52,120
0,-24,22,120
120,19,46,120
0,-11,22,120
120,14,50,120
0,-17,24,120
120,15,45,120
0,-24,22,120
120,23,51,480
0,-29,27,120
120,18,22,120
120,-9,22,120
120,9,22,120
120,9,52,420
0,-12,21,120
120,-9,21,120
120,-8,28,120
120,28,57,120
0,-8,23,120
120,9,57,120
0,-17,25,120
120,18,57,120
0,-10,27,120
120,11,62,180
0,-14,28,120
120,-9,30,120
60,24,51,30
30,0,51,30
30,12,71,320
0,-45,34,120
120,21,24,120
120,-9,23,120
80,30,65,80
40,-21,22,120
40,19,62,80
80,-4,60,80
0,-20,22,120
80,17,58,80
40,-27,21,120
40,24,55,80
80,-3,47,120
0,-28,27,120
120,22,22,120
60,2,49,60
60,7,50,40
0,-19,22,120
40,28,50,40
40,-15,48,40
40,7,52,40
0,-10,24,120
40,19,53,40
40,-15,50,40
40,7,54,40
0,-17,26,120
40,26,55,40
40,-15,53,40
40,7,56,40
0,-27,27,120
40,36,57,40
40,-15,54,40
40,16,64,360
0,-9,54,360
0,-42,28,120
120,31,24,120
120,-12,24,120
120,33,58,120
0,-9,49,120
0,-12,24,120
120,21,57,80
0,-9,48,80
0,-19,24,120
80,29,61,40
0,-8,51,40
40,-29,24,120
80,27,45,40
0,9,54,40
40,0,58,60
0,-9,49,60
0,-31,28,120
60,36,54,660
0,-8,45,660
60,-12,24,120
120,-9,24,120
120,9,25,120
120,-4,25,120
120,-5,25,120
120,29,60,240
0,-9,51,240
0,-27,29,120
120,15,27,120
120,22,57,240
0,-8,48,240
0,-26,26,120
120,12,26,120
120,17,54,240
0,-8,45,240
0,-16,26,120
120,-5,26,120
120,33,61,120
0,-9,61,120
0,-26,23,120
120,24,43,30
0,9,51,30
0,-19,24,120
30,12,51,30
0,9,51,30
30,-11,45,60
0,9,54,60
60,-1,54,120
0,-9,45,120
0,-21,25,120
120,22,48,120
0,9,57,120
0,-19,26,120
120,21,60,60
0,-9,51,60
0,-20,27,120
120,-4,28,120
60,19,45,60
0,9,54,60
60,-6,54,120
0,9,64,120
0,-34,31,120
120,15,29,120
120,-12,29,120
120,29,61,120
0,-8,51,120
0,-9,29,120
120,9,51,40
0,8,61,40
0,-24,29,120
80,16,50,40
0,7,59,40
40,-28,29,120
40,21,50,40
0,5,59,40
80,-4,51,360
0,2,61,360
0,-32,34,120
120,20,26,120
120,-12,28,120
120,18,49,60
0,6,58,60
0,-12,30,120
120,7,52,60
0,5,61,60
0,-14,32,120
120,10,55,60
0,4,66,60
0,-24,34,120
120,21,59,480
0,3,67,480
0,-31,40,120
120,19,32,120
120,-12,32,120
120,12,32,120
120,10,55,120
0,4,61,120
0,-17,32,120
120,8,55,120
0,4,65,120
0,-21,32,120
120,16,50,60
0,5,59,60
0,-33,40,120
60,33,56,120
0,3,66,120
60,-12,34,120
60,10,60,60
0,-3,51,60
60,3,58,20
0,-3,58,20
0,-15,35,120
20,20,52,20
0,-3,52,20
20,1,57,40
0,-3,57,40
40,-1,50,80
0,3,59,80
40,-9,35,120
40,7,51,80
0,3,60,80
80,-3,52,80
0,3,61,80
0,-12,35,120
80,11,54,40
0,3,63,80
40,-24,35,120
80,16,55,40
0,3,65,40
40,3,62,240
0,-3,53,240
0,-26,50,120
120,19,39,120
120,9,62,240
0,-4,53,240
0,-12,39,120
120,7,39,120
120,9,59,480
0,8,70,480
0,-20,39,120
120,-9,39,120
120,-13,65,120
120,27,40,120
120,7,59,240
0,8,70,240
0,-24,42,120
120,9,44,120
120,15,76,240
0,-8,64,240
0,-12,46,120
120,-10,48,120
120,22,63,800
0,7,75,240
0,-36,50,120
120,22,39,120
120,15,74,360
0,-25,39,120
120,10,39,120
120,-5,39,120
120,19,75,120
0,-29,39,120
120,27,73,320
0,-34,63,120
80,31,72,80
40,-9,40,120
40,7,70,80
80,-1,70,360
0,-16,42,120
80,20,70,80
40,-10,44,120
40,12,75,80
80,2,75,60
0,-20,46,120
120,-9,48,120
60,21,61,60
0,3,72,60
60,0,64,320
0,3,76,320
0,-34,50,120
120,20,39,120
120,-8,39,120
80,17,62,40
0,3,73,40
40,-12,39,120
80,12,62,40
0,9,73,40
40,-9,63,80
0,9,75,80
0,-24,39,120
80,19,62,80
0,3,73,80
40,-31,39,120
80,26,59,40
0,3,70,40
40,-5,64,40
0,4,76,40
0,-48,58,120
80,36,57,40
0,12,68,40
40,-16,40,120
40,5,58,40
0,11,69,40
80,-10,58,40
0,10,70,40
0,-24,42,120
80,15,59,40
0,9,71,40
40,-16,44,120
40,8,60,40
0,8,72,40
80,-7,61,40
0,7,73,40
0,-19,46,120
48,13,61,40
0,6,73,40
48,-5,63,40
0,5,74,40
24,-28,48,120
24,24,63,40
0,4,74,40
48,-3,64,40
0,3,75,40
48,0,79,180
0,-2,67,180
0,-34,65,120
120,19,51,120
60,20,63,60
60,-2,78,240
0,-3,66,240
0,-24,51,120
120,9,51,120
120,17,79,240
0,-2,67,240
0,-18,51,120
120,-9,51,120
120,36,88,60
0,-9,74,60
0,-46,64,120
120,31,48,120
120,13,69,240
0,4,81,240
0,-26,51,120
120,9,54,120
120,12,72,240
0,5,85,240
0,-20,57,120
120,-9,59,120
120,24,75,720
0,5,89,480
0,-35,76,120
120,18,55,120
120,-9,56,120
120,9,57,120
120,15,80,240
0,-18,57,120
120,-9,57,120
120,-18,82,120
120,30,57,120
120,9,64,240
0,3,64,240
0,3,76,240
0,-24,58,120
120,9,59,120
120,8,68,240
0,4,68,240
0,3,80,240
0,-19,62,120
120,-8,63,120
120,19,71,120
0,5,71,120
0,3,84,120
0,-32,84,120
120,17,52,120
60,15,78,60
60,12,97,600
0,-36,52,120
120,9,54,120
120,-5,54,120
120,-7,52,120
120,-17,80,120
120,52,86,120
0,-23,56,120
120,24,79,80
0,-33,56,120
80,27,77,80
40,-18,56,120
40,19,77,80
80,-5,76,80
0,-19,56,120
80,20,75,80
40,-27,56,120
40,23,75,80
80,-5,71,120
0,6,71,120
0,3,84,120
0,-31,71,120
120,16,52,120
60,15,78,60
60,12,97,600
0,-36,52,120
120,9,54,120
120,-6,54,120
120,-6,52,120
120,-16,79,120
120,51,86,120
0,-23,56,120
120,24,79,80
0,-33,56,120
80,26,77,80
40,-17,56,120
40,18,77,80
80,-4,76,80
0,-20,56,120
80,21,75,80
40,-27,56,120
40,23,75,80
80,-5,71,120
0,6,71,120
0,3,84,120
0,-30,70,480
120,15,52,120
60,15,78,60
60,12,97,480
0,-36,52,120
120,9,54,120
120,-6,54,120
120,-6,52,120
120,18,71,120
0,4,71,120
0,5,84,120
0,-29,66,480
120,12,52,120
60,17,78,60
60,12,97,240
0,-36,52,120
120,3,54,120
120,12,71,120
0,3,71,120
0,6,84,120
0,-28,66,480
120,10,52,120
60,18,78,60
60,12,97,320
0,-36,52,120
120,3,54,120
120,-6,66,480
80,38,86,80
40,-26,52,120
40,25,84,80
80,-10,89,80
0,-24,52,120
80,33,82,80
40,-31,55,120
40,30,82,80
80,-1,87,80
0,-41,66,120
80,31,79,80
40,-9,52,120
40,18,79,80
80,-2,83,80
0,-26,51,120
80,25,77,80
40,-15,50,120
40,6,74,80
80,8,81,80
0,-20,49,120
80,19,75,80
40,-25,47,120
40,24,73,80
80,-1,79,720
0,-40,76,120
120,28,44,120
120,-9,48,120
120,9,48,120
120,-4,48,120
120,-8,47,120
120,22,82,240
0,-26,56,120
120,16,44,120
120,8,77,360
0,-17,44,120
120,9,44,120
120,-4,44,120
120,4,74,120
0,-12,44,120
120,15,81,960
0,-19,52,120
120,16,48,120
120,-9,48,120
120,9,46,120
120,-4,46,120
120,-8,46,120
120,-4,54,120
120,16,46,120
120,8,81,240
0,-17,46,120
120,9,48,120
120,12,85,240
0,-16,49,120
120,-8,52,120
120,29,95,840
0,-33,59,120
120,16,51,120
120,-9,49,120
120,9,48,120
120,-4,48,120
120,-8,46,120
120,-4,52,120
120,31,69,120
0,-15,44,120
120,11,76,120
0,-20,44,120
120,21,70,120
0,-12,44,120
120,7,75,120
0,-11,44,120
120,12,69,120
0,-20,42,120
120,18,79,1440
0,-34,52,120
120,28,44,120
120,-9,44,120
120,9,44,120
120,-4,44,120
120,-8,44,120
120,-4,52,120
120,16,44,120
120,-9,44,120
120,9,37,120
120,-4,42,120
120,-8,32,120
120,30,61,800
0,-34,28,120
120,16,22,120
120,-9,22,120
120,9,22,120
120,-4,22,120
120,-8,22,120
120,-4,27,120
80,30,50,80
40,-14,22,120
40,15,50,80
80,-1,53,80
0,-23,22,120
80,22,50,80
40,-13,22,120
40,14,50,80
80,3,56,80
0,-21,24,120
80,19,52,80
40,-27,22,120
40,24,50,80
80,-2,51,720
0,-38,27,120
120,28,22,120
120,-9,22,120
120,9,22,120
120,-6,21,120
120,-6,21,120
120,20,47,30
0,-24,28,120
25,26,43,30
25,-2,47,30
25,2,43,30
25,-2,47,30
20,2,43,30
0,-10,23,120
20,8,47,30
20,2,43,30
20,-2,47,30
20,2,43,30
20,-2,47,30
20,-1,47,40
0,-16,25,120
40,17,46,40
40,2,47,40
40,2,48,40
0,-12,27,120
40,13,49,40
40,2,50,40
40,2,51,40
0,-23,28,120
40,24,52,40
40,2,53,40
40,2,54,40
0,-34,30,120
40,36,55,40
40,1,55,40
40,4,57,60
0,-45,33,240
60,43,55,60
60,3,52,60
60,-4,52,60
60,1,52,60
0,-27,28,240
60,26,52,60
60,4,52,60
60,-5,52,60
60,1,49,60
0,-35,28,240
60,34,49,60
60,5,50,60
60,-6,50,60
60,1,51,60
0,-25,28,240
60,24,52,60
60,6,52,60
60,-7,53,60
60,1,53,60
0,-30,28,240
60,29,54,60
60,7,55,60
60,-8,55,60
60,1,56,60
0,-35,28,240
60,34,57,60
60,8,57,60
60,-9,57,60
60,-1,57,60
0,-36,28,240
60,38,58,60
60,-2,59,60
60,-1,59,60
60,1,60,60
0,-20,29,240
60,22,61,60
60,2,61,60
60,1,62,60
60,2,62,60
0,-36,30,240
60,38,62,60
60,1,64,60
60,2,66,60
60,4,65,60
0,-36,30,240
60,34,64,60
60,-2,62,60
60,-2,61,60
60,-3,59,60
0,-33,29,240
60,30,58,60
60,-4,57,60
60,-2,56,60
60,-3,54,60
0,-27,28,240
60,24,53,60
60,-4,51,60
60,-2,50,60
60,-1,53,360
0,-20,29,120
120,15,22,120
120,-9,22,120
120,13,48,60
0,-4,22,120
60,5,50,60
60,1,53,60
0,-13,21,120
60,12,50,60
60,3,52,40
0,-20,21,120
40,18,50,40
40,-1,48,40
40,0,50,480
0,-20,28,120
120,15,23,120
120,-9,25,120
120,9,27,120
120,17,54,480
0,-24,28,120
120,-5,30,120
120,25,59,240
0,-27,35,120
120,15,28,120
120,17,61,240
0,-3,55,240
0,-22,28,120
120,8,28,120
120,9,51,180
0,3,61,180
0,-15,28,120
120,-9,28,120
60,21,50,60
0,3,59,60
60,0,56,120
0,4,66,120
0,-31,35,120
120,17,30,120
60,12,60,60
0,-3,51,60
60,3,58,20
0,-3,58,20
0,-19,31,120
20,24,52,20
0,-4,52,20
20,2,57,40
0,-3,57,40
40,-2,50,80
0,3,59,80
40,-10,31,120
40,9,51,80
0,3,60,80
80,2,63,80
0,-4,54,40
0,-16,31,120
120,-9,31,120
80,21,55,40
0,3,65,40
40,3,62,240
0,-3,53,240
0,-26,44,120
120,15,34,120
120,12,57,120
0,-3,57,120
0,-17,34,120
120,8,34,120
60,12,56,60
0,9,66,60
60,-9,55,80
0,9,65,80
0,-24,34,120
80,14,52,80
0,8,61,80
40,-31,34,120
40,21,52,80
0,8,61,80
80,-9,57,80
0,8,68,80
0,-36,45,120
80,24,49,40
0,12,58,40
40,-17,35,120
40,6,50,40
0,11,60,40
80,-10,52,40
0,10,62,40
0,-24,37,120
80,15,53,40
0,9,63,40
40,-17,39,120
40,9,56,40
0,8,66,40
80,-7,57,40
0,7,68,40
0,-20,40,120
80,14,59,40
0,6,70,40
40,-29,42,120
40,24,60,40
0,5,71,40
80,-4,59,240
0,4,67,240
0,-43,35,120
120,27,28,120
120,17,61,360
0,-3,55,360
0,-22,28,120
120,8,28,120
120,-3,28,120
120,12,55,60
0,3,65,60
0,-24,28,120
60,21,50,60
0,3,59,60
60,0,56,120
0,4,66,120
0,-31,35,120
120,17,30,120
60,12,60,60
0,-3,51,60
60,3,58,20
0,-3,58,20
0,-19,31,120
20,24,52,20
0,-4,52,20
20,2,57,40
0,-3,57,40
40,-2,50,80
0,3,59,80
40,-10,31,120
40,9,51,80
0,3,60,80
80,-3,52,80
0,3,61,80
0,-18,31,120
80,16,54,40
0,4,63,80
40,-29,31,120
80,21,55,40
0,3,65,40
40,3,62,240
0,-3,53,240
0,-26,44,120
120,15,34,120
120,12,57,120
0,-3,57,120
0,-17,34,120
120,8,34,120
120,24,71,360
0,-8,60,360
0,-19,34,120
120,-9,34,120
120,-12,65,120
120,47,73,60
0,-9,62,60
0,-17,40,120
120,15,56,40
0,9,67,40
0,-33,42,120
80,23,57,40
0,8,68,40
40,-22,44,120
40,12,59,40
0,9,70,40
80,-11,60,40
0,9,71,40
0,-24,46,120
80,14,61,40
0,8,72,40
40,-29,48,120
40,19,62,40
0,8,73,40
80,-10,61,240
0,9,72,240
0,-33,52,120
120,17,44,120
120,9,64,240
0,8,76,240
0,-25,44,120
120,8,44,120
120,7,62,240
0,9,74,240
0,-21,44,120
120,-12,44,120
120,22,62,240
0,9,73,240
0,-29,57,120
120,15,48,120
120,4,60,240
0,8,71,240
0,-20,48,120
120,8,48,120
120,0,60,240
0,4,71,240
0,-7,48,120
120,-12,49,120
120,15,65,720
0,7,77,720
0,-27,58,120
120,15,51,120
120,-7,51,120
120,7,51,120
120,-7,51,120
120,-8,52,120
120,22,66,720
0,-2,66,720
0,9,78,720
0,-28,64,120
120,16,51,120
120,-9,52,120
120,9,54,120
120,-7,55,120
120,-9,56,120
120,14,66,600
0,5,66,240
0,2,78,400
0,-31,58,120
120,29,51,120
120,-10,51,120
120,10,51,120
40,7,61,40
40,5,63,40
40,2,65,40
0,-19,51,240
40,24,67,40
40,5,68,40
40,2,70,40
0,-36,52,120
40,41,72,40
40,5,73,40
40,2,92,400
0,-55,64,120
120,17,51,120
120,-10,52,120
120,10,54,120
40,36,78,40
40,-5,76,40
40,-5,74,40
0,-31,55,120
40,29,72,40
40,-5,69,40
40,-5,67,40
0,-24,56,120
40,22,65,40
40,-5,63,40
40,-5,78,720
0,-31,58,120
120,29,51,120
120,-10,51,120
120,10,51,120
120,-7,51,120
120,-3,52,120
120,14,66,360
0,-9,66,720
0,12,78,720
0,-24,64,120
120,16,51,120
120,-9,52,120
120,12,72,120
0,-3,54,120
120,5,78,80
0,-11,55,120
80,9,75,80
40,-19,56,120
40,17,75,80
80,0,78,480
0,-24,64,120
120,28,26,120
120,-9,26,120
120,9,26,120
120,-4,26,120
120,-8,26,120
120,32,62,240
0,-36,30,120
120,15,26,120
120,15,55,480
0,-21,26,120
120,6,26,120
120,-3,26,120
120,-6,26,120
120,29,62,240
0,-35,30,120
120,14,26,120
120,15,55,480
0,-21,26,120
120,6,26,120
120,-3,26,120
120,-6,26,120
120,29,62,240
0,-34,30,720
120,13,26,120
120,15,54,480
0,-21,25,120
120,6,25,120
120,-3,25,120
120,-6,25,120
120,29,60,240
0,-33,28,720
120,12,25,120
120,15,52,480
0,-21,24,120
120,6,24,120
120,-3,24,120
120,-6,24,120
120,29,58,240
0,-32,28,720
120,12,23,120
120,14,51,480
0,-21,23,120
120,7,23,120
120,-4,23,120
120,-6,23,120
120,29,60,1920
0,-31,27,120
120,11,22,120
120,-6,22,120
120,6,22,120
120,8,43,90
0,-12,22,120
120,14,44,90
0,-19,22,120
120,21,45,90
0,-23,27,120
120,24,46,90
0,-13,22,120
120,14,47,90
0,-20,22,120
120,21,48,90
0,-15,22,120
120,17,50,90
0,-21,22,120
120,22,51,90
0,-27,22,120
120,26,54,480
0,-40,27,120
120,28,22,120
120,-9,22,120
120,9,22,120
120,-4,22,120
120,-8,22,120
120,32,55,240
0,-36,27,120
120,15,22,60
60,30,41,60
60,-15,49,480
0,-21,22,120
120,6,22,60
120,-3,22,120
120,-6,22,120
120,29,55,240
0,-35,27,120
120,14,22,120
60,30,41,60
60,-15,49,480
0,-21,22,120
120,6,22,120
120,-3,22,120
120,-6,22,120
120,29,55,240
0,-34,27,120
120,13,22,120
60,30,41,60
60,-15,49,480
0,-21,22,120
120,6,22,120
120,-3,22,120
120,-6,22,120
120,29,55,240
0,-33,27,720
120,12,22,120
60,30,41,60
60,-15,49,480
0,-21,22,120
120,6,22,120
120,-3,22,120
120,-6,22,120
120,29,55,240
0,-32,27,720
120,12,22,120
60,29,41,60
60,-15,49,480
0,-21,22,120
120,7,22,120
120,-4,22,120
120,-6,22,120
120,29,55,2160
0,-31,27,120
120,11,22,120
120,-6,22,120
120,6,22,120
120,-4,22,120
120,-5,22,120
120,-2,27,120
120,30,47,90
0,-19,22,120
120,18,46,90
0,-24,22,120
120,23,45,90
0,-17,22,120
120,15,45,90
0,-19,22,120
120,21,43,90
0,-26,22,120
120,22,52,1440
0,-36,27,120
120,24,22,120
120,-12,22,120
120,12,22,120
120,-8,22,120
120,-9,22,120
120,33,46,120
0,-40,26,120
120,41,45,120
0,-17,22,120
120,18,46,120
0,-30,22,120
120,31,48,120
0,-19,22,120
120,23,48,120
0,-31,22,120
120,29,47,120
0,-38,22,120
120,28,45,120
0,8,53,840
0,-43,26,120
120,36,45,120
0,-13,21,120
120,14,45,120
0,-23,21,120
120,24,45,120
0,-15,21,120
120,18,44,120
0,-24,21,120
120,23,44,120
0,-33,21,120
120,31,44,480
0,-38,25,120
120,42,44,120
0,-19,21,120
120,18,43,120
0,-27,21,120
120,26,42,120
0,-17,21,120
120,8,40,240
0,7,42,120
0,-21,21,120
120,23,39,120
0,-33,21,120
120,25,43,120
0,4,48,720
0,-36,24,120
120,31,43,120
0,-7,21,120
120,6,43,120
0,-18,20,120
120,19,43,120
0,-7,20,120
60,11,37,60
60,-2,43,120
0,-17,20,120
120,15,42,120
0,-24,20,120
120,24,42,480
0,9,42,120
0,-40,24,120
120,41,41,120
0,-17,20,120
120,18,42,120
0,-30,20,120
120,31,44,120
0,-19,20,120
120,23,45,120
0,-31,20,120
120,29,44,120
0,-38,20,120
120,28,41,120
0,8,48,840
0,-43,23,120
120,36,41,120
0,-13,20,120
120,14,41,120
0,-23,20,120
120,24,41,120
0,-15,19,120
120,18,41,120
0,-24,19,120
120,23,41,120
0,-33,19,120
120,31,40,480
0,-38,22,120
120,42,40,120
0,-19,19,120
120,18,40,120
0,-27,19,120
120,26,38,120
0,-17,19,120
120,8,36,240
0,7,38,120
0,-21,19,120
120,23,36,120
0,-33,19,120
120,21,34,1440
0,8,39,1440
0,-36,22,120
120,24,18,120
120,-12,18,120
120,12,18,120
120,-8,18,120
120,-9,18,120
120,-7,22,120
120,24,18,120
120,-12,18,120
120,12,18,120
120,-8,18,120
120,-9,18,120
120,24,31,90
0,9,37,90
0,-40,22,120
102,33,31,90
0,8,37,90
18,-17,18,120
84,11,31,90
0,8,37,90
36,-31,18,120
66,24,30,90
0,9,36,90
54,-21,18,120
48,14,30,90
0,9,36,90
72,-31,18,120
30,24,29,90
0,8,35,90
90,-41,18,120
12,34,29,90
0,9,35,90
108,-7,28,90
0,9,34,90
0,-52,22,120
102,45,28,90
0,8,34,90
18,-29,18,120
84,23,28,90
0,8,33,90
36,-43,18,120
66,36,28,90
0,9,33,90
54,-33,18,120
48,26,27,90
0,9,32,90
72,-43,18,120
30,36,27,90
0,8,32,90
90,-53,18,120
12,46,27,90
0,9,32,90
108,2,36,480
0,-9,30,480
0,-55,17,480
720,31,30,720
0,9,36,720
0,-33,16,720
0,12,20,720
720,9,28,1440
0,8,33,1440
0,-24,16,1440