0,51,83,119
0,-15,61,119
120,19,52,119
0,-12,41,119
120,20,52,119
0,-15,41,119
120,15,53,119
0,-15,42,119
120,19,62,119
0,-12,53,119
120,20,55,119
0,-15,44,119
120,15,53,119
0,-15,42,119
120,19,53,119
0,-12,42,119
120,20,71,119
0,-15,51,119
120,7,57,119
0,-12,42,119
120,8,57,119
0,-15,42,119
120,15,57,119
0,-15,42,119
120,7,64,119
0,-12,50,119
120,8,55,119
0,-15,42,119
120,15,56,119
0,-15,42,119
120,7,56,119
0,-12,42,119
120,7,84,119
0,-14,59,119
120,20,52,119
0,-15,46,119
120,21,52,119
0,-14,40,119
120,14,52,119
0,-14,40,119
120,20,67,119
0,-15,57,119
120,21,55,119
0,-14,40,119
120,14,53,119
0,-14,40,119
120,20,53,119
0,-15,41,119
120,21,77,119
0,-14,56,119
120,8,58,119
0,-15,46,119
120,9,58,119
0,-14,46,119
120,14,58,119
0,-14,46,119
120,8,66,119
0,-15,53,119
120,9,58,119
0,-14,42,119
120,14,58,119
0,-14,42,119
120,8,57,119
0,-15,42,119
120,12,90,119
0,-17,64,119
120,24,59,119
0,-16,48,119
120,21,60,119
0,-17,48,119
120,17,60,119
0,-17,48,119
120,24,70,119
0,-16,60,119
120,21,61,119
0,-17,48,119
120,17,61,119
0,-17,48,119
120,24,61,119
0,-16,48,119
120,21,78,119
0,-17,59,119
120,12,63,119
0,-16,48,119
120,9,63,119
0,-17,49,119
120,17,63,119
0,-17,49,119
120,12,72,119
0,-16,56,119
120,9,63,119
0,-17,44,119
120,17,63,119
0,-17,44,119
120,12,63,119
0,-16,44,119
120,7,96,119
0,-15,73,119
120,19,62,119
0,-12,50,119
120,20,62,119
0,-15,50,119
120,15,63,119
0,-15,50,119
120,19,74,119
0,-12,63,119
120,20,64,119
0,-15,51,119
120,15,63,119
0,-15,50,119
120,19,63,119
0,-12,50,119
120,20,86,119
0,-15,62,119
120,7,67,119
0,-12,51,119
120,8,67,119
0,-15,51,119
120,15,67,119
0,-15,50,119
120,7,74,119
0,-12,58,119
120,8,63,119
0,-15,49,119
120,15,63,119
0,-15,49,119
120,7,63,119
0,-12,49,119
120,7,97,119
0,-14,66,119
120,20,59,119
0,-15,51,119
120,21,59,119
0,-14,45,119
120,14,59,119
0,-14,45,119
120,20,72,119
0,-15,61,119
120,21,59,119
0,-14,44,119
120,14,58,119
0,-14,44,119
120,20,58,119
0,-15,44,119
120,21,86,119
0,-14,60,119
120,8,61,119
0,-15,48,119
120,9,60,119
0,-14,48,119
120,14,60,119
0,-14,48,119
120,8,67,119
0,-15,53,119
120,9,59,119
0,-14,42,119
120,14,58,119
0,-14,42,119
120,8,57,119
0,-15,42,119
120,10,93,119
0,-15,64,119
120,20,59,119
0,-15,48,119
120,22,59,119
0,-16,48,119
120,16,58,119
0,-15,47,119
120,20,68,119
0,-12,58,119
120,19,58,119
0,-16,46,119
120,16,58,119
0,-15,46,119
120,20,58,119
0,-15,46,119
120,22,75,119
0,-16,55,119
120,9,59,119
0,-15,45,119
120,10,58,119
0,-15,45,119
120,15,58,119
0,-16,45,119
120,9,64,119
0,-15,50,119
120,10,57,119
0,-15,39,119
120,15,57,119
0,-16,39,119
120,9,56,119
0,-15,38,119
120,7,88,119
0,-12,60,119
120,15,55,119
0,-8,44,119
120,17,55,119
0,-12,44,119
120,12,55,119
0,-12,44,119
120,15,59,119
0,-8,50,119
120,17,66,480
0,-12,38,119
120,3,50,119
0,-8,38,119
120,5,49,119
0,-12,38,119
120,15,56,119
0,-8,47,119
120,15,61,480
0,-10,37,119
120,3,49,119
0,-8,37,119
120,5,48,119
0,-12,35,119
120,15,53,119
0,-8,41,119
120,13,57,480
0,-8,31,119
120,3,46,119
0,-8,31,119
120,5,46,119
0,-12,31,119
120,14,50,119
0,-7,44,119
120,12,56,480
0,-8,34,119
120,3,42,119
0,-7,33,119
120,4,42,119
0,-11,33,119
120,13,48,119
0,-6,39,119
120,12,52,480
0,-9,31,119
120,3,42,119
0,-6,31,119
120,3,40,119
0,-10,30,119
120,12,46,119
0,-7,35,119
120,12,49,480
0,-8,26,119
120,3,39,119
0,-7,26,119
120,4,38,119
0,-9,26,119
120,11,42,119
0,-6,34,119
120,12,47,360
0,-9,25,119
120,3,37,119
0,-6,25,119
120,3,35,119
0,-8,24,119
120,3,85,119
0,-15,64,119
120,19,56,119
0,-12,44,119
120,20,56,119
0,-15,44,119
120,15,56,119
0,-15,44,119
120,19,64,119
0,-12,56,119
120,20,57,119
0,-15,45,119
120,15,56,119
0,-15,44,119
120,19,56,119
0,-12,45,119
120,20,79,119
0,-15,53,119
120,7,58,119
0,-12,45,119
120,8,58,119
0,-15,45,119
120,15,58,119
0,-15,45,119
120,7,66,119
0,-12,51,119
120,8,56,119
0,-15,44,119
120,15,57,119
0,-15,44,119
120,7,57,119
0,-12,44,119
120,7,91,119
0,-14,60,119
120,20,53,119
0,-15,46,119
120,21,53,119
0,-14,40,119
120,14,53,119
0,-14,40,119
120,20,67,119
0,-15,57,119
120,21,55,119
0,-14,41,119
120,14,53,119
0,-14,41,119
120,20,53,119
0,-15,41,119
120,21,75,119
0,-14,56,119
120,8,58,119
0,-15,46,119
120,9,57,119
0,-14,46,119
120,14,57,119
0,-14,46,119
120,8,64,119
0,-15,52,119
120,9,57,119
0,-14,41,119
120,14,57,119
0,-14,41,119
120,8,56,119
0,-15,41,119
120,12,92,119
0,-17,63,119
120,24,58,119
0,-16,47,119
120,21,58,119
0,-17,47,119
120,17,59,119
0,-17,48,119
120,24,69,119
0,-16,59,119
120,21,60,119
0,-17,47,119
120,17,60,119
0,-17,47,119
120,24,60,119
0,-16,47,119
120,21,80,119
0,-17,57,119
120,12,61,119
0,-16,47,119
120,9,61,119
0,-17,47,119
120,17,61,119
0,-17,47,119
120,12,69,119
0,-16,53,119
120,9,60,119
0,-17,41,119
120,17,60,119
0,-17,41,119
120,12,60,119
0,-16,41,119
120,8,93,119
0,-16,69,119
120,24,60,119
0,-17,47,119
120,21,60,119
0,-16,47,119
120,16,60,119
0,-16,47,119
120,24,70,119
0,-17,60,119
120,21,61,119
0,-16,48,119
120,16,60,119
0,-16,47,119
120,24,60,119
0,-17,47,119
120,21,81,119
0,-16,58,119
120,12,62,119
0,-17,48,119
120,9,62,119
0,-16,48,119
120,16,62,119
0,-16,48,119
120,12,70,119
0,-17,55,119
120,9,60,119
0,-16,47,119
120,16,60,119
0,-16,47,119
120,12,61,119
0,-17,47,119
120,13,96,119
0,-15,71,119
120,20,63,119
0,-12,53,119
120,19,63,119
0,-15,47,119
120,15,63,119
0,-15,47,119
120,20,79,119
0,-12,67,119
120,19,64,119
0,-15,47,119
120,15,63,119
0,-15,48,119
120,20,63,119
0,-12,48,119
120,19,83,119
0,-15,66,119
120,8,69,119
0,-12,53,119
120,7,67,119
0,-15,53,119
120,15,67,119
0,-15,53,119
120,8,77,119
0,-12,60,119
120,7,67,119
0,-15,48,119
120,15,67,119
0,-15,48,119
120,8,66,119
0,-12,48,119
120,6,102,119
0,-12,76,119
120,16,70,119
0,-9,57,119
120,17,70,119
0,-14,57,119
120,14,70,119
0,-12,57,119
120,16,84,119
0,-9,71,119
120,17,73,119
0,-14,55,119
120,14,73,119
0,-12,55,119
120,16,73,119
0,-12,55,119
120,20,84,119
0,-14,69,119
120,6,74,119
0,-12,54,119
120,8,74,119
0,-12,54,119
120,12,75,119
0,-14,54,119
120,6,84,119
0,-9,64,119
120,5,74,119
0,-12,51,119
120,12,74,119
0,-17,51,119
120,9,74,119
0,-16,51,119
120,9,107,119
0,-16,80,119
120,19,71,119
0,-12,59,119
120,21,72,119
0,-16,59,119
120,16,72,119
0,-16,59,119
120,19,85,119
0,-12,72,119
120,21,74,119
0,-16,58,119
120,16,74,119
0,-16,58,119
120,19,74,119
0,-12,58,119
120,21,88,119
0,-16,70,119
120,16,77,119
0,-16,58,119
120,19,77,119
0,-12,58,119
120,21,77,119
0,-16,58,119
120,7,86,119
0,-12,66,119
120,9,75,119
0,-16,52,119
120,16,75,119
0,-16,52,119
120,7,75,119
0,-12,52,119
120,9,75,119
0,-16,70,119
120,16,63,119
0,-16,51,119
120,7,63,119
0,-12,51,119
120,9,63,119
0,-16,51,119
120,16,95,480
0,-16,63,119
120,7,64,119
0,-12,50,119
120,9,64,119
0,-16,50,119
120,19,64,119
0,-12,50,119
120,7,95,119
0,-3,78,119
120,8,67,119
0,-12,50,119
120,19,84,119
0,-26,50,119
120,19,68,119
0,-12,50,119
120,10,94,119
0,-3,79,119
120,5,70,119
0,-12,45,119
120,24,83,119
0,-31,45,119
120,19,64,119
0,-12,45,119
120,9,106,119
0,-16,77,119
120,19,69,119
0,-12,56,119
120,21,69,119
0,-16,56,119
120,16,69,240
0,-16,56,119
120,19,80,119
0,-12,69,119
120,21,70,119
0,-16,55,119
120,16,70,119
0,-16,55,119
120,19,70,119
0,-12,55,119
120,21,87,119
0,-16,66,119
120,16,71,119
0,-16,55,119
120,19,71,119
0,-12,55,119
120,21,71,119
0,-16,55,119
120,7,80,119
0,-12,61,119
120,9,69,119
0,-16,48,119
120,16,69,119
0,-16,48,119
120,7,69,119
0,-12,48,119
120,9,72,119
0,-16,68,119
120,16,62,119
0,-16,50,119
120,7,62,119
0,-12,50,119
120,9,62,119
0,-16,50,119
120,16,92,480
0,-16,61,119
120,7,62,119
0,-12,49,119
120,9,62,119
0,-16,49,119
120,19,62,119
0,-12,49,119
120,7,89,119
0,-3,64,119
120,8,63,119
0,-12,49,119
120,19,69,480
0,-26,49,119
120,19,66,119
0,-12,49,119
120,5,86,119
0,-3,62,119
120,10,67,119
0,-12,42,119
120,17,68,240
0,-24,42,119
120,19,62,119
0,-12,42,119
120,7,95,119
0,-14,73,119
120,19,67,119
0,-12,53,119
120,19,67,119
0,-15,53,119
120,15,67,240
0,-15,53,119
120,20,78,119
0,-12,67,119
120,19,68,119
0,-15,52,119
120,15,67,119
0,-14,52,119
120,19,67,119
0,-12,52,119
120,19,80,119
0,-15,63,119
120,15,68,119
0,-14,52,119
120,19,68,119
0,-12,52,119
120,19,68,119
0,-15,52,119
120,8,78,119
0,-12,59,119
120,7,67,119
0,-14,47,119
120,14,67,119
0,-15,47,119
120,8,67,119
0,-12,46,119
120,7,70,119
0,-14,66,119
120,14,60,119
0,-15,48,119
120,8,60,119
0,-12,48,119
120,7,60,119
0,-14,48,119
120,14,83,480
0,-15,52,119
120,8,53,119
0,-12,40,119
120,7,53,119
0,-14,40,119
120,19,53,119
0,-12,40,119
120,5,80,119
0,-3,56,119
120,8,55,119
0,-12,40,119
120,19,59,480
0,-24,40,119
120,17,57,119
0,-12,40,119
120,7,75,119
0,-3,53,119
120,8,58,119
0,-12,37,119
120,16,59,240
0,-21,37,119
120,17,53,119
0,-12,37,119
120,7,77,119
0,-12,58,119
120,17,52,119
0,-9,41,119
120,16,52,119
0,-12,41,119
120,12,52,119
0,-12,41,119
120,17,61,119
0,-9,52,119
120,16,53,119
0,-12,40,119
120,12,53,119
0,-12,40,119
120,17,53,119
0,-9,40,119
120,16,69,119
0,-12,51,119
120,5,55,119
0,-9,40,119
120,4,55,119
0,-12,40,119
120,12,55,119
0,-12,40,119
120,5,61,119
0,-9,48,119
120,4,53,119
0,-12,37,119
120,12,53,119
0,-12,37,119
120,5,53,119
0,-9,37,119
120,4,77,119
0,-12,58,119
120,16,52,119
0,-9,41,119
120,17,52,119
0,-12,41,119
120,12,52,119
0,-12,41,119
120,16,61,119
0,-9,52,119
120,17,53,119
0,-12,40,119
120,12,53,119
0,-12,40,119
120,16,53,119
0,-9,40,119
120,17,69,119
0,-12,51,119
120,4,55,119
0,-9,40,119
120,5,55,119
0,-12,40,119
120,12,55,119
0,-12,40,119
120,4,61,119
0,-9,48,119
120,5,53,119
0,-12,37,119
120,12,53,119
0,-12,37,119
120,4,53,119
0,-9,37,119
120,5,75,119
0,-16,53,119
120,19,48,119
0,-12,38,119
120,21,48,119
0,-16,38,119
120,16,48,119
0,-16,38,119
120,19,56,119
0,-12,48,119
120,21,49,119
0,-16,37,119
120,16,49,119
0,-16,37,119
120,19,49,119
0,-12,37,119
120,21,63,119
0,-16,47,119
120,16,49,119
0,-16,37,119
120,19,49,119
0,-12,37,119
120,21,49,119
0,-16,37,119
120,7,56,119
0,-12,44,119
120,9,49,119
0,-16,34,119
120,16,49,119
0,-16,34,119
120,7,49,119
0,-12,34,119
120,9,60,119
0,-16,50,119
120,16,48,119
0,-16,38,119
120,7,48,119
0,-12,38,119
120,9,48,119
0,-16,38,119
120,16,69,480
0,-16,48,119
120,7,49,119
0,-12,37,119
120,9,49,119
0,-16,37,119
120,19,49,119
0,-12,37,119
120,7,69,119
0,-3,47,119
120,8,49,119
0,-12,37,119
120,19,64,119
0,-26,37,119
120,19,51,119
0,-12,37,119
120,10,68,119
0,-3,44,119
120,5,49,119
0,-12,34,119
120,24,60,119
0,-31,34,119
120,19,49,119
0,-12,34,119
120,9,75,119
0,-16,53,119
120,19,48,119
0,-12,38,119
120,21,48,119
0,-16,38,119
120,16,48,240
0,-16,38,119
120,19,56,119
0,-12,48,119
120,21,49,119
0,-16,37,119
120,16,49,119
0,-16,37,119
120,19,49,119
0,-12,37,119
120,21,63,119
0,-16,47,119
120,16,49,119
0,-16,37,119
120,19,49,119
0,-12,37,119
120,21,49,119
0,-16,37,119
120,7,56,119
0,-12,44,119
120,9,49,119
0,-16,34,119
120,16,49,119
0,-16,34,119
120,7,49,119
0,-12,34,119
120,9,60,119
0,-16,50,119
120,16,48,119
0,-16,38,119
120,7,48,119
0,-12,38,119
120,9,48,119
0,-16,38,119
120,16,69,480
0,-16,48,119
120,7,49,119
0,-12,37,119
120,9,49,119
0,-16,37,119
120,19,49,119
0,-12,37,119
120,7,69,119
0,-3,47,119
120,8,49,119
0,-12,37,119
120,19,64,119
0,-26,37,119
120,19,51,119
0,-12,37,119
120,5,68,119
0,-3,44,119
120,10,49,119
0,-12,34,119
120,17,60,119
0,-24,34,119
120,19,49,119
0,-12,34,119
120,7,75,119
0,-14,53,119
120,19,48,119
0,-12,38,119
120,19,48,119
0,-15,38,119
120,15,48,240
0,-14,38,119
120,19,56,119
0,-12,48,119
120,19,49,119
0,-15,37,119
120,15,49,119
0,-14,37,119
120,19,49,119
0,-12,37,119
120,19,63,119
0,-15,47,119
120,15,49,119
0,-14,37,119
120,19,49,119
0,-12,37,119
120,19,49,119
0,-15,37,119
120,8,56,119
0,-12,44,119
120,7,49,119
0,-14,34,119
120,14,49,119
0,-15,34,119
120,8,49,119
0,-12,34,119
120,7,60,119
0,-14,50,119
120,14,48,119
0,-15,38,119
120,8,48,119
0,-12,38,119
120,7,48,119
0,-14,38,119
120,14,66,480
0,-15,45,119
120,8,46,119
0,-12,35,119
120,7,46,119
0,-14,35,119
120,19,46,119
0,-12,35,119
120,5,66,119
0,-3,44,119
120,8,47,119
0,-12,35,119
120,19,61,480
0,-24,35,119
120,17,49,119
0,-12,35,119
120,7,63,119
0,-3,41,119
120,8,46,119
0,-12,31,119
120,16,56,240
0,-21,31,119
120,17,46,119
0,-12,31,119
120,7,72,119
0,-12,50,119
120,17,45,119
0,-9,36,119
120,16,45,119
0,-12,36,119
120,12,45,119
0,-12,35,119
120,17,52,119
0,-9,45,119
120,16,45,119
0,-12,34,119
120,12,45,119
0,-12,34,119
120,17,44,119
0,-9,33,119
120,16,62,119
0,-12,42,119
120,5,45,119
0,-9,33,119
120,4,45,119
0,-12,33,119
120,12,44,119
0,-12,33,119
120,5,50,119
0,-9,39,119
120,4,42,119
0,-12,30,119
120,12,42,119
0,-12,30,119
120,5,42,119
0,-9,29,119
120,4,64,119
0,-12,44,119
120,16,42,119
0,-9,33,119
120,17,41,119
0,-12,31,119
120,12,41,119
0,-12,31,119
120,16,50,119
0,-9,38,119
120,17,39,119
0,-12,29,119
120,4,38,119
0,-9,29,119
120,5,38,119
0,-12,29,119
120,-2,61,119
0,-10,42,119
120,16,39,119
0,-10,29,119
120,16,46,119
0,-10,28,119
120,10,40,119
0,-10,28,119
120,16,48,119
0,-10,33,119
120,16,37,119
0,-10,25,119
120,4,44,120
0,-10,25,119
120,4,36,119
0,-10,25,119
120,-1,61,119
0,-12,42,119
120,16,38,119
0,-9,30,119
120,17,38,119
0,-12,30,119
120,12,38,119
0,-12,30,119
120,16,46,119
0,-9,36,119
120,17,39,119
0,-12,29,119
120,12,39,119
0,-12,29,119
120,16,40,119
0,-9,29,119
120,17,56,119
0,-12,41,119
120,4,41,119
0,-9,29,119
120,5,41,119
0,-12,30,119
120,12,41,119
0,-12,30,119
120,4,47,119
0,-9,36,119
120,5,41,119
0,-12,28,119
120,12,41,119
0,-12,28,119
120,4,41,119
0,-9,28,119
120,6,66,119
0,-13,46,119
120,17,41,119
0,-9,31,119
120,17,41,119
0,-13,31,119
120,13,41,119
0,-13,31,119
120,17,49,119
0,-9,39,119
120,17,44,119
0,-13,33,119
120,13,44,119
0,-13,33,119
120,17,44,119
0,-9,33,119
120,17,60,119
0,-13,45,119
120,5,45,119
0,-9,33,119
120,5,45,119
0,-13,33,119
120,13,45,119
0,-13,33,119
120,5,51,119
0,-9,39,119
120,5,45,119
0,-13,31,119
120,13,45,119
0,-13,31,119
120,5,45,119
0,-9,31,119
120,9,72,119
0,-17,50,119
120,22,45,119
0,-15,36,119
120,22,45,119
0,-16,36,119
120,16,45,119
0,-16,36,119
120,21,52,119
0,-15,42,119
120,22,46,119
0,-16,34,119
120,16,46,119
0,-16,34,119
120,21,45,119
0,-15,34,119
120,22,64,119
0,-16,46,119
120,9,46,119
0,-15,34,119
120,10,46,119
0,-16,34,119
120,16,46,119
0,-16,34,119
120,9,51,119
0,-15,39,119
120,10,45,119
0,-16,31,119
120,16,45,119
0,-16,31,119
120,9,45,119
0,-15,31,119
120,9,69,119
0,-16,49,119
120,22,44,119
0,-15,34,119
120,21,44,119
0,-16,34,119
120,16,44,119
0,-16,34,119
120,22,51,119
0,-15,42,119
120,21,44,119
0,-16,34,119
120,16,44,119
0,-16,34,119
120,22,44,119
0,-15,33,119
120,21,62,119
0,-16,45,119
120,10,45,119
0,-15,33,119
120,9,45,119
0,-16,33,119
120,16,45,119
0,-16,33,119
120,10,50,119
0,-15,39,119
120,9,44,119
0,-16,30,119
120,16,44,119
0,-16,30,119
120,10,44,119
0,-15,30,119
120,9,68,119
0,-16,48,119
120,22,42,119
0,-15,34,119
120,21,42,119
0,-16,34,119
120,16,42,119
0,-16,34,119
120,22,50,119
0,-15,41,119
120,21,42,119
0,-16,33,119
120,16,42,119
0,-16,33,119
120,22,45,119
0,-15,33,119
120,21,62,119
0,-16,46,119
120,10,46,119
0,-15,33,119
120,9,46,119
0,-16,33,119
120,16,46,119
0,-16,33,119
120,10,51,119
0,-15,39,119
120,9,45,119
0,-16,31,119
120,16,45,119
0,-16,31,119
120,10,45,119
0,-15,31,119
120,10,73,119
0,-16,51,119
120,21,47,119
0,-12,36,119
120,19,47,119
0,-16,36,119
120,16,47,119
0,-16,36,119
120,21,56,119
0,-12,46,119
120,19,48,119
0,-16,36,119
120,16,48,119
0,-16,36,119
120,21,48,119
0,-12,36,119
120,19,69,119
0,-16,49,119
120,9,49,119
0,-12,36,119
120,7,50,119
0,-16,36,119
120,16,50,119
0,-16,36,119
120,9,57,119
0,-12,45,119
120,7,49,119
0,-16,34,119
120,16,49,119
0,-16,34,119
120,9,49,119
0,-12,34,119
120,10,79,119
0,-18,56,119
120,21,49,119
0,-12,39,119
120,21,49,119
0,-18,39,119
120,18,49,119
0,-18,39,119
120,21,59,119
0,-12,48,119
120,21,50,119
0,-18,38,119
120,18,50,119
0,-18,38,119
120,21,51,119
0,-12,39,119
120,21,69,119
0,-18,52,119
120,9,52,119
0,-12,39,119
120,9,52,119
0,-18,39,119
120,18,52,119
0,-18,39,119
120,9,60,119
0,-12,47,119
120,9,52,119
0,-18,37,119
120,18,52,119
0,-18,37,119
120,9,52,119
0,-12,37,119
120,8,84,119
0,-16,59,119
120,21,51,119
0,-12,41,119
120,19,51,119
0,-16,41,119
120,16,51,119
0,-16,41,119
120,21,63,119
0,-12,51,119
120,19,53,119
0,-16,42,119
120,16,53,119
0,-16,42,119
120,21,53,119
0,-12,42,119
120,19,77,119
0,-16,56,119
120,9,56,119
0,-12,42,119
120,7,57,119
0,-16,42,119
120,16,57,119
0,-16,42,119
120,9,66,119
0,-12,50,119
120,7,56,119
0,-16,38,119
120,16,56,119
0,-16,38,119
120,9,56,119
0,-12,38,119
120,7,91,119
0,-15,62,119
120,21,57,119
0,-15,45,119
120,21,57,119
0,-15,45,119
120,15,57,119
0,-15,45,119
120,21,68,119
0,-15,55,119
120,21,58,119
0,-15,44,119
120,15,58,119
0,-15,44,119
120,21,58,119
0,-15,45,119
120,21,77,119
0,-15,59,119
120,9,59,119
0,-15,45,119
120,9,59,119
0,-15,45,119
120,15,59,119
0,-15,45,119
120,9,69,119
0,-15,52,119
120,9,60,119
0,-15,40,119
120,15,60,119
0,-15,40,119
120,9,60,119
0,-15,40,119
120,10,94,119
0,-15,67,119
120,20,59,119
0,-15,46,119
120,22,59,119
0,-15,46,119
120,15,59,119
0,-15,46,119
120,20,71,119
0,-15,57,119
120,22,61,119
0,-15,48,119
120,15,61,119
0,-15,48,119
120,20,61,119
0,-15,48,119
120,22,84,119
0,-15,62,119
120,8,62,119
0,-15,48,119
120,10,64,119
0,-15,48,119
120,15,64,119
0,-15,48,119
120,8,73,119
0,-15,56,119
120,10,63,119
0,-15,42,119
120,15,63,119
0,-15,42,119
120,8,63,119
0,-15,42,119
120,14,97,119
0,-16,71,119
120,21,63,119
0,-16,51,119
120,23,63,119
0,-16,51,119
120,16,63,119
0,-16,51,119
120,21,74,119
0,-16,61,119
120,23,64,119
0,-16,49,119
120,16,64,119
0,-16,49,119
120,21,66,119
0,-16,50,119
120,23,88,119
0,-16,67,119
120,9,67,119
0,-16,50,119
120,11,67,119
0,-16,50,119
120,16,67,119
0,-16,50,119
120,9,77,119
0,-16,59,119
120,11,67,119
0,-16,47,119
120,16,67,119
0,-16,47,119
120,9,67,119
0,-16,47,119
120,9,101,119
0,-15,71,119
120,22,66,119
0,-16,51,119
120,21,66,119
0,-15,51,119
120,15,66,119
0,-15,51,119
120,22,80,119
0,-16,63,119
120,21,68,119
0,-15,52,119
120,15,68,119
0,-15,52,119
120,22,68,119
0,-16,52,119
120,21,88,119
0,-15,71,119
120,9,71,119
0,-15,52,119
120,9,72,119
0,-15,52,119
120,15,72,119
0,-15,52,119
120,9,81,119
0,-15,63,119
120,9,69,119
0,-15,49,119
120,15,69,119
0,-15,49,119
120,9,69,119
0,-15,49,119
120,12,108,119
0,-13,77,119
120,16,67,119
0,-9,53,119
120,18,67,119
0,-15,53,119
120,15,67,119
0,-13,53,119
120,16,81,119
0,-9,64,119
120,18,70,119
0,-15,50,119
120,15,70,119
0,-13,51,119
120,16,70,119
0,-9,51,119
120,18,92,119
0,-15,73,119
120,6,67,119
0,-9,53,119
120,6,69,119
0,-13,53,119
120,13,69,119
0,-15,53,119
120,6,82,119
0,-9,63,119
120,6,67,119
0,-13,50,119
120,13,67,119
0,-15,50,119
120,6,67,119
0,-9,50,119
120,5,106,119
0,-12,77,119
120,16,67,119
0,-9,53,119
120,17,67,119
0,-14,53,119
120,14,67,119
0,-12,53,119
120,16,81,119
0,-9,64,119
120,17,70,119
0,-14,50,119
120,14,70,119
0,-12,51,119
120,16,70,119
0,-9,51,119
120,17,90,119
0,-14,73,119
120,6,67,119
0,-9,53,119
120,5,69,119
0,-12,53,119
120,12,69,119
0,-14,53,119
120,6,82,119
0,-9,63,119
120,5,67,119
0,-12,50,119
120,12,67,119
0,-14,50,119
120,6,67,119
0,-9,50,119
120,-7,100,119
0,-12,74,119
120,16,61,119
0,-9,44,119
120,17,62,119
0,-12,44,119
120,12,64,119
0,-12,44,119
120,16,75,119
0,-9,58,119
120,17,66,119
0,-12,40,119
120,4,67,119
0,-9,40,119
120,5,68,119
0,-12,41,119
120,0,105,119
0,-11,63,119
120,16,68,119
0,-12,44,119
120,19,68,119
0,-11,44,119
120,11,69,119
0,-11,44,119
120,16,80,119
0,-12,58,119
120,19,70,119
0,-11,41,119
120,4,71,119
0,-12,41,119
120,7,72,119
0,-11,41,119
120,-1,106,119
0,-10,71,119
120,16,69,119
0,-12,43,119
120,18,70,119
0,-10,44,119
120,10,71,119
0,-10,45,119
120,16,81,119
0,-12,61,119
120,18,72,119
0,-10,46,119
120,4,74,119
0,-12,47,119
120,6,76,119
0,-10,48,119
120,-2,109,119
0,-9,70,119
120,15,73,119
0,-12,50,119
120,18,75,119
0,-9,51,119
120,3,75,119
0,-12,50,119
120,6,96,119
0,-8,69,119
120,15,73,119
0,-12,50,119
120,17,72,119
0,-8,50,119
120,3,72,119
0,-12,51,119
120,13,108,119
0,-15,82,119
120,19,70,119
0,-12,56,119
120,20,70,119
0,-15,56,119
120,15,70,119
0,-15,56,119
120,19,82,119
0,-12,70,119
120,20,72,119
0,-15,57,119
120,15,70,119
0,-15,56,119
120,19,70,119
0,-12,56,119
120,20,90,119
0,-15,67,119
120,7,74,119
0,-12,56,119
120,8,74,119
0,-15,56,119
120,15,74,119
0,-15,56,119
120,7,82,119
0,-12,63,119
120,8,70,119
0,-15,55,119
120,15,70,119
0,-15,55,119
120,7,70,119
0,-12,55,119
120,7,107,119
0,-14,75,119
120,20,66,119
0,-15,57,119
120,21,66,119
0,-14,51,119
120,14,66,119
0,-14,51,119
120,20,82,119
0,-15,70,119
120,21,67,119
0,-14,51,119
120,14,66,119
0,-14,51,119
120,20,66,119
0,-15,51,119
120,21,92,119
0,-14,69,119
120,8,72,119
0,-15,56,119
120,9,70,119
0,-14,56,119
120,14,70,119
0,-14,56,119
120,8,79,119
0,-15,63,119
120,9,69,119
0,-14,51,119
120,14,69,119
0,-14,51,119
120,8,67,119
0,-15,51,119
120,12,107,119
0,-17,78,119
120,24,70,119
0,-16,57,119
120,21,70,119
0,-17,57,119
120,17,70,119
0,-17,57,119
120,24,82,119
0,-16,70,119
120,21,72,119
0,-17,56,119
120,17,72,119
0,-17,56,119
120,24,72,119
0,-16,56,119
120,21,88,119
0,-17,67,119
120,12,74,119
0,-16,56,119
120,9,74,119
0,-17,56,119
120,17,74,119
0,-17,56,119
120,12,82,119
0,-16,63,119
120,9,72,119
0,-17,50,119
120,17,72,119
0,-17,50,119
120,12,72,119
0,-16,50,119
120,7,109,119
0,-15,82,119
120,19,70,119
0,-12,56,119
120,20,70,119
0,-15,56,119
120,15,70,119
0,-15,56,119
120,19,82,119
0,-12,70,119
120,20,72,119
0,-15,57,119
120,15,70,119
0,-15,56,119
120,19,70,119
0,-12,56,119
120,20,91,119
0,-15,67,119
120,7,74,119
0,-12,56,119
120,8,74,119
0,-15,56,119
120,15,74,119
0,-15,56,119
120,7,82,119
0,-12,63,119
120,8,70,119
0,-15,55,119
120,15,70,119
0,-15,55,119
120,7,70,119
0,-12,55,119
120,7,110,119
0,-14,75,119
120,20,66,119
0,-15,57,119
120,21,66,119
0,-14,51,119
120,14,66,119
0,-14,51,119
120,20,82,119
0,-15,70,119
120,21,67,119
0,-14,51,119
120,14,66,119
0,-14,51,119
120,20,66,119
0,-15,51,119
120,21,95,119
0,-14,69,119
120,8,72,119
0,-15,56,119
120,9,70,119
0,-14,56,119
120,14,70,119
0,-14,56,119
120,8,79,119
0,-15,63,119
120,9,69,119
0,-14,51,119
120,14,69,119
0,-14,51,119
120,8,67,119
0,-15,51,119
120,10,109,119
0,-15,78,119
120,20,70,119
0,-15,57,119
120,22,70,119
0,-16,57,119
120,16,70,119
0,-15,57,119
120,20,82,119
0,-12,70,119
120,19,72,119
0,-16,56,119
120,16,72,119
0,-15,56,119
120,20,72,119
0,-15,56,119
120,22,94,119
0,-16,67,119
120,9,74,119
0,-15,56,119
120,10,74,119
0,-15,56,119
120,15,74,119
0,-16,56,119
120,9,82,119
0,-15,63,119
120,10,72,119
0,-15,50,119
120,15,72,119
0,-16,50,119
120,9,72,119
0,-15,50,119
120,7,106,119
0,-12,78,119
120,15,70,119
0,-8,57,119
120,17,70,119
0,-12,57,119
120,12,70,119
0,-12,57,119
120,15,78,119
0,-8,66,119
120,17,85,480
0,-12,51,119
120,3,66,119
0,-8,51,119
120,5,64,119
0,-12,50,119
120,15,74,119
0,-8,61,119
120,15,81,480
0,-10,49,119
120,3,64,119
0,-8,49,119
120,5,64,119
0,-12,48,119
120,15,73,119
0,-8,55,119
120,13,77,480
0,-8,41,119
120,3,60,119
0,-8,41,119
120,5,60,119
0,-12,41,119
120,14,69,119
0,-7,58,119
120,12,75,480
0,-8,47,119
120,3,58,119
0,-7,46,119
120,4,58,119
0,-11,46,119
120,13,66,119
0,-6,53,119
120,12,73,480
0,-9,44,119
120,3,58,119
0,-6,44,119
120,3,56,119
0,-10,41,119
120,12,63,119
0,-7,49,119
120,12,70,480
0,-8,37,119
120,3,55,119
0,-7,37,119
120,4,53,119
0,-9,37,119
120,11,59,119
0,-6,48,119
120,12,66,360
0,-9,36,119
120,3,52,119
0,-6,36,119
120,3,50,119
0,-8,35,119
120,3,84,119
0,-15,62,119
120,19,52,119
0,-12,42,119
120,20,52,119
0,-15,42,119
120,15,53,119
0,-15,42,119
120,19,63,119
0,-12,53,119
120,20,56,119
0,-15,45,119
120,15,55,119
0,-15,44,119
120,19,55,119
0,-12,44,119
120,20,79,119
0,-15,52,119
120,7,58,119
0,-12,44,119
120,8,59,119
0,-15,45,119
120,15,59,119
0,-15,45,119
120,7,67,119
0,-12,51,119
120,8,56,119
0,-15,44,119
120,15,56,119
0,-15,44,119
120,7,57,119
0,-12,45,119
120,7,92,119
0,-14,61,119
120,20,55,119
0,-15,47,119
120,21,55,119
0,-14,42,119
120,14,55,119
0,-14,42,119
120,20,69,119
0,-15,58,119
120,21,56,119
0,-14,42,119
120,14,56,119
0,-14,44,119
120,20,56,119
0,-15,44,119
120,21,79,119
0,-14,59,119
120,8,61,119
0,-15,48,119
120,9,59,119
0,-14,48,119
120,14,60,119
0,-14,48,119
120,8,68,119
0,-15,55,119
120,9,60,119
0,-14,45,119
120,14,60,119
0,-14,45,119
120,8,59,119
0,-15,45,119
120,11,100,119
0,-16,67,119
120,22,58,119
0,-15,50,119
120,21,59,119
0,-16,46,119
120,16,59,119
0,-16,46,119
120,22,74,119
0,-15,62,119
120,21,61,119
0,-16,46,119
120,16,60,119
0,-16,46,119
120,22,60,119
0,-15,47,119
120,21,84,119
0,-16,62,119
120,10,67,119
0,-15,49,119
120,9,64,119
0,-16,49,119
120,16,64,119
0,-16,49,119
120,10,73,119
0,-15,59,119
120,9,63,119
0,-16,48,119
120,16,64,119
0,-16,48,119
120,11,63,240
0,-16,48,240
120,10,102,119
0,-16,68,119
120,19,60,119
0,-12,51,119
120,21,60,119
0,-16,46,119
120,16,60,119
0,-16,46,119
120,19,74,119
0,-12,62,119
120,21,61,119
0,-16,46,119
120,16,60,119
0,-16,46,119
120,19,60,119
0,-12,46,119
120,21,83,119
0,-16,62,119
120,7,64,119
0,-12,48,119
120,9,62,119
0,-16,48,119
120,16,62,119
0,-16,48,119
120,7,71,119
0,-12,58,119
120,9,62,119
0,-16,46,119
120,16,62,119
0,-16,46,119
120,7,61,119
0,-12,46,119
120,9,97,119
0,-16,66,119
120,19,58,119
0,-12,49,119
120,21,58,119
0,-16,44,119
120,16,58,119
0,-16,44,119
120,19,71,119
0,-12,61,119
120,21,59,119
0,-16,44,119
120,16,58,119
0,-16,44,119
120,19,58,119
0,-12,44,119
120,21,81,119
0,-16,60,119
120,7,63,119
0,-12,44,119
120,9,62,119
0,-16,44,119
120,16,62,119
0,-16,44,119
120,7,69,119
0,-12,56,119
120,9,60,119
0,-16,44,119
120,16,60,119
0,-16,44,119
120,7,59,119
0,-12,44,119
120,8,101,119
0,-15,67,119
120,21,59,119
0,-15,50,119
120,21,59,119
0,-15,46,119
120,15,59,119
0,-15,46,119
120,21,74,119
0,-15,62,119
120,21,60,119
0,-15,46,119
120,15,59,119
0,-15,46,119
120,21,59,119
0,-15,46,119
120,21,85,119
0,-15,61,119
120,9,64,119
0,-15,48,119
120,9,63,119
0,-15,48,119
120,15,63,119
0,-15,47,119
120,9,71,119
0,-15,58,119
120,9,61,119
0,-15,46,119
120,15,61,119
0,-15,46,119
120,9,60,119
0,-15,46,119
120,10,103,119
0,-16,69,119
120,22,61,119
0,-15,51,119
120,21,61,119
0,-16,47,119
120,16,61,119
0,-16,47,119
120,22,75,119
0,-15,66,119
120,21,62,119
0,-16,47,119
120,16,61,119
0,-16,47,119
120,22,61,119
0,-15,47,119
120,21,86,119
0,-16,64,119
120,10,67,119
0,-15,47,119
120,9,66,119
0,-16,47,119
120,16,66,119
0,-16,47,119
120,10,73,119
0,-15,60,119
120,9,64,119
0,-16,47,119
120,16,64,119
0,-16,47,119
120,10,62,119
0,-15,47,240
120,11,105,119
0,-17,72,119
120,21,61,119
0,-16,51,119
120,24,62,119
0,-17,49,119
120,17,63,119
0,-17,49,119
120,21,79,119
0,-16,67,119
120,24,62,119
0,-17,49,119
120,9,64,119
0,-16,49,119
120,12,66,119
0,-17,49,119
120,6,106,119
0,-18,67,119
120,21,70,119
0,-18,50,119
120,27,68,119
0,-18,50,119
120,18,68,119
0,-18,50,119
120,21,75,119
0,-18,61,119
120,27,67,119
0,-18,49,119
120,9,67,119
0,-18,49,119
120,15,64,119
0,-18,49,119
120,5,108,119
0,-16,73,119
120,21,64,119
0,-12,55,119
120,19,64,119
0,-16,50,119
120,16,64,119
0,-16,50,119
120,21,81,119
0,-12,69,119
120,19,67,119
0,-16,50,119
120,16,64,119
0,-16,50,119
120,21,64,119
0,-12,50,119
120,19,93,119
0,-16,69,119
120,9,71,119
0,-12,50,119
120,7,70,119
0,-16,50,119
120,16,70,119
0,-16,50,119
120,9,78,119
0,-12,63,119
120,7,69,119
0,-16,50,119
120,16,69,119
0,-16,50,119
120,9,68,118
0,-12,50,119
120,12,107,119
0,-20,77,119
120,27,67,119
0,-19,58,119
120,24,67,119
0,-20,52,119
120,20,67,119
0,-20,52,119
120,27,83,119
0,-19,72,119
120,24,69,119
0,-20,52,119
120,20,67,119
0,-20,52,119
120,27,67,119
0,-19,52,119
120,24,95,119
0,-20,71,119
120,15,73,119
0,-19,52,119
120,12,72,119
0,-20,52,119
120,20,72,119
0,-20,52,119
120,15,80,119
0,-19,64,119
120,12,71,119
0,-20,52,119
120,20,71,119
0,-20,52,119
120,15,69,119
0,-19,52,119
120,10,105,119
0,-17,72,119
120,19,64,119
0,-12,51,119
120,22,64,119
0,-17,49,119
120,17,64,119
0,-17,49,119
120,19,80,119
0,-12,67,119
120,22,64,119
0,-17,49,119
120,7,64,119
0,-12,49,119
120,10,64,119
0,-17,49,119
120,3,103,119
0,-15,66,119
120,19,69,119
0,-12,50,119
120,20,67,119
0,-15,50,119
120,15,67,119
0,-15,50,119
120,19,77,119
0,-12,62,119
120,20,66,119
0,-15,49,119
120,7,66,119
0,-12,49,119
120,8,64,119
0,-15,49,118
120,0,103,119
0,-12,73,119
120,15,64,119
0,-8,52,119
120,17,64,119
0,-12,49,119
120,12,64,119
0,-12,49,119
120,15,81,119
0,-8,69,119
120,17,66,119
0,-12,49,119
120,3,64,119
0,-8,49,119
120,5,64,119
0,-12,49,119
120,-3,103,119
0,-9,67,119
120,15,70,119
0,-8,50,119
120,14,69,119
0,-9,50,119
120,9,69,119
0,-9,50,119
120,15,77,119
0,-8,62,119
120,14,67,119
0,-9,49,119
120,3,67,119
0,-8,49,119
120,2,66,119
0,-9,49,119
120,2,110,119
0,-12,74,119
120,17,70,119
0,-9,56,119
120,16,70,119
0,-12,56,119
120,12,70,119
0,-12,53,119
120,17,85,119
0,-9,66,119
120,16,71,119
0,-12,53,119
120,12,70,119
0,-12,53,119
120,17,70,119
0,-9,53,119
120,16,97,119
0,-12,72,119
120,5,75,119
0,-9,53,119
120,4,73,119
0,-12,53,119
120,12,73,119
0,-12,53,119
120,5,82,119
0,-9,67,119
120,4,72,119
0,-12,53,119
120,12,72,119
0,-12,53,119
120,5,71,119
0,-9,53,119
120,5,108,119
0,-13,74,119
120,17,70,119
0,-9,56,119
120,17,70,119
0,-13,56,119
120,13,70,119
0,-13,53,119
120,17,85,119
0,-9,66,119
120,17,71,119
0,-13,53,119
120,13,70,119
0,-13,53,119
120,17,70,119
0,-9,53,119
120,17,97,119
0,-13,72,119
120,5,75,119
0,-9,53,119
120,5,73,119
0,-13,53,119
120,13,73,119
0,-13,53,119
120,5,82,119
0,-9,67,119
120,5,72,119
0,-13,53,119
120,13,72,119
0,-13,53,119
120,5,71,119
0,-9,53,119
120,5,110,119
0,-13,74,119
120,16,70,119
0,-9,56,119
120,18,70,119
0,-15,56,119
120,15,70,119
0,-13,53,119
120,16,85,119
0,-9,66,119
120,18,71,119
0,-15,53,119
120,15,70,119
0,-13,53,119
120,16,70,119
0,-9,53,119
120,18,97,119
0,-15,72,119
120,6,75,119
0,-9,53,119
120,6,73,119
0,-13,53,119
120,13,73,119
0,-15,53,119
120,6,82,119
0,-9,67,119
120,6,72,119
0,-13,53,119
120,13,72,119
0,-15,53,119
120,6,71,119
0,-9,53,119
120,5,108,119
0,-12,74,119
120,16,70,119
0,-9,56,119
120,17,70,119
0,-14,56,119
120,14,70,119
0,-12,53,119
120,16,85,119
0,-9,66,119
120,17,71,119
0,-14,53,119
120,14,70,119
0,-12,53,119
120,16,70,119
0,-9,53,119
120,17,97,119
0,-14,72,119
120,6,75,119
0,-9,53,119
120,5,73,119
0,-12,53,119
120,12,73,119
0,-14,53,119
120,6,82,119
0,-9,67,119
120,5,72,119
0,-12,53,119
120,12,72,119
0,-17,53,119
120,9,71,119
0,-16,53,119
120,9,108,119
0,-16,74,119
120,19,70,119
0,-12,56,119
120,21,70,119
0,-16,56,119
120,16,70,119
0,-16,53,119
120,19,85,119
0,-12,66,119
120,21,71,119
0,-16,53,119
120,16,70,119
0,-16,53,119
120,19,70,119
0,-12,53,119
120,21,93,119
0,-16,72,119
120,16,75,119
0,-16,53,119
120,19,73,119
0,-12,53,119
120,21,73,119
0,-16,53,119
120,7,82,119
0,-12,67,119
120,9,72,119
0,-16,53,119
120,16,72,119
0,-16,53,119
120,7,71,119
0,-12,53,119
120,9,81,119
0,-16,69,119
120,16,69,119
0,-16,52,119
120,7,69,119
0,-12,52,119
120,9,69,119
0,-16,52,119
120,16,101,480
0,-16,61,119
120,7,70,119
0,-12,50,119
120,9,70,119
0,-16,50,119
120,19,70,119
0,-12,50,119
120,7,106,119
0,-3,59,119
120,8,63,119
0,-12,50,119
120,19,82,119
0,-26,50,119
120,19,66,119
0,-12,50,119
120,10,102,119
0,-3,56,119
120,5,62,119
0,-12,49,119
120,24,75,240
0,-31,49,119
120,19,62,119
0,-12,49,119
120,9,108,119
0,-16,74,119
120,19,70,119
0,-12,56,119
120,21,70,119
0,-16,56,119
120,16,70,119
0,-16,53,119
120,19,85,119
0,-12,66,119
120,21,71,119
0,-16,53,119
120,16,70,119
0,-16,53,119
120,19,70,119
0,-12,53,119
120,21,83,119
0,-16,72,119
120,16,75,119
0,-16,53,119
120,19,73,119
0,-12,53,119
120,21,73,119
0,-16,53,119
120,7,82,119
0,-12,67,119
120,9,72,119
0,-16,53,119
120,16,72,119
0,-16,53,119
120,7,71,119
0,-12,53,119
120,9,81,119
0,-16,69,119
120,16,69,119
0,-16,52,119
120,7,69,119
0,-12,52,119
120,9,69,119
0,-16,52,119
120,16,105,480
0,-16,61,119
120,7,70,119
0,-12,50,119
120,9,70,119
0,-16,50,119
120,19,70,119
0,-12,50,119
120,7,104,119
0,-3,59,119
120,8,63,119
0,-12,50,119
120,19,82,480
0,-26,50,119
120,19,66,119
0,-12,50,119
120,5,103,119
0,-3,56,119
120,10,62,119
0,-12,49,119
120,17,75,240
0,-24,49,119
120,19,62,119
0,-12,49,119
120,7,109,119
0,-14,74,119
120,19,70,119
0,-12,56,119
120,19,70,119
0,-15,56,119
120,15,70,240
0,-14,53,119
120,19,85,119
0,-12,66,119
120,19,71,119
0,-15,53,119
120,15,70,119
0,-14,53,119
120,19,70,119
0,-12,53,119
120,19,87,119
0,-15,72,119
120,15,75,119
0,-14,53,119
120,19,73,119
0,-12,53,119
120,19,73,119
0,-15,53,119
120,8,82,119
0,-12,67,119
120,7,72,119
0,-14,53,119
120,14,72,119
0,-15,53,119
120,8,71,119
0,-12,53,119
120,7,81,119
0,-14,69,119
120,14,69,119
0,-15,52,119
120,8,69,119
0,-12,52,119
120,7,69,119
0,-14,52,119
120,14,101,480
0,-15,61,119
120,8,70,119
0,-12,50,119
120,7,70,119
0,-14,50,119
120,19,70,119
0,-12,50,119
120,5,100,119
0,-3,59,119
120,8,63,119
0,-12,50,119
120,19,82,480
0,-24,50,119
120,17,66,119
0,-12,50,119
120,7,99,119
0,-3,56,119
120,8,62,119
0,-12,49,119
120,16,75,240
0,-21,49,119
120,17,62,119
0,-12,49,119
120,7,100,119
0,-12,69,119
120,17,70,119
0,-9,55,119
120,16,70,119
0,-12,55,119
120,12,70,119
0,-12,55,119
120,17,85,119
0,-9,63,119
120,16,71,119
0,-12,53,119
120,12,70,119
0,-12,53,119
120,17,70,119
0,-9,53,119
120,16,91,119
0,-12,67,119
120,12,73,119
0,-12,53,119
120,17,73,119
0,-9,53,119
120,16,73,119
0,-12,53,119
120,5,82,119
0,-9,67,119
120,4,72,119
0,-12,53,119
120,12,72,119
0,-12,53,119
120,5,71,119
0,-9,53,119
120,4,81,119
0,-12,69,119
120,12,69,119
0,-12,52,119
120,5,69,119
0,-9,52,119
120,4,69,119
0,-12,52,119
120,12,104,480
0,-12,61,119
120,5,73,119
0,-9,50,119
120,4,73,119
0,-12,50,119
120,17,73,119
0,-9,50,119
120,4,103,119
0,-12,59,119
120,17,68,119
0,-9,50,119
120,16,82,480
0,-12,50,119
120,5,66,119
0,-9,50,119
120,4,100,119
0,-12,56,119
120,17,62,119
0,-9,49,119
120,18,75,240
0,-14,49,119
120,5,62,119
0,-9,49,119
120,4,107,119
0,-12,74,119
120,17,73,119
0,-9,56,119
120,16,73,119
0,-12,56,119
120,12,73,119
0,-12,53,119
120,17,85,119
0,-9,66,119
120,16,71,119
0,-12,53,119
120,12,70,119
0,-12,53,119
120,17,70,119
0,-9,53,119
120,16,89,119
0,-12,72,119
120,12,75,119
0,-12,53,119
120,17,73,119
0,-9,53,119
120,16,73,119
0,-12,53,119
120,5,82,119
0,-9,67,119
120,4,72,119
0,-12,53,119
120,12,72,119
0,-12,53,119
120,5,71,119
0,-9,53,119
120,4,81,119
0,-12,69,119
120,12,69,119
0,-12,52,119
120,5,69,119
0,-9,52,119
120,4,69,119
0,-12,52,119
120,12,106,480
0,-12,72,119
120,5,70,119
0,-9,50,119
120,4,70,119
0,-12,50,119
120,17,70,119
0,-9,50,119
120,4,105,119
0,-12,69,119
120,17,63,119
0,-9,50,119
120,16,82,480
0,-12,50,119
120,5,66,119
0,-9,50,119
120,4,104,119
0,-12,71,119
120,17,62,119
0,-9,49,119
120,18,75,240
0,-14,49,119
120,5,62,119
0,-9,49,119
120,8,83,119
0,-16,101,119
120,19,69,119
0,-12,57,119
120,21,69,119
0,-16,57,119
120,7,70,119
0,-12,57,119
120,9,84,119
0,-21,96,119
120,24,72,119
0,-12,55,119
120,21,73,119
0,-16,55,119
120,7,73,119
0,-12,55,119
120,9,88,119
0,-16,104,119
120,19,72,119
0,-12,54,119
120,21,73,119
0,-16,57,119
120,7,73,119
0,-12,60,119
120,9,86,119
0,-21,97,119
120,24,72,119
0,-12,59,119
120,21,73,119
0,-16,59,119
120,7,73,119
0,-12,59,119
120,9,95,119
0,-16,107,119
120,19,79,119
0,-12,65,119
120,21,79,119
0,-16,65,119
120,7,79,119
0,-12,64,119
120,9,94,119
0,-21,104,119
120,24,80,119
0,-12,58,119
120,21,80,119
0,-16,58,119
120,7,80,119
0,-12,58,119
120,9,94,119
0,-16,113,119
120,19,77,119
0,-12,57,119
120,21,77,119
0,-16,57,119
120,7,77,119
0,-12,57,119
120,9,90,119
0,-21,108,119
120,24,74,119
0,-12,57,119
120,21,74,119
0,-16,57,119
120,7,74,119
0,-12,57,119
120,9,111,480
0,-28,97,480
0,12,111,480
960,36,105,960
0,-8,94,960
0,3,94,960
0,9,111,960
0,-28,70,960
0,7,77,960