0,64,60,0
480,0,60,360
360,0,57,120
120,0,60,480
480,1,58,480
480,-1,60,480
480,-4,58,480
480,4,60,960
960,0,38,480
0,-9,28,480
0,5,28,480
0,-12,24,480
480,16,38,360
0,-9,28,360
0,5,28,360
0,-12,24,360
360,7,26,120
0,9,36,120
0,-4,26,120
0,-12,22,120
120,12,28,480
0,-5,28,480
0,9,38,480
0,-16,25,480
480,17,36,480
0,-8,26,480
0,3,26,480
0,-19,24,480
480,19,26,480
0,-5,26,480
0,9,36,480
0,-28,24,480
480,21,25,480
0,3,34,480
0,-19,22,480
480,19,22,480
0,4,31,960
0,-9,22,480
0,-19,20,480
480,26,19,480
0,-6,19,480
0,-21,18,480
478,66,96,80
2,-68,112,240
81,63,71,80
78,4,91,80
83,-7,71,80
79,6,84,80
79,-3,71,80
80,2,82,80
0,-34,88,360
0,-4,74,360
0,-3,74,360
83,36,69,80
79,4,79,80
80,-4,69,80
77,3,79,80
41,-39,70,120
0,3,70,120
0,4,82,120
43,24,69,80
77,-24,88,480
0,-4,74,480
0,-3,74,480
2,38,78,80
79,-7,71,80
78,6,78,80
79,-10,71,80
80,9,78,80
82,-5,71,80
78,4,78,80
2,-35,77,480
0,3,77,480
0,5,92,480
78,19,69,80
85,7,71,80
77,-7,69,80
78,6,71,80
80,-9,69,80
80,8,78,80
2,-32,74,480
0,3,74,480
0,4,88,480
80,20,71,80
81,4,78,80
80,-7,71,80
80,6,78,80
80,-3,71,80
77,2,78,80
2,-34,70,480
0,5,70,480
0,3,82,480
81,21,69,80
79,4,71,80
80,-4,69,80
78,3,71,80
83,-8,69,80
79,-19,70,960
0,3,70,960
0,4,82,960
2,19,71,80
80,-7,69,80
79,6,71,80
78,-10,69,80
84,9,71,80
79,-5,69,80
81,4,71,80
80,-8,69,80
78,7,71,80
77,-7,69,80
82,6,71,80
79,-9,69,80
81,-36,99,240
3,44,56,80
76,-5,51,80
83,4,56,80
81,-7,56,80
80,6,56,80
80,-3,51,80
77,-27,58,360
0,7,69,360
1,22,56,80
79,-5,51,80
79,4,56,80
80,-4,51,80
84,3,56,80
37,-27,50,120
0,7,61,120
38,12,51,80
82,7,56,80
0,-26,60,480
0,7,70,480
78,12,50,80
84,6,55,80
76,-10,49,80
80,9,53,80
85,-5,47,80
76,4,50,80
1,-23,52,480
0,8,62,480
79,7,46,80
82,7,49,80
81,-7,46,80
81,6,47,80
79,-9,45,80
78,8,47,80
0,-20,55,480
0,7,63,480
79,8,45,80
83,4,47,80
78,-7,45,80
80,6,46,80
83,-3,44,80
77,-27,60,1440
2,29,45,80
76,-5,42,80
83,4,45,80
79,-4,40,80
82,3,44,80
79,-8,42,80
79,-12,68,960
1,19,44,80
79,-7,42,80
78,6,47,80
81,-10,45,80
81,9,49,80
82,-5,47,80
79,4,53,80
82,-8,49,80
79,9,56,80
78,-5,53,80
79,8,59,80
82,-7,59,80
79,11,59,80
0,-32,99,240
78,27,59,80
84,3,59,80
79,3,59,80
77,11,59,80
85,-5,59,80
75,3,62,80
2,-21,66,360
0,9,77,360
83,15,64,80
79,11,67,80
77,-5,68,80
81,3,69,80
40,-33,61,120
0,9,73,120
38,15,70,80
82,-24,66,480
0,7,77,480
3,26,69,80
79,-5,68,80
76,3,67,80
85,-7,66,80
79,-3,64,80
79,-5,62,80
78,3,58,80
1,-39,70,480
0,12,84,480
79,20,58,80
83,-3,58,80
78,-5,58,80
78,3,58,80
83,-7,58,80
79,-21,73,240
0,12,86,240
2,20,59,80
78,-5,59,80
79,3,59,80
82,3,59,80
81,11,59,80
80,-5,59,80
78,-16,77,160
0,7,66,160
2,12,64,80
78,3,64,80
78,11,66,80
2,-35,72,160
0,9,60,160
80,21,67,80
80,-31,73,160
0,10,61,160
3,24,69,80
75,-10,69,80
82,-24,77,480
0,8,66,480
1,26,67,80
80,-5,66,80
79,3,64,80
78,-8,62,80
85,-2,61,80
80,-5,60,80
77,-36,68,480
0,12,81,480
1,27,59,80
79,-8,59,80
80,-2,59,80
80,-5,59,80
83,3,59,80
76,-1,59,80
81,10,59,80
0,-34,66,240
0,12,77,240
79,17,58,80
84,4,58,80
76,3,58,80
83,10,58,80
79,-5,58,80
78,4,58,80
1,-24,60,480
0,3,60,480
0,5,70,10
82,19,57,80
78,-15,66,160
3,25,58,80
77,-5,59,80
80,-15,70,160
1,19,59,80
82,-9,59,80
75,9,60,80
2,-33,60,480
0,4,60,480
0,8,70,480
0,-2,70,480
83,18,60,80
78,3,59,80
77,-7,59,80
83,-3,59,80
78,-5,58,80
81,-28,66,480
0,12,77,478
3,19,55,80
78,-7,55,80
80,-3,55,80
78,-5,55,80
84,3,55,80
75,-7,55,82
80,10,55,80
2,-29,66,240
0,12,77,240
82,12,55,80
77,4,55,80
84,3,55,80
76,10,55,80
81,-5,55,80
78,4,55,80
2,-12,67,160
0,-9,56,160
82,24,59,80
78,-16,58,160
0,-9,49,160
3,35,59,80
79,-5,59,80
78,-20,63,160
0,-9,55,160
1,33,59,80
81,-9,59,80
78,17,81,240
0,-48,63,240
0,4,63,240
0,8,72,8
959,37,94,80
1,-68,100,240
78,63,69,80
80,4,90,80
80,-7,69,80
84,6,84,80
81,-3,69,80
76,2,82,80
1,-34,84,360
0,-4,70,360
0,-3,70,360
78,36,67,80
83,4,79,80
77,-4,67,80
80,3,78,80
42,-39,67,120
0,3,67,120
0,4,79,120
40,24,67,80
80,-24,84,480
0,-4,70,480
0,-3,70,480
2,38,77,80
80,-7,69,80
79,6,75,80
77,-10,69,80
82,9,73,80
79,-5,69,80
81,-31,74,480
0,3,74,480
0,5,88,480
2,27,73,80
77,-8,67,80
81,7,69,80
79,-7,67,80
82,6,69,80
80,-9,67,80
79,-24,70,480
0,3,70,480
0,4,84,480
1,25,73,80
77,-5,69,80
83,4,73,80
82,-7,69,80
79,6,73,80
81,-3,69,80
76,2,73,80
1,-34,67,480
0,5,67,480
0,3,79,480
80,21,67,80
79,4,69,80
84,-4,67,80
77,3,69,80
83,-8,67,80
75,7,69,80
2,-26,67,960
0,3,67,960
0,4,79,960
81,12,67,80
77,6,69,80
82,-10,67,80
83,9,69,80
75,-5,67,80
85,4,69,80
76,-8,67,80
80,7,69,80
83,-7,67,80
78,6,69,80
79,-9,67,80
81,-45,70,240
0,12,80,240
1,41,56,80
80,-7,56,80
79,6,56,80
80,-9,51,80
81,8,56,80
80,-5,51,80
79,-27,58,360
0,9,69,360
3,22,56,80
79,-7,51,80
79,6,56,80
81,-3,51,80
79,2,56,80
39,-29,50,120
0,9,61,120
40,15,51,80
79,4,56,80
1,-28,60,480
0,9,70,480
82,15,50,80
79,3,55,80
82,-6,49,80
76,5,53,80
80,-9,47,80
81,-17,52,480
0,10,62,480
1,15,50,80
81,-10,46,80
79,9,49,80
79,-7,46,80
80,6,47,80
78,-8,45,80
82,-15,49,480
0,9,58,480
2,13,47,80
79,-5,45,80
80,4,47,80
81,-6,45,80
80,5,46,80
76,-3,44,80
82,-12,58,480
0,-12,55,1440
1,26,45,80
82,-7,42,80
80,6,45,80
78,-3,40,80
81,2,44,80
76,-5,39,80
82,-3,58,960
0,-9,49,960
2,16,44,80
81,-4,42,80
76,5,47,80
82,-2,45,80
78,3,49,80
80,-6,47,80
79,7,53,80
85,-4,49,80
80,5,56,80
79,-8,53,80
76,9,59,80
81,-6,56,80
79,11,59,80
2,-33,74,240
78,28,59,80
83,3,59,80
81,3,59,80
79,11,59,80
79,-5,59,80
80,3,59,80
0,-15,55,8
0,-6,55,160
0,-3,61,160
79,27,59,80
81,11,60,80
0,-46,62,160
81,41,62,80
77,3,64,80
2,-43,63,160
79,34,66,80
81,-33,69,480
0,14,58,480
0,-5,58,480
0,-3,58,480
2,38,67,80
77,-6,67,80
83,4,66,80
81,-9,64,80
80,-1,64,80
79,-6,62,80
77,4,62,80
1,-42,60,480
0,12,72,480
83,21,59,80
75,-1,59,80
80,-6,59,80
84,4,59,80
79,-9,59,80
79,-20,66,240
0,12,77,240
1,19,59,80
82,-7,59,80
75,5,59,80
85,3,59,80
78,11,59,80
78,-7,59,80
79,5,59,80
2,-15,55,12
0,-6,55,160
0,-3,63,160
81,27,59,80
78,11,60,80
1,-46,63,160
79,39,62,80
81,-37,63,120
3,42,66,80
78,-9,68,80
34,-31,70,525
15,4,70,510
15,3,58,495
15,5,58,480
1,30,69,80
77,-8,69,80
82,6,68,80
80,-9,67,80
80,-1,66,80
82,-8,64,80
78,-34,60,480
0,12,72,480
1,28,59,80
79,-9,59,80
82,-1,59,80
79,-8,59,80
80,6,59,80
79,-9,59,80
78,11,59,80
2,-29,80,240
0,12,80,240
82,8,59,80
76,7,59,80
83,-9,59,80
82,14,59,80
77,-3,59,80
80,-9,88,360
2,10,61,80
78,-3,62,80
80,14,64,80
82,-9,64,80
79,7,64,80
39,-19,79,120
40,10,64,80
80,-10,88,480
3,24,64,80
78,-3,64,80
78,1,62,80
81,-3,61,80
78,14,61,80
84,-9,60,80
78,-48,55,480
0,12,63,480
3,43,59,80
78,-9,59,80
77,14,59,80
81,-3,59,80
79,1,59,80
83,-3,59,80
77,7,59,80
2,-57,58,240
0,12,70,240
83,40,59,80
80,3,59,80
78,-7,59,80
81,3,59,80
81,-3,59,80
75,4,59,80
2,-24,74,360
78,15,59,80
84,4,59,80
79,-4,59,80
78,5,59,80
41,-32,67,1080
38,24,59,80
81,4,59,80
1,-23,70,360
0,-9,70,960
81,28,59,80
79,5,59,80
79,-9,59,80
81,3,59,80
40,-16,67,120
41,13,59,80
79,-12,70,480
2,16,59,80
80,-7,59,80
79,2,59,80
80,-2,59,80
81,3,59,80
81,-8,59,80
75,7,59,80
2,-45,77,240
0,12,77,240
81,28,59,80
79,3,59,80
79,3,59,80
79,11,59,80
85,-5,59,80
75,3,55,80
2,-31,70,480
0,4,70,160
80,30,53,80
80,-24,63,160
1,35,55,80
78,-5,56,80
81,-26,63,160
1,29,57,80
78,-9,58,80
80,4,57,80
1,-26,70,480
78,22,57,80
84,2,56,80
76,-8,56,80
81,-2,55,80
83,-4,55,80
78,-22,68,480
0,4,68,480
0,6,68,480
3,14,55,80
79,-8,59,80
80,17,59,80
79,-9,59,80
79,7,59,80
83,-9,59,80
76,6,59,80
1,-47,72,240
0,12,72,240
83,31,59,80
76,5,59,80
80,-8,59,80
82,11,59,80
39,-39,55,600
43,36,59,80
17,-29,55,540
58,33,59,80
2,-24,63,480
78,15,59,80
83,11,59,80
79,-2,55,80
78,3,59,80
81,-7,55,80
84,10,59,80
76,-3,51,80
79,4,58,80
80,-7,55,80
85,8,59,80
75,-5,58,80
80,6,61,80
80,-9,59,80
82,10,64,80
83,-7,62,80
77,8,69,80
80,-11,67,80
80,-48,90,240
0,-12,90,240
3,72,89,80
80,-5,64,80
78,4,75,80
82,-8,64,80
79,7,73,80
78,-3,64,80
79,2,61,80
1,-38,77,360
0,-4,66,360
0,-3,66,360
78,39,59,80
83,5,61,80
82,-5,59,80
77,4,61,80
40,-43,60,120
0,3,60,120
0,4,72,120
39,29,59,80
81,-29,77,480
0,-4,66,480
0,-3,66,480
1,42,69,80
78,-3,64,80
83,2,69,80
81,-5,64,80
77,4,69,80
83,-4,64,80
75,3,69,80
2,-39,67,480
0,3,67,480
0,5,80,480
83,24,59,80
78,6,61,80
81,-6,59,80
79,5,61,80
77,-10,59,80
81,9,69,80
1,-36,66,480
0,3,66,480
0,4,77,480
80,24,64,80
78,4,69,80
82,-8,64,80
78,7,69,80
83,-3,64,80
79,-31,60,480
0,3,72,480
0,-8,60,480
3,38,61,80
75,-6,59,80
84,5,61,80
79,-5,59,80
81,4,61,80
80,-7,59,80
78,-24,60,960
0,7,72,960
0,-4,60,960
1,27,69,80
81,-3,64,80
76,2,69,80
84,-5,64,80
80,4,69,80
80,-4,64,80
76,3,69,80
85,-8,59,80
78,7,61,80
81,-7,59,80
76,6,61,80
83,-10,59,80
79,-39,74,240
3,48,59,80
75,-5,55,80
81,4,59,80
79,-8,55,80
85,7,59,80
78,-3,55,80
78,2,59,80
1,-33,58,360
0,7,69,360
83,20,55,80
77,5,59,80
82,-5,55,80
77,4,59,80
41,-24,61,120
0,-7,50,120
38,24,55,80
81,6,59,80
1,-30,60,480
0,7,70,480
81,20,55,80
82,2,59,80
75,-5,55,80
85,4,59,80
77,-4,55,80
78,3,59,80
2,-27,52,480
0,8,62,480
82,12,55,80
77,6,59,80
84,-6,55,80
79,5,59,80
81,-10,55,80
76,9,55,80
1,-24,55,480
0,7,63,480
80,12,50,80
78,4,53,80
84,-8,47,80
76,7,50,80
82,-3,46,80
79,2,49,80
1,-33,55,1440
83,27,45,80
75,5,47,80
81,-5,45,80
80,4,46,80
80,-7,42,80
79,6,45,80
2,-23,58,960
81,20,45,80
82,2,47,80
80,-10,45,80
76,9,47,80
83,-4,46,80
79,3,49,80
80,-8,46,80
82,7,49,80
77,-2,46,80
83,3,50,80
78,-7,50,80
77,11,59,80
2,-32,70,240
81,27,59,80
80,3,59,80
79,3,59,80
83,11,59,80
78,-5,59,80
79,-6,77,360
0,-9,77,360
1,18,62,80
80,3,66,80
78,11,67,80
81,-5,69,80
80,3,69,80
40,-21,73,120
0,-9,73,120
38,21,69,80
82,-20,77,480
0,8,77,480
2,21,68,80
77,-5,67,80
79,3,66,80
82,-7,62,80
81,-3,61,80
77,-5,60,80
81,3,58,80
1,-39,66,480
0,12,77,480
78,20,58,80
83,-3,58,80
79,-5,58,80
81,3,58,80
81,-7,58,80
78,11,59,80
0,-32,67,240
0,12,67,240
82,15,59,80
78,3,59,80
83,3,59,80
78,11,59,80
78,-5,59,80
81,-4,77,160
0,-11,77,160
3,18,64,80
80,3,66,80
77,11,67,80
0,-23,72,240
0,-9,72,240
83,27,68,80
76,3,69,80
81,-30,73,80
0,8,73,80
3,12,70,80
77,-12,77,480
0,-7,77,480
1,29,70,80
79,-5,69,80
81,3,68,80
81,-8,67,80
76,-2,66,80
81,-5,64,80
80,3,59,80
1,-39,67,480
0,12,79,480
80,19,59,80
83,-2,59,80
79,-5,59,80
80,3,59,80
81,-1,59,80
77,10,59,8
0,-22,69,240
0,-12,69,240
80,29,58,80
83,4,58,80
76,3,58,80
81,10,58,80
81,-5,58,80
79,4,58,80
0,-16,70,160
0,-5,60,480
82,24,58,80
78,-15,66,160
2,25,59,80
80,-5,59,80
78,-15,70,160
2,19,61,80
76,-9,62,80
81,9,64,80
1,-29,60,480
0,8,70,480
0,-2,70,3
0,-10,60,480
79,28,64,80
83,3,61,80
81,-7,60,80
77,-3,59,80
81,-5,59,80
77,3,55,80
2,-31,77,480
0,-12,66,480
83,36,55,80
76,-3,55,80
82,-5,55,80
80,3,55,80
79,-7,55,80
80,-19,66,240
0,12,77,240
2,16,55,80
76,-4,55,80
80,4,55,80
80,3,55,80
80,10,55,80
82,-5,55,80
79,4,55,80
1,-21,56,160
0,9,67,160
82,15,59,80
76,10,59,80
2,-35,49,160
0,9,58,160
80,21,59,80
78,4,59,80
2,-24,63,160
0,-9,55,160
82,24,59,80
78,17,83,240
0,-44,65,240
0,8,76,240
0,-12,65,240
960,-7,90,240
2,56,94,80
77,-5,70,80
83,4,90,80
79,-7,70,80
80,6,88,80
80,-3,70,80
77,2,85,80
2,-34,77,360
0,-4,66,360
0,-3,66,360
81,36,68,80
77,4,84,80
85,-4,68,80
77,3,80,80
40,-39,60,120
0,3,60,120
0,4,72,120
43,24,68,80
77,-24,77,480
0,-4,66,480
0,-3,66,480
2,38,81,80
79,-7,70,80
81,6,77,80
80,-10,70,80
78,9,77,80
80,-5,70,80
78,4,77,80
2,-35,67,480
0,3,67,480
0,5,80,480
82,19,68,80
77,7,73,80
79,-7,68,80
81,6,70,80
83,-9,68,80
77,8,77,80
1,-32,66,480
0,3,66,480
0,4,77,480
79,20,70,80
81,4,77,80
78,-7,70,80
82,6,77,80
81,-3,70,80
79,-32,60,480
0,5,60,480
0,3,72,480
1,26,77,80
81,-5,68,80
78,4,70,80
80,-4,68,80
83,3,70,80
80,-8,70,80
77,-19,60,960
0,3,60,960
0,4,72,960
1,19,70,80
82,-7,68,80
75,6,70,80
83,-10,68,80
82,9,70,80
77,-5,68,80
79,4,70,80
80,-8,68,80
79,7,70,80
83,-7,68,80
79,6,70,80
78,-9,68,80
80,8,61,80
2,-41,62,240
80,36,59,80
83,4,61,80
80,-7,59,80
77,6,61,80
82,-3,59,80
78,-29,58,1920
0,9,69,360
1,22,61,80
81,-5,59,80
81,4,61,80
78,-4,59,80
80,3,61,80
39,-20,61,120
38,12,59,80
82,-12,70,480
2,19,61,80
78,-7,58,80
81,6,60,80
80,-10,56,80
80,9,59,80
81,-5,55,80
78,-11,62,480
2,15,59,80
78,-9,53,80
78,8,56,80
81,-7,51,80
81,6,55,80
79,-8,49,80
81,-6,73,480
2,13,55,80
78,-5,50,80
83,4,53,80
75,-6,49,80
84,5,50,80
79,-3,47,80
79,-24,69,1440
3,26,49,80
76,-7,46,80
82,6,49,80
82,-3,46,80
79,2,49,80
81,-8,45,80
76,7,49,80
1,-16,66,960
83,15,46,80
79,2,53,80
81,-8,50,80
80,9,56,80
80,-3,55,80
78,4,59,80
78,-7,56,80
82,8,61,80
78,-3,59,80
80,4,64,80
83,-6,64,80
78,-22,75,240
2,33,69,80
77,-5,69,80
83,3,69,80
78,3,69,80
78,11,69,80
84,-5,69,80
78,-12,82,160
0,-9,70,160
3,24,66,80
75,3,67,80
81,11,69,80
1,-46,73,160
81,41,70,80
79,3,72,80
0,-43,79,160
82,34,73,80
77,11,77,80
1,-44,82,480
0,14,82,480
0,-8,70,480
82,32,73,80
81,4,72,80
75,-9,71,80
83,-1,69,80
81,-6,69,80
77,4,64,80
1,-42,86,480
78,33,64,80
81,-1,64,80
83,-6,64,80
81,4,64,80
78,-9,64,80
79,11,69,80
0,-31,81,240
82,24,69,80
77,5,69,80
82,3,69,80
78,11,69,80
80,-7,69,80
81,-7,80,160
0,-9,67,160
3,21,68,80
76,3,68,80
79,11,69,80
2,-44,73,160
82,37,70,80
76,5,71,80
2,-41,79,160
78,32,72,80
80,11,73,80
2,-42,82,480
0,16,82,480
0,-6,70,480
0,-3,70,480
80,27,72,80
81,6,71,80
79,-9,70,80
80,-1,69,80
80,-8,69,80
78,6,64,80
2,-40,94,480
81,31,64,80
81,-1,64,80
78,-8,64,80
81,6,64,80
82,-9,64,80
77,-18,90,240
1,29,69,8
80,-9,69,80
77,7,69,80
82,-9,69,80
79,14,69,80
81,-3,69,80
80,-9,96,360
3,10,70,80
77,-3,70,80
78,14,70,80
83,-9,70,80
81,7,70,80
38,-19,86,120
42,10,70,80
78,-10,96,480
3,24,69,80
80,-3,69,80
76,1,69,80
84,-3,69,80
78,14,69,80
81,-9,69,80
78,-48,55,480
0,12,55,480
2,43,64,80
80,-9,59,80
81,14,59,80
80,-3,59,80
80,1,59,80
78,-3,59,80
79,7,62,80
0,-57,60,240
0,12,60,240
78,40,62,80
82,3,62,80
82,-7,62,80
78,16,68,80
79,-9,62,80
79,7,66,80
2,-46,57,160
81,36,59,80
79,-28,57,160
2,36,63,80
76,-4,59,80
80,3,63,80
2,-27,57,160
80,20,59,80
80,-47,57,240
2,53,62,80
80,-5,59,80
76,3,62,80
80,-7,59,80
80,5,62,80
82,-5,59,80
78,4,62,80
2,-36,48,160
0,3,57,160
83,24,59,80
77,-19,57,160
1,26,62,80
77,-7,59,80
82,-12,57,160
3,17,62,80
78,-8,59,80
79,8,59,80
0,-42,68,240
78,35,59,80
81,6,59,80
81,-8,59,80
81,3,59,80
81,-7,59,80
76,8,55,80
2,-25,52,160
0,5,62,160
82,16,55,80
76,2,55,80
2,-14,57,160
81,8,55,80
79,-5,57,160
1,12,55,80
82,-3,55,80
77,5,55,80
0,-38,62,240
79,28,55,80
80,7,55,80
83,-1,55,80
78,2,55,80
80,-8,55,80
80,-6,57,480
0,-10,57,480
0,7,57,480
0,5,57,480
1,16,55,80
77,-6,53,80
85,11,53,80
79,-9,53,80
76,7,53,80
82,-9,53,80
50,-29,60,510
15,7,60,15
15,9,60,6
2,22,55,80
81,-7,46,80
79,5,55,80
79,-8,46,80
80,5,55,80
82,-5,47,80
79,3,55,80
77,-7,47,80
82,5,55,80
78,-5,47,80
82,4,55,80
81,-9,47,80
77,14,55,80
82,-5,49,80
79,3,55,80
83,-7,49,80
79,5,55,80
80,-5,47,80
79,4,55,80
79,-9,49,80
82,14,55,80
80,-5,47,80
81,3,55,80
76,-7,47,80
81,4,69,480
0,3,82,480
1,-10,66,80
82,-5,61,80
78,3,66,80
82,-6,61,80
78,4,66,80
79,-4,61,80
80,15,69,360
0,3,82,360
0,-12,69,360
0,-3,66,80
83,-6,61,80
80,4,66,80
76,-4,61,80
80,3,66,80
41,15,63,120
0,-9,63,120
0,12,77,120
39,-24,61,80
81,12,69,480
0,12,82,480
0,-3,69,480
2,-16,66,80
81,-5,61,80
78,3,66,80
77,-6,61,80
83,5,66,80
77,-5,61,80
82,24,72,480
0,-7,72,480
0,12,85,480
1,-26,66,80
80,-6,61,80
79,4,61,80
78,-4,57,80
85,3,61,80
75,-6,57,80
82,33,82,480
0,-12,69,480
0,9,69,480
1,-26,61,80
77,-4,61,80
81,3,66,80
82,-6,61,80
78,5,66,80
80,-5,61,80
81,30,63,480
0,-6,63,480
0,9,77,480
1,-30,66,80
79,-6,57,80
80,5,61,80
79,-5,57,80
83,3,61,80
76,-6,57,80
82,30,63,960
0,12,77,960
0,-3,63,960
0,-35,61,80
81,-4,57,80
81,3,61,80
78,-6,57,80
78,4,61,80
82,-4,57,80
80,3,61,80
78,-6,57,80
84,5,61,80
80,-5,57,80
81,3,61,80
78,-6,57,80
79,51,69,480
0,3,82,480
1,-10,66,80
80,-5,61,80
81,3,66,80
80,-6,61,80
81,5,66,80
77,-5,61,80
80,6,69,360
0,9,69,360
0,3,82,360
0,-15,66,80
78,-6,61,80
85,4,66,80
79,-4,61,80
78,3,66,80
40,6,63,120
0,9,63,120
0,3,77,120
38,-24,61,80
82,24,82,480
0,-12,69,480
0,9,69,480
3,-17,66,80
79,-4,61,80
76,3,66,80
82,-6,61,80
83,5,66,80
75,-5,61,80
80,3,66,80
2,14,72,480
0,12,85,480
0,-5,72,480
79,-27,57,80
79,5,61,80
83,-5,57,80
77,3,61,80
83,-6,57,80
79,21,69,480
0,9,69,480
0,3,82,480
1,-29,61,80
81,-4,61,80
80,3,66,80
81,-6,61,80
79,4,66,80
77,-4,61,80
81,33,81,480
0,-9,68,480
0,6,68,480
2,-27,66,80
78,-6,57,80
83,5,61,80
79,-5,57,80
77,3,61,80
80,-6,57,80
81,39,70,960
0,-9,70,960
0,12,84,960
0,-37,61,80
79,-5,57,80
82,3,61,80
78,-6,57,80
84,4,61,80
76,-4,57,80
81,3,61,80
79,-6,57,80
79,4,61,80
81,-4,57,80
79,3,61,80
84,-6,57,80
78,8,74,240
2,57,67,80
5,-69,74,240
76,60,58,80
75,7,61,80
82,-9,58,80
80,7,61,80
82,-5,58,80
78,4,56,80
0,-28,64,360
80,22,52,80
82,4,56,80
77,-4,52,80
82,2,56,80
39,-24,61,120
38,16,52,80
82,-28,55,480
0,9,55,480
0,3,66,480
3,26,61,80
80,-5,58,80
80,3,61,80
75,-7,58,80
82,5,61,80
81,-5,58,80
79,-12,64,360
2,16,61,80
80,-9,52,80
77,7,56,80
84,-7,52,80
79,5,56,80
38,-20,61,120
39,12,52,80
81,-21,50,1440
0,12,61,480
1,21,61,80
77,-9,58,80
83,7,61,80
81,-9,58,80
80,8,61,80
76,-6,58,80
82,-17,64,360
2,24,56,80
79,-9,52,80
82,12,56,80
80,-10,52,80
79,4,56,80
38,-16,61,120
39,10,52,80
81,9,61,80
0,-38,50,480
0,16,61,480
80,15,58,80
78,5,61,80
83,-8,58,80
77,7,61,80
84,-4,58,80
80,5,61,80
77,-8,52,80
79,10,56,80
80,-7,52,80
84,5,56,80
76,-8,52,80
82,20,50,80
0,-57,48,240
0,12,48,240
82,36,48,80
80,7,50,80
78,-9,48,80
83,7,50,80
78,-5,48,80
78,4,48,80
1,-28,53,360
80,22,44,80
83,4,48,80
75,-4,44,80
80,2,48,80
42,-24,50,120
38,19,44,80
80,10,50,80
2,-41,46,480
0,9,46,480
0,3,55,480
83,21,48,80
76,7,50,80
81,-11,48,80
82,9,50,80
76,-5,48,80
82,-16,53,15
2,19,50,80
77,-7,44,80
84,5,48,80
76,-5,44,80
80,4,48,80
41,-24,50,120
39,15,44,80
80,9,50,80
1,-33,42,960
0,12,50,480
83,16,48,80
80,3,50,80
80,-9,48,80
80,8,50,80
78,-2,48,80
77,3,48,80
2,-24,50,160
79,15,44,80
80,12,48,80
1,-25,42,160
80,15,44,80
80,4,48,80
0,-18,48,130
79,12,44,80
51,-29,38,510
15,7,38,15
15,9,45,480
3,22,48,80
78,-7,44,80
80,6,45,80
82,-9,42,80
78,8,44,80
81,-5,41,80
81,4,44,80
80,-7,41,80
80,6,42,80
80,-3,40,80
75,2,42,80
82,-5,40,80
79,5,62,80
1,-33,70,480
0,12,70,480
79,16,59,80
84,3,59,80
79,-9,59,80
80,11,60,80
76,-5,61,80
82,-33,58,160
0,12,70,160
1,24,62,80
81,3,64,80
78,-42,55,160
0,12,66,160
2,41,67,80
80,-5,68,80
76,3,69,80
2,-48,62,160
0,12,74,160
82,39,70,80
78,11,72,80
0,-69,67,180
0,12,79,180
81,52,73,80
82,3,71,80
80,-9,71,80
75,-1,71,80
42,-45,66,120
0,12,77,120
42,28,71,80
78,3,71,80
0,-41,70,360
0,12,84,360
78,20,69,80
81,-1,69,80
81,-5,69,80
78,3,69,80
42,-31,67,120
0,12,79,120
43,10,69,80
77,-23,73,480
0,12,86,480
1,23,69,80
78,-7,69,80
83,5,69,80
81,-12,69,80
76,17,69,80
79,-5,69,80
82,-36,62,480
0,12,74,480
2,27,69,80
77,-8,61,80
82,13,61,80
81,-5,61,80
81,4,61,80
76,-7,61,80
81,-33,69,480
0,12,82,480
1,33,61,80
82,-5,61,80
80,4,61,80
78,-8,61,80
78,7,61,80
83,-3,61,80
78,2,61,80
0,-40,66,160
0,12,77,160
80,23,62,80
78,4,64,80
2,-38,58,160
0,12,70,160
81,22,67,80
79,3,68,80
0,-36,62,160
0,12,74,160
78,17,69,80
81,5,66,80
1,-33,66,480
0,12,77,480
83,16,59,80
76,3,59,80
84,-9,59,80
75,11,60,80
85,-5,61,80
77,-33,67,160
0,12,79,160
3,24,62,80
77,3,64,80
79,11,67,80
1,-53,58,160
0,12,70,160
81,36,69,80
79,-45,62,160
0,12,74,160
1,36,70,80
80,3,72,80
79,11,70,80
0,-69,67,180
0,12,79,180
78,52,61,80
85,3,69,80
75,-9,69,80
81,-1,69,80
41,-45,66,120
0,12,77,120
39,28,69,80
81,-38,70,360
0,12,84,360
2,29,69,80
79,-9,69,80
82,-1,69,80
78,-5,69,80
81,3,69,80
38,-31,67,120
0,12,79,120
40,10,69,80
80,-23,73,480
0,12,86,480
2,23,69,80
80,-7,69,80
76,5,69,80
83,-12,69,80
77,17,69,80
80,-5,69,80
82,-36,62,480
0,12,74,480
2,27,69,80
78,-8,61,80
83,13,61,80
77,-5,61,80
82,4,61,80
76,-7,61,80
82,-33,69,480
0,12,82,480
1,33,66,80
77,-5,66,80
84,4,67,80
81,-8,68,80
78,7,69,80
81,-3,69,80
77,2,70,80
1,-40,66,160
0,12,77,160
82,22,71,80
78,-33,67,160
0,12,79,160
1,26,72,80
80,-5,73,80
78,4,73,80
1,-36,69,160
0,12,82,160
83,17,75,80
77,6,68,80
0,-34,75,480
0,12,90,480
82,16,64,80
78,5,69,80
78,-11,64,80
82,10,69,80
81,-4,64,80
49,-40,63,510
15,7,63,495
15,36,69,80
0,-27,82,480
80,18,64,80
78,11,69,80
81,-5,64,80
82,3,69,80
82,-9,64,80
47,-29,67,510
15,7,68,495
15,31,69,80
0,-22,89,480
83,15,64,80
77,6,69,80
81,-9,64,80
77,8,69,80
85,-5,64,80
62,-37,60,495
15,19,82,480
3,24,69,80
77,-9,64,80
82,10,69,80
77,-8,64,80
82,7,69,80
79,-9,64,80
50,-29,62,510
15,7,63,495
15,8,90,480
1,23,69,80
77,-7,64,80
82,6,69,80
79,-10,64,80
84,9,69,80
80,-5,64,80
47,-26,55,510
15,7,56,495
15,9,82,480
3,15,69,80
78,-9,64,80
80,10,69,80
77,-8,64,80
82,7,69,80
79,-9,64,80
51,-17,62,510
15,7,66,495
15,19,69,80
0,-14,89,480
78,7,64,80
85,4,69,80
76,-8,64,80
83,9,69,80
81,-5,64,80
47,-24,55,510
15,7,55,495
15,8,82,480
1,14,69,80
78,-10,64,80
80,7,69,80
82,-2,64,80
82,3,69,80
76,-8,64,80
80,8,70,80
1,-34,80,240
0,12,94,240
82,19,70,80
81,2,70,80
76,-6,70,80
80,7,70,80
81,-3,70,80
80,-16,77,480
0,12,90,480
3,6,70,80
78,6,71,80
77,7,72,80
85,-3,73,80
75,2,75,80
83,6,77,80
78,7,77,80
1,-50,74,240
0,12,88,240
79,35,77,80
79,2,75,80
81,-6,73,80
81,-5,73,80
40,-36,79,120
0,12,93,120
43,21,72,80
75,2,70,80
2,-36,74,480
0,12,89,480
78,18,70,80
82,-5,70,80
79,-3,70,80
82,2,70,80
79,-6,70,80
80,6,70,80
0,-32,80,240
0,12,94,240
83,15,70,80
78,3,70,80
78,-9,70,80
81,11,70,80
80,-5,70,80
80,-12,77,480
0,12,90,480
3,3,70,80
78,3,71,80
82,11,72,80
79,-5,73,80
80,3,75,80
79,3,77,80
79,-39,74,240
0,12,88,240
3,38,79,80
76,-5,78,80
84,3,77,80
76,-9,75,80
84,-1,72,80
37,-33,79,120
0,12,93,120
42,16,71,80
76,3,70,80
2,-33,74,480
0,12,89,478
82,12,70,80
78,-1,70,80
79,-5,70,80
79,3,70,80
80,-9,70,82
82,9,59,80
0,-17,62,1920
0,-12,62,240
83,24,59,80
75,4,59,80
80,3,60,80
81,10,60,80
83,-5,61,80
78,-17,80,360
2,21,62,80
80,3,62,80
79,10,63,80
78,-5,63,80
83,4,64,80
38,-28,77,120
43,19,63,80
77,-21,77,799
3,30,63,80
76,-6,63,80
81,4,63,80
78,-7,63,80
80,-3,62,80
80,-6,62,80
82,4,62,80
82,-7,61,80
78,-3,61,80
79,-6,61,241
80,4,61,80
80,-7,61,80
81,-31,61,240
0,12,61,240
2,26,60,80
76,-5,59,80
80,3,59,80
83,4,60,80
79,10,60,80
82,-5,61,80
76,3,62,80
2,-20,80,360
83,24,66,80
75,10,66,80
80,-5,66,80
81,3,66,80
41,-27,77,120
42,19,66,80
77,8,66,80
1,-29,77,798
81,24,64,80
79,3,64,80
81,-8,63,80
80,-2,63,80
82,-5,62,80
80,3,62,80
80,-8,67,80
75,-2,64,80
80,-5,62,242
83,3,62,80
81,-8,61,80
78,-14,74,3840
3,21,71,80
75,-5,66,80
85,3,71,80
79,-6,67,80
78,11,71,80
81,-5,68,80
79,-6,79,360
2,9,71,80
78,-6,66,80
79,11,71,80
84,-5,68,80
80,3,71,80
37,-12,77,120
42,6,68,80
78,-6,77,480
1,16,71,80
78,-4,71,80
79,3,71,80
81,-6,71,80
82,10,71,80
79,-4,71,80
80,3,71,80
0,-16,80,480
79,10,71,80
81,11,71,80
82,-5,71,80
81,3,71,80
79,-6,71,80
78,-15,79,480
3,26,71,80
76,-5,71,80
82,3,73,80
78,-6,75,80
84,10,77,80
77,-4,77,80
79,3,77,80
1,-30,79,480
81,24,78,80
80,10,78,80
79,-4,78,80
80,3,79,80
79,-6,79,80
80,11,77,80
1,-35,77,960
79,30,77,80
84,3,77,80
79,-6,77,80
80,11,77,80
79,-5,77,80
81,3,75,80
77,-6,77,80
83,10,79,80
76,-4,80,80
84,3,82,80
81,-6,84,80
76,-46,82,1
1,61,97,96
78,-6,88,96
1,-48,70,96
80,-3,79,96
1,56,94,96
78,-8,85,96
4,-42,68,96
79,-6,74,96
2,55,94,96
75,-49,68,96
3,45,85,96
78,-48,74,96
2,51,90,96
80,-6,85,96
0,-39,66,96
78,-6,74,96
2,50,89,96
80,-44,67,96
1,39,84,96
76,-42,74,96
3,46,89,96
79,-40,66,96
2,33,84,96
78,-39,74,96
2,45,89,96
77,-39,66,96
4,33,84,96
75,5,89,96
4,-41,74,96
78,33,84,96
3,-27,66,96
78,-6,73,96
1,40,89,96
76,-4,82,96
5,-30,63,96
77,33,88,96
2,-36,73,96
76,27,82,96
3,-21,63,96
80,29,88,96
0,-35,72,96
78,30,82,96
2,-24,63,96
77,28,88,96
3,-31,72,96
78,21,82,96
0,-15,63,96
80,-6,72,96
4,30,88,96
76,-24,64,96
2,18,82,96
78,-21,72,96
2,26,88,96
77,-8,82,96
2,-12,63,96
80,19,88,96
2,-25,72,96
77,6,63,96
4,15,82,96
79,-18,72,96
1,21,88,96
76,-15,63,96
1,8,82,96
78,-14,72,96
1,20,88,96
80,-6,82,96
2,-8,63,96
77,13,88,96
2,-16,72,96
80,6,63,240
3,3,81,240
77,6,103,120
0,-3,88,120
960,-45,82,96
2,60,103,96
80,-54,67,96
1,48,85,96
76,5,99,96
0,-56,79,96
80,6,67,96
4,42,85,96
76,-48,79,96
1,55,90,96
79,-49,67,96
4,45,85,96
78,3,90,96
1,-51,74,96
77,45,85,96
1,-39,67,96
78,-6,74,96
1,50,89,96
81,-5,85,96
3,-39,68,96
75,-3,74,96
3,46,89,96
78,-7,84,96
2,-33,67,96
78,39,89,96
2,-45,74,96
77,39,84,96
2,-33,66,96
78,38,89,96
2,-41,74,96
80,6,64,96
2,27,84,96
79,-33,73,96
2,40,89,96
79,-4,82,96
0,-30,66,96
77,-3,73,96
3,36,88,96
76,-9,82,96
3,-21,64,96
77,-6,72,96
2,35,88,96
81,-5,82,96
0,-24,64,96
79,-3,72,96
3,31,88,96
76,-10,84,96
4,-15,64,96
77,-6,73,96
1,30,88,96
79,-24,64,96
2,18,84,96
79,-21,72,96
2,26,88,96
79,-20,64,96
1,12,82,96
75,-18,72,96
4,25,88,96
76,-19,63,96
3,15,84,96
78,3,86,96
0,-21,72,96
83,15,82,96
0,-9,63,96
76,14,85,96
5,-20,72,96
76,6,63,96
2,9,81,96
78,-12,72,336
3,16,85,96
78,-7,81,78
1,-3,63,80
77,9,100,144
2,-3,90,120
0,-9,71,120
0,6,81,120
3,-3,90,120
957,9,60,80
0,-12,60,80
80,9,55,80
0,-12,53,80
80,14,60,80
0,-12,60,80
80,4,60,240
0,-9,60,240
720,18,60,80
0,-12,60,80
80,9,53,80
0,-12,52,80
80,14,60,80
0,-12,60,80
80,4,60,240
0,-9,60,240
720,18,51,80
1,-12,48,80
79,9,51,80
3,-12,48,80
77,14,51,80
2,-12,48,80
78,-5,49,80
1,9,52,80
82,9,52,80
0,-12,49,80
76,-3,50,80
1,12,53,80
80,2,53,80
0,-12,50,80
80,-5,50,80
3,9,53,80
78,9,55,80
1,-12,51,80
77,-3,51,80
1,12,55,80
81,2,56,80
2,-12,52,80
76,-5,52,80
3,9,56,80
76,9,57,80
1,-12,53,80
79,9,57,80
4,-12,53,80
77,14,57,80
3,-12,53,80
76,4,58,80
3,-9,55,80
78,18,58,80
3,-12,55,80
76,-3,56,80
2,12,59,80
79,-10,56,80
2,12,59,80
78,-8,60,80
0,-9,56,80
79,18,60,80
5,-12,57,80
78,9,60,80
2,-12,57,80
75,14,61,80
3,-12,58,80
78,4,61,80
3,-9,58,80
77,6,59,96
3,12,62,80
78,-3,62,80
3,-10,59,96
77,-1,59,96
3,13,62,80
75,-14,60,96
1,6,63,80
79,9,63,80
4,-16,60,96
76,-1,61,96
3,14,64,80
78,2,64,80
0,-17,61,96
79,9,66,80
2,-10,62,96
81,19,66,80
0,-20,62,96
80,-1,62,96
1,18,66,80
76,2,67,80
2,-21,63,96
78,-1,63,96
5,14,67,80
77,9,68,80
3,-24,64,96
75,-1,64,96
5,22,68,80
75,-23,64,96
3,25,69,80
78,-8,69,80
4,-18,66,96
76,27,69,80
1,-28,66,96
80,25,70,80
2,-26,67,96
77,28,70,80
0,-29,67,96
79,-1,68,96
2,22,71,80
80,-23,68,96
2,32,71,80
80,-33,68,96
1,30,72,80
77,2,72,80
1,-33,69,96
79,25,72,80
2,-26,69,96
80,35,73,80
1,-36,70,80
76,-1,70,80
3,34,73,80
76,2,74,80
2,-37,70,80
78,29,74,80
5,-28,71,80
75,1,71,80
4,36,74,80
81,-3,75,80
0,-34,72,80
78,36,75,80
0,-37,72,80
78,1,73,80
1,40,77,80
78,-39,73,80
2,48,77,80
78,-3,78,80
1,-46,73,80
80,-1,74,80
1,49,78,80
79,4,78,80
0,-52,74,80
80,1,75,80
1,60,79,80
83,-3,79,80
0,-58,75,80
76,60,80,80
2,-61,77,80
78,53,80,80
3,-52,77,80
76,61,81,80
1,-60,77,80
81,57,81,80
2,-58,78,80
77,60,81,80
3,-61,78,80
77,53,82,80
4,-52,79,80
76,61,82,80
4,-60,79,80
76,57,83,80
4,-58,79,80
76,-1,80,80
1,61,83,80
78,-8,84,80
0,-52,80,80
80,61,97,80
2,-68,119,240
83,63,81,80
75,4,90,80
85,-7,73,80
77,6,93,80
83,-3,73,80
77,2,83,80
0,-34,92,360
0,-4,77,360
0,-3,77,360
79,36,67,80
83,4,79,80
81,-4,67,80
77,3,78,80
40,-39,73,120
0,3,73,120
0,4,86,120
40,24,67,80
80,-24,92,480
0,-4,77,480
0,-3,77,480
2,38,79,80
77,-7,73,80
81,6,79,80
81,-10,73,80
81,9,79,80
80,-5,73,80
78,-31,82,480
0,3,82,480
0,5,97,480
2,27,79,80
78,-8,67,80
82,7,71,80
79,-7,67,80
78,6,71,80
81,-9,67,80
78,8,79,80
2,-32,77,480
0,3,77,480
0,4,92,480
83,20,73,80
79,4,79,80
78,-7,73,80
79,6,79,80
80,-3,73,80
80,2,79,80
1,-34,73,480
0,5,73,480
0,3,86,480
78,21,67,80
85,4,71,80
76,-4,67,80
81,3,71,80
78,-8,67,80
82,-19,73,960
0,3,73,960
0,4,86,960
3,19,71,80
78,-7,67,80
81,6,71,80
77,-10,67,80
81,9,71,80
82,-5,67,80
78,4,71,80
81,-8,67,80
81,7,71,80
77,-7,67,80
80,6,71,80
84,-9,67,80
77,-36,72,240
2,44,53,80
77,-5,49,80
84,4,53,80
75,-7,49,80
84,6,53,80
76,-3,49,80
80,2,53,80
2,-29,49,360
0,7,69,360
78,17,49,80
83,4,53,80
80,-4,49,80
80,3,53,80
39,-27,42,120
0,7,61,120
39,12,49,80
79,7,53,80
2,-26,50,480
0,7,70,480
79,12,49,80
79,6,51,80
82,-10,48,80
78,9,50,80
81,-5,45,80
81,-19,42,480
0,8,62,480
2,15,49,80
79,-8,44,80
78,7,47,80
84,-7,44,80
80,6,45,80
75,-9,45,80
81,8,45,80
1,-20,41,480
0,7,58,480
82,8,42,80
78,4,45,80
79,-7,42,80
81,6,44,80
81,-3,40,80
79,-27,55,1440
2,29,42,80
79,-5,39,80
77,4,42,80
84,-4,39,80
79,3,40,80
77,-8,38,80
82,-12,58,960
1,19,40,80
82,-7,39,80
79,6,45,80
78,-10,42,80
80,9,47,80
83,-5,45,80
78,4,50,80
79,-8,48,80
83,9,53,80
78,-5,50,80
77,8,56,80
83,-7,53,80
77,11,57,80
2,-32,69,240
79,27,57,80
82,3,57,80
81,3,57,80
78,11,57,80
83,-5,57,80
77,-18,66,360
0,9,77,360
2,12,59,80
78,3,60,80
80,11,61,80
80,-5,62,80
81,3,64,80
39,-33,61,120
0,9,73,120
40,15,66,80
80,-24,66,480
0,7,77,480
1,26,67,80
80,-5,64,80
79,3,61,80
83,-7,59,80
76,-3,59,80
79,-5,57,80
80,3,55,80
2,-39,77,480
0,12,77,480
78,20,55,80
81,-3,55,80
80,-5,55,80
81,3,55,80
82,-7,55,80
78,11,57,80
0,-32,66,240
0,12,66,240
78,15,57,80
83,3,57,80
82,3,57,80
79,11,57,80
77,-5,57,80
81,-16,73,160
0,7,66,160
3,12,60,80
76,3,60,80
79,11,61,80
2,-35,72,160
0,9,60,160
81,21,64,80
77,3,64,80
2,-34,73,160
0,10,61,160
83,14,66,80
77,-24,77,480
0,8,66,480
1,26,66,80
79,-5,64,80
78,3,61,80
81,-8,59,80
84,-2,58,80
78,-5,56,80
77,3,56,80
2,-39,67,480
0,12,79,480
78,19,56,80
83,-2,56,80
82,-5,56,80
78,3,56,80
78,-1,56,80
81,10,57,80
0,-34,68,240
0,12,68,240
83,17,55,80
75,4,55,80
82,3,55,80
81,10,55,80
79,-5,55,80
79,4,55,80
1,-24,60,480
0,3,60,480
0,5,70,10
81,19,55,80
78,10,56,80
1,-25,66,160
79,20,57,80
81,-15,70,160
1,19,59,80
82,-9,59,80
77,9,59,80
0,-33,60,480
0,4,60,480
0,8,70,480
0,-2,70,480
79,18,59,80
83,3,59,80
78,-7,58,80
81,-3,57,80
79,-5,56,80
80,-28,66,480
0,12,77,478
3,19,51,80
75,-7,51,80
83,-3,51,80
77,-5,51,80
81,3,51,80
79,-7,51,82
80,10,51,80
2,-29,66,240
0,12,77,240
82,12,51,80
80,4,51,80
78,3,51,80
80,10,51,80
81,-5,51,80
79,4,51,80
0,-12,67,160
0,-9,56,160
81,24,57,80
77,10,57,80
2,-26,58,160
0,-9,49,160
82,30,57,80
78,4,57,80
0,-24,63,160
0,-9,55,160
83,24,57,80
77,17,76,240
0,-48,65,240
0,4,65,240
0,8,74,8
960,-31,99,240
1,68,99,80
82,-5,67,80
77,4,89,80
82,-7,67,80
79,6,82,80
79,-3,67,80
80,-32,84,360
0,-4,70,360
0,-3,70,360
2,41,79,80
81,-5,62,80
75,4,77,80
84,-4,62,80
78,3,77,80
40,-39,67,120
0,3,67,120
0,4,79,120
39,24,62,80
81,-24,84,480
0,-4,70,480
0,-3,70,480
2,38,74,80
80,-7,67,80
77,6,75,80
82,-10,67,80
78,9,75,80
79,-5,67,80
82,-31,74,480
0,3,74,480
0,5,88,480
2,27,73,80
78,-8,62,80
79,7,70,80
80,-7,62,80
82,6,67,80
78,-9,62,80
80,8,70,80
1,-32,70,480
0,3,70,480
0,4,84,480
79,20,67,80
82,4,70,80
81,-7,67,80
80,6,70,80
79,-3,67,80
77,2,70,80
2,-34,67,480
0,5,67,480
0,3,79,480
79,21,62,80
84,4,67,80
76,-4,62,80
80,3,67,80
79,-8,62,80
82,7,67,80
0,-26,67,960
0,3,67,960
0,4,79,960
79,12,62,80
84,6,67,80
76,-10,62,80
80,9,67,80
82,-5,62,80
81,4,67,80
79,-8,62,80
78,7,67,80
83,-7,62,80
78,6,67,80
82,-9,62,80
76,8,53,80
2,-46,69,240
82,41,49,80
79,4,53,80
77,-7,49,80
84,6,53,80
78,-3,49,80
80,-29,58,360
0,9,69,360
1,22,53,80
82,-5,49,80
78,4,53,80
79,-4,49,80
78,3,53,80
42,-29,50,120
0,9,61,120
42,12,49,80
78,-21,60,1440
0,9,70,480
1,19,53,80
79,-7,49,80
81,6,51,80
81,-10,48,80
76,9,50,80
80,-5,45,80
82,-11,62,480
1,15,49,80
81,-8,44,80
77,7,47,80
83,-7,44,80
81,6,45,80
79,-9,42,80
77,8,45,80
1,-22,58,960
0,9,58,480
81,8,42,80
79,4,45,80
78,-7,42,80
82,6,44,80
78,-3,40,80
82,-12,58,480
2,14,42,80
76,-5,39,80
84,4,42,80
80,-4,39,80
80,3,40,80
81,-8,38,80
77,-11,58,480
2,18,40,80
79,-6,39,80
78,4,45,80
79,-9,42,80
81,8,47,80
83,-3,45,80
78,-13,58,480
3,17,50,80
77,-9,48,80
79,11,53,80
83,-7,50,80
79,8,56,80
79,-12,53,80
80,12,57,80
0,-22,63,240
83,15,57,80
77,6,57,76
83,0,57,80
76,13,57,80
82,-7,57,80
79,6,56,75
0,-6,63,1
0,-8,63,160
80,14,57,80
80,-22,62,160
3,35,58,80
77,-7,59,80
80,6,59,75
0,-33,63,160
80,33,60,80
80,-32,69,480
0,15,58,480
0,-9,58,480
1,39,61,80
81,-6,61,80
76,5,60,80
83,-12,59,80
78,1,59,80
80,-6,58,80
81,-39,72,480
2,44,56,80
81,-12,56,80
79,1,56,80
81,-6,56,80
78,5,56,80
82,-12,56,80
77,-19,73,240
3,34,59,80
78,-7,59,80
79,6,60,75
80,0,61,80
78,13,61,80
84,-9,64,80
78,8,66,75
0,-18,67,160
0,-9,79,160
80,27,66,80
80,-34,79,160
1,47,67,80
81,-7,68,80
78,-39,79,160
2,45,68,80
81,-12,69,80
75,14,69,80
2,-46,81,480
0,17,68,480
0,-12,68,480
0,4,68,480
80,32,69,80
81,4,70,80
79,-12,71,80
80,1,71,80
82,-5,72,80
78,-41,70,480
0,12,82,480
1,33,73,80
79,-12,73,80
81,1,75,80
79,-5,78,80
82,4,78,80
76,-12,79,80
80,14,78,80
2,-47,80,240
0,12,96,240
83,28,72,80
75,6,78,80
82,-12,72,80
78,13,78,80
82,-7,72,80
80,6,81,80
0,-22,89,360
0,12,89,360
80,10,75,80
80,13,86,80
79,-7,79,80
81,6,86,80
40,-34,89,120
0,12,89,120
40,22,80,80
80,-34,89,480
0,12,89,480
3,35,86,80
80,-7,80,80
77,6,86,80
80,-12,81,80
79,1,86,80
84,-7,81,80
77,-28,75,480
0,7,75,480
0,7,90,480
2,20,86,80
78,-12,80,80
82,13,86,80
79,-7,86,80
79,6,86,73
80,0,80,80
80,-34,94,480
0,12,94,480
2,35,86,80
77,-7,80,80
79,6,86,80
83,-12,86,80
81,1,86,80
79,-7,80,80
77,6,82,80
2,-39,90,480
0,12,90,480
81,15,78,80
79,13,82,80
83,-7,82,80
77,6,82,74
80,0,78,80
79,13,80,80
1,-47,92,960
0,12,92,960
78,28,68,80
81,6,70,80
81,-12,62,80
81,13,66,80
77,-7,60,80
82,6,62,80
78,-12,58,80
85,13,59,80
79,-7,53,80
76,6,55,80
80,-12,49,80
80,-46,58,80
4,59,60,80
76,-53,45,80
5,48,55,80
78,-50,53,80
1,54,61,80
77,-48,46,80
3,42,56,80
76,7,62,80
4,-55,55,80
80,50,56,80
0,-44,49,80
79,48,63,80
1,-52,56,80
79,46,57,80
0,-40,49,80
77,-6,56,80
5,53,64,80
75,-5,60,80
1,-42,50,80
84,46,66,80
0,-48,57,80
77,6,50,80
3,36,60,80
78,7,67,80
1,-49,58,80
81,44,60,80
0,-38,50,80
78,42,68,80
2,-46,58,80
75,40,62,80
2,-34,51,80
80,-6,60,80
3,47,69,80
78,-5,63,80
1,-36,51,80
77,40,70,80
3,-42,61,80
77,36,64,80
1,-30,52,80
81,37,72,80
1,-43,61,80
77,6,55,80
4,32,66,80
77,-36,62,80
2,40,73,80
76,-34,53,80
5,28,67,80
77,7,74,80
2,-41,62,80
77,6,56,80
4,30,67,80
75,-32,63,80
3,36,75,80
78,-30,56,80
3,24,67,80
76,7,77,80
3,-37,64,80
81,32,69,80
0,-26,57,80
77,-4,64,80
3,34,78,80
77,-28,58,80
4,22,69,80
77,-28,66,80
3,35,79,80
76,-5,69,80
3,-24,58,80
76,28,80,80
3,-30,67,80
78,24,69,80
1,-18,58,80
79,25,81,80
4,-31,67,80
76,6,58,80
4,20,70,80
80,4,82,80
0,-28,68,80
76,22,74,80
2,-16,60,80
78,23,84,80
2,-29,69,80
79,6,62,80
3,18,78,80
77,4,86,80
2,-24,69,80
77,18,78,80
3,-12,62,80
80,-6,70,80
1,25,88,80
77,-19,63,80
2,14,80,80
76,-18,72,80
2,22,89,80
80,-6,81,80
1,-10,63,80
78,-14,89,240
0,7,89,240
1,-12,89,3
1,37,89,80
0,-29,89,240
80,24,82,80
82,4,89,80
79,-7,82,80
80,5,79,80
1,-12,79,80
77,7,72,80
2,-12,69,80
78,3,79,80
1,12,79,80
78,-20,70,80
4,12,75,80
77,-5,79,80
1,12,79,80
78,-7,75,80
2,-12,71,80
79,17,79,80
3,-12,79,80
78,3,72,80
2,-12,70,80
79,17,79,80
0,-12,79,80
78,7,73,80
3,-12,70,80
79,16,79,80
1,-12,79,80
76,5,72,80
2,-12,70,80
77,17,79,80
0,-12,79,80
80,7,73,80
1,-12,72,80
79,15,79,80
1,-12,79,80
81,4,72,80
2,-12,70,80
77,19,79,80
0,-12,79,80
80,-7,71,80
2,12,72,80
79,-7,79,80
3,12,79,80
76,-9,72,80
4,-12,71,80
76,5,79,80
3,12,79,80
77,-17,71,80
2,12,72,80
82,4,79,80
0,-12,79,80
75,5,72,80
1,-12,71,80
80,17,79,80
4,-12,79,80
77,7,72,80
2,-12,71,80
76,3,79,80
4,12,79,80
79,-20,71,80
1,12,73,80
76,7,79,80
1,-12,79,80
81,5,72,80
0,-12,70,80
79,5,79,80
1,12,79,80
82,-21,70,80
1,12,72,80
77,-1,81,480
0,12,96,480
0,-7,81,14
0,5,96,480
0,-29,73,480
0,12,86,480
480,12,81,19
0,12,96,480
0,-14,81,480
0,6,96,480
0,3,96,480
0,-43,73,480
0,12,86,480
478,53,100,74
5,-60,101,120
79,55,82,80
39,-48,77,120
41,52,93,80
76,-44,77,120
3,36,84,80
80,7,93,80
39,-51,77,120
40,48,82,80
78,2,93,80
4,-57,88,120
76,51,83,80
44,-44,77,120
40,49,93,80
76,-5,83,80
5,-36,77,120
76,40,93,80
44,-48,77,120
36,41,83,80
79,6,93,80
0,-54,97,120
83,51,82,80
40,-44,77,120
38,46,93,80
83,-5,82,80
1,-33,77,120
78,37,93,80
40,-45,77,120
40,41,82,80
80,-48,89,120
2,51,93,80
78,-8,82,80
40,-36,77,120
41,43,93,80
77,-35,77,120
2,28,82,80
77,6,93,80
44,-42,77,120
37,32,82,80
79,9,93,80
5,-48,101,120
79,43,81,80
41,-36,77,120
40,40,93,80
75,-32,77,120
3,24,82,80
78,7,93,80
41,-39,77,120
40,36,82,80
78,2,93,80
2,-50,101,120
81,44,82,80
39,-32,77,120
39,37,93,80
79,-29,77,120
3,24,82,80
79,4,93,80
39,-36,77,120
42,29,82,80
81,6,93,80
0,-42,96,120
80,39,82,80
36,-32,77,120
44,34,93,80
79,-5,82,80
2,-21,77,120
75,25,93,80
42,-33,77,120
43,29,82,80
78,-21,83,120
1,24,93,80
76,-8,80,80
42,-24,73,120
39,31,92,80
81,-7,79,80
2,-16,71,120
76,22,90,80
43,-30,70,120
42,20,79,80
77,9,89,80
1,-36,78,120
81,31,77,80
38,-24,68,120
41,28,88,80
81,-8,77,80
0,-12,67,120
79,19,86,80
42,-27,66,120
40,24,75,80
76,2,85,80
2,-33,72,120
82,27,74,80
39,-20,63,120
41,25,84,80
77,-5,73,80
2,-12,62,120
76,16,81,80
45,-24,61,120
35,17,72,80
81,-24,69,120
4,30,79,80
80,-3,70,80
38,-20,60,120
40,22,78,80
77,-5,68,80
5,-9,59,120
75,13,75,80
44,-21,58,120
37,17,67,80
81,3,74,80
0,-27,63,120
80,19,63,80
42,-12,52,120
40,19,72,80
79,-11,51,120
1,4,60,80
79,6,68,80
39,-18,50,120
43,8,58,80
78,9,100,80
2,-12,89,112
80,7,89,80
76,4,100,80
2,-12,84,112
78,4,91,80
80,7,100,80
0,-12,88,112
81,9,89,80
79,2,100,80
2,-12,89,112
78,6,90,80
83,-7,83,112
1,12,100,80
79,-5,90,80
79,-8,84,112
2,12,100,80
77,-7,90,80
80,6,100,80
3,-12,89,112
80,9,88,80
75,2,100,80
3,-12,84,112
81,7,88,80
77,4,100,80
0,-12,84,112
82,8,88,80
78,3,100,80
2,-12,89,112
81,4,88,80
77,7,100,80
0,-12,83,112
80,5,88,80
84,6,100,80
0,-12,83,112
77,6,88,80
80,5,121,480
0,-12,104,480
480,24,85,360
0,3,85,360
0,9,101,360
0,-5,101,360
0,-31,76,360
0,7,90,360
0,5,90,360
360,12,81,120
0,7,96,120
0,-4,81,120
0,9,96,120
0,-36,73,120
0,7,86,120
0,5,86,120
120,12,85,480
0,7,101,480
0,-4,85,480
0,9,101,480
0,-36,76,480
0,7,90,480
0,5,90,480
480,12,82,480
0,8,97,480
0,-3,82,480
0,7,97,480
0,-36,74,480
0,5,88,480
0,7,88,480
480,12,85,960
0,7,101,17
0,-4,85,960
0,9,101,960
0,-36,76,960
0,7,90,960
0,5,90,960
960,12,84,960
0,5,99,960
0,-3,84,960
0,10,99,960
0,-36,74,960
0,8,88,960
0,4,88,960
960,12,85,1947
0,7,101,17
0,-4,85,2185
0,9,101,2785
0,-36,76,1104
0,7,90,1586
0,5,90,1103
959,0,70,983
1,-12,68,144
118,14,72,144
0,-12,68,144
121,1,69,144
3,12,72,144
119,-10,69,144
1,12,73,144
119,2,74,144
1,-12,70,144
118,2,72,144
1,12,74,144
119,-10,72,144
3,12,74,144
115,-11,73,2522
5,12,74,144
118,2,75,144
1,-12,73,144
118,1,74,144
1,12,78,144
118,-10,74,144
2,12,78,144
117,2,79,144
5,-12,74,144
118,2,75,144
1,12,80,144
119,-10,75,144
2,12,80,144
118,1,81,144
2,-12,78,144
116,14,81,144
2,-12,78,144
117,13,81,144
1,-12,79,144
120,2,80,144
4,12,82,144
116,-10,80,144
3,12,84,144
116,2,84,144
3,-12,81,144
117,14,85,144
3,-12,81,144
120,1,81,144
2,12,85,144
117,2,86,144
2,-12,81,144
118,1,82,144
2,12,88,144
116,2,88,144
3,-12,84,144
118,14,89,144
0,-12,84,144
119,14,90,144
2,-12,85,144
118,14,90,144
2,-12,85,144
120,13,97,240