1,90,99,80
0,-36,75,90
0,7,75,90
0,-3,75,90
0,8,89,90
79,28,76,80
80,-9,69,80
80,5,93,80
0,-36,71,90
0,9,71,90
0,-4,71,90
0,7,84,90
80,21,79,80
80,3,73,80
80,-5,92,80
0,-31,75,90
0,7,75,90
0,-3,75,90
0,8,89,90
80,24,78,80
80,-8,71,80
80,3,84,80
80,-7,72,80
80,4,68,80
80,-4,74,80
0,-36,48,90
0,12,57,90
80,28,64,80
80,-9,58,80
80,5,71,80
0,-12,55,90
0,-3,46,90
0,-4,46,90
80,16,63,80
80,3,57,80
80,-5,69,80
0,-7,57,90
0,-5,48,90
0,-3,48,90
80,20,56,80
80,-8,56,80
80,3,67,80
80,-7,55,80
80,4,53,80
80,-9,74,80
0,-24,47,90
0,12,56,90
80,24,69,80
80,-5,63,80
80,5,75,80
0,-8,60,90
0,-4,50,90
0,-5,50,90
80,12,67,80
80,12,61,80
80,-12,75,80
0,-5,63,90
0,-4,53,90
0,-3,53,90
80,24,68,80
80,-5,61,80
80,5,81,80
0,-36,68,90
80,31,74,80
80,12,70,80
80,-12,82,80
0,-26,70,720
80,38,73,80
80,-7,68,80
80,7,86,80
0,-24,73,240
0,-4,62,240
0,-3,62,240
80,24,69,80
80,12,67,80
80,-12,89,80
0,-19,78,240
0,-2,64,240
0,-3,64,240
80,36,77,80
80,-7,75,80
80,7,92,80
80,-7,83,80
80,12,78,80
80,-7,96,80
0,-32,73,90
0,8,87,90
0,-5,73,90
0,-7,73,90
80,40,78,80
80,-9,75,80
80,5,95,80
0,-24,82,90
0,-3,69,90
0,-4,69,90
0,-5,69,90
80,33,77,80
80,3,74,80
80,-5,95,80
0,-19,87,90
0,-5,73,90
0,-3,73,90
0,-4,73,90
80,36,76,80
80,-8,74,80
80,3,85,80
80,-7,75,80
80,4,70,80
80,-4,74,80
0,-36,47,90
0,12,56,90
80,28,69,80
80,-9,65,80
80,5,74,80
0,-12,48,90
0,-3,40,90
0,-4,40,90
80,16,69,80
80,3,66,80
80,-5,74,80
0,-7,57,90
0,-5,48,90
0,-3,48,90
80,20,67,80
80,-8,70,80
80,3,74,80
80,-7,65,80
80,4,68,80
80,-7,77,80
0,-16,66,240
80,28,69,80
80,-7,66,80
80,7,77,80
0,-12,71,480
0,-7,60,480
80,12,67,80
80,12,71,80
80,-5,77,80
80,5,74,80
80,-5,70,80
80,0,82,80
0,-28,64,210
80,33,73,80
80,12,75,80
50,-46,57,240
15,7,59,225
15,29,88,80
0,-20,77,210
80,32,78,80
80,-12,70,80
50,-24,56,270
15,7,56,255
15,29,81,80
0,-20,71,240
80,8,75,80
80,12,70,80
80,-12,68,80
80,12,62,80
80,-12,53,80
80,12,59,80
80,-12,53,80
80,12,45,80
81,-4,96,80
0,-24,86,90
0,-5,72,90
0,-3,72,90
0,-4,72,90
79,40,73,80
80,-9,67,80
80,5,90,80
0,-24,77,90
0,-3,64,90
0,-4,64,90
0,-5,64,90
80,33,67,80
80,3,59,80
80,-5,93,80
0,-19,86,90
0,-5,72,90
0,-3,72,90
0,-4,72,90
80,36,68,80
80,-8,66,80
80,3,84,80
80,-7,66,80
80,4,63,80
80,-4,74,80
0,-24,56,90
0,-12,56,90
80,40,66,80
80,-9,63,80
80,5,68,80
0,-12,48,90
0,-3,40,90
0,-4,40,90
80,16,65,80
80,3,62,80
80,-5,74,80
0,-7,56,90
0,-5,47,90
0,-3,47,90
80,20,65,80
80,-8,61,80
80,3,74,80
80,-7,67,80
80,4,65,80
80,-9,74,80
0,-24,51,90
0,12,61,90
80,24,71,80
80,-5,67,80
80,5,75,80
0,-8,61,90
0,-4,51,90
0,-5,51,90
80,12,70,80
80,12,65,80
80,-12,72,80
0,-5,62,90
0,-4,52,90
0,-3,52,90
80,24,70,80
80,-5,67,80
80,5,78,80
0,-36,66,90
80,31,74,80
80,12,72,80
80,-12,82,80
0,-26,70,720
80,38,78,80
80,-7,78,80
80,7,80,80
0,-24,73,240
0,-4,62,240
0,-3,62,240
80,24,77,80
80,12,73,80
80,-12,88,80
0,-19,78,240
0,-2,64,240
0,-3,64,240
80,36,81,80
80,-7,73,80
80,7,92,80
80,-7,83,80
80,12,83,80
80,-7,98,80
0,-24,87,90
0,-8,73,90
0,3,73,90
0,-7,73,90
80,40,74,80
80,-9,70,80
80,5,93,80
0,-36,69,90
0,9,69,90
0,-4,69,90
0,7,81,90
80,21,72,80
80,3,73,80
80,-5,96,80
0,-31,73,90
0,7,73,90
0,-3,73,90
0,8,87,90
80,24,75,80
80,-8,68,80
80,3,84,80
80,-7,69,80
80,4,64,80
80,-4,74,80
0,-36,47,90
0,12,56,90
80,28,68,80
80,-9,62,80
80,5,71,80
0,-19,42,90
0,7,50,90
0,-3,42,90
80,12,65,80
80,3,67,80
80,-5,74,80
0,-7,56,90
0,-5,47,90
0,-3,47,90
80,20,65,80
80,-8,59,80
80,3,74,80
80,-7,65,80
80,4,59,80
80,-7,77,80
0,-15,62,120
80,27,74,80
80,-7,67,80
80,7,77,80
0,-12,68,480
0,-7,56,480
80,12,67,80
80,12,70,80
80,-5,75,80
80,5,71,80
80,-5,67,80
80,12,82,80
0,-43,64,120
80,36,79,80
80,12,74,80
80,-17,85,80
0,-26,78,120
80,38,74,80
80,-7,71,80
80,7,88,80
0,-22,71,120
0,-9,60,120
80,17,76,80
80,12,72,80
80,-5,81,80
80,5,73,80
80,-5,67,80
80,12,70,80
80,-7,66,80
80,12,64,80
80,-5,72,80
0,-32,52,240
0,8,62,240
0,-2,52,240
80,28,67,80
80,-2,61,80
80,-5,72,80
0,-31,50,240
0,12,60,240
0,-2,50,240
80,33,67,80
80,-12,58,80
80,-2,78,80
0,-24,56,240
0,4,56,240
0,5,68,240
80,17,74,80
80,-2,68,80
80,-5,75,80
0,-24,48,240
0,9,48,240
0,3,59,240
80,24,71,80
80,-12,66,80
80,0,72,80
0,-20,52,240
0,6,52,240
0,4,62,240
80,12,67,80
80,-2,65,80
80,-5,72,80
0,-19,48,240
0,12,59,240
0,-2,59,240
80,21,67,80
80,-12,67,80
80,-2,75,80
0,-12,56,240
0,4,68,240
80,10,68,80
80,-2,67,80
80,-5,72,320
0,-12,60,240
240,-8,62,120
80,27,70,80
80,5,67,80
80,2,74,80
0,-16,68,120
0,-3,56,120
0,-7,56,120
80,24,70,80
80,-5,67,80
80,-2,71,80
0,-8,63,120
0,-4,53,120
0,-5,53,120
80,24,73,80
80,5,72,80
80,2,74,80
0,-38,62,120
80,36,69,80
80,-3,67,80
80,-2,72,80
0,-36,62,120
80,43,69,80
80,5,67,80
80,2,72,80
0,-28,57,120
0,-6,48,120
0,-4,48,120
80,36,64,80
80,-5,59,80
80,-2,77,80
0,-48,62,120
80,55,73,80
80,5,68,80
80,2,72,80
0,-34,60,120
0,-4,50,120
0,-5,50,120
80,41,68,80
80,-3,68,80
80,-2,72,80
0,-48,62,240
80,50,69,80
80,-2,63,80
80,-5,72,80
0,-27,50,240
0,8,60,240
0,-2,50,240
80,33,67,80
80,-12,72,80
80,-2,81,80
0,-24,56,240
0,4,56,240
0,5,68,240
80,17,73,80
80,-2,67,80
80,-5,77,80
0,-24,50,240
0,9,50,240
0,3,60,240
80,24,75,80
80,-12,67,80
80,0,79,80
0,-20,56,240
0,6,56,240
0,4,68,240
80,12,70,80
80,-2,65,80
80,-5,73,80
0,-19,52,240
0,12,62,240
0,-2,52,240
80,21,68,80
80,-12,65,80
80,-2,75,80
0,-12,55,240
0,4,64,240
80,10,69,80
80,-2,63,80
80,-5,75,320
0,-12,62,240
240,-8,68,120
80,32,67,80
80,-2,64,80
80,2,75,80
0,-14,62,120
0,-3,52,120
6,-7,52,120
74,22,68,80
80,2,65,80
80,10,82,80
80,-10,71,80
80,-2,65,80
80,2,74,80
0,-44,70,240
80,42,67,80
80,2,64,80
80,-12,64,80
0,-20,72,120
80,32,68,80
80,-2,63,80
80,2,71,80
0,-17,57,120
0,-7,57,120
0,10,69,120
80,12,65,80
80,2,62,80
80,10,81,80
80,-10,67,80
80,-2,63,80
80,2,69,80
0,-44,59,240
0,12,70,240
80,30,67,80
80,2,64,80
80,-10,70,80
0,-33,63,120
0,12,77,120
80,33,74,80
80,-4,66,80
80,4,74,80
0,-16,73,240
0,-5,62,240
0,-3,62,240
80,20,70,80
80,4,66,80
80,8,83,80
0,-54,62,240
0,12,73,240
80,34,71,80
80,-4,68,80
80,4,77,80
0,-45,61,240
0,12,72,240
80,29,72,80
80,4,67,80
80,-12,73,80
0,-32,69,240
0,12,81,240
80,32,75,80
80,-4,72,80
80,4,78,80
0,-16,77,240
0,-8,63,240
80,20,72,80
80,4,67,80
80,8,85,80
0,-53,64,240
0,12,78,240
80,33,74,80
80,-4,71,80
80,4,80,80
0,-44,63,240
0,12,75,240
80,28,77,80
80,4,74,80
80,-4,80,80
0,-39,70,240
0,12,82,240
80,31,77,80
80,-4,78,80
80,16,87,80
0,-28,80,480
0,-8,68,480
80,24,76,80
80,-4,70,80
80,14,89,80
80,-10,70,80
80,-4,73,80
80,12,89,80
0,-51,69,240
0,12,81,240
80,31,78,80
80,-4,73,80
80,7,80,80
0,-45,73,240
0,12,88,240
80,30,73,80
80,-4,76,80
80,16,90,80
0,-28,84,480
0,-8,70,480
80,24,76,80
80,-4,79,80
80,14,94,80
80,-10,77,80
80,-4,76,80
80,12,95,80
0,-50,71,240
0,12,85,240
80,30,76,80
80,-4,79,80
80,-5,87,80
0,-32,78,120
0,12,91,120
80,32,78,80
80,-3,75,80
80,3,88,80
0,-20,88,240
0,-4,73,240
0,-3,73,240
80,27,75,80
80,12,80,80
80,-3,94,80
0,-54,77,240
0,12,90,240
80,45,77,80
80,-12,76,80
80,0,89,80
0,-44,77,240
0,12,90,240
80,29,77,80
80,3,82,80
80,-12,89,80
0,-31,82,120
0,12,97,120
80,31,85,80
80,-3,81,80
80,3,90,80
0,-24,79,120
0,3,94,120
0,-6,79,120
80,27,85,80
80,12,85,80
80,-3,101,80
0,-53,80,240
0,12,95,240
80,44,86,80
80,-12,84,80
80,0,93,80
0,-43,78,240
0,12,91,240
80,28,85,80
80,3,80,80
80,-12,94,80
0,-30,89,240
0,12,105,240
80,30,85,80
80,-3,81,80
80,3,94,80
0,-21,96,191
0,-3,81,240
0,-6,81,240
80,30,84,80
80,12,80,80
80,-5,95,80
0,-48,81,240
0,12,96,240
80,41,85,80
80,-12,83,80
80,0,95,80
0,-20,96,240
0,-4,81,240
0,-5,81,240
80,24,90,80
80,5,86,80
80,-12,97,80
0,-28,86,240
0,12,103,240
80,28,90,80
80,-7,85,80
80,7,93,80
0,-19,94,240
0,-3,79,240
0,-6,79,240
80,16,87,80
80,0,84,80
80,-7,95,80
80,7,90,80
80,-12,85,80
80,0,100,80
0,-28,89,240
0,12,106,240
80,9,89,80
80,7,85,80
80,-10,74,80
0,-19,89,960
0,12,106,960
80,10,71,80
80,7,72,80
80,2,77,80
80,-9,70,80
80,7,72,80
80,2,81,80
80,3,78,80
80,-5,75,80
80,2,83,80
80,3,77,80
80,7,73,80
80,-10,87,80
80,3,80,80
80,7,77,80
80,2,89,80
80,-9,78,80
80,7,75,80
80,2,89,80
0,-9,100,360
0,-5,83,360
0,-5,83,360
80,22,78,80
80,-5,76,80
80,2,89,80
80,10,78,80
40,-19,92,120
0,-5,77,120
0,-5,77,120
40,22,75,80
80,-3,89,80
0,-19,83,960
0,10,100,960
0,-5,83,960
80,17,81,80
80,9,86,80
80,-2,85,80
80,-7,78,80
80,-3,84,80
80,10,81,80
80,-7,76,80
80,-3,71,80
80,-2,78,80
80,5,71,80
80,-3,75,80
80,-2,74,80
80,-7,69,80
80,9,72,80
80,-2,71,80
80,-7,66,80
80,-3,69,80
80,10,67,80
80,-7,61,80
80,-3,65,80
80,-2,64,80
80,5,59,80
80,-3,62,80
80,-7,52,80
0,-24,52,960
0,12,62,960
80,19,54,80
80,3,54,80
80,2,56,80
80,-5,56,80
80,3,54,80
80,2,58,80
80,7,58,80
80,-9,56,80
80,2,60,80
80,7,60,80
80,3,58,80
80,-10,62,80
80,7,58,80
80,3,62,80
80,2,62,80
80,-5,54,80
80,3,58,80
80,2,62,80
0,-24,52,360
0,10,52,360
0,-6,52,360
0,8,62,360
80,19,65,80
80,-9,60,80
80,2,62,80
80,10,58,80
40,-22,57,120
0,-2,48,120
0,-6,48,120
0,-4,48,120
40,31,59,80
80,-7,59,80
0,-12,62,800
0,-2,52,960
0,-6,52,960
0,-4,52,960
80,22,59,80
80,9,58,80
80,-7,58,80
80,-2,57,80
80,-3,56,80
80,5,56,80
80,-2,56,80
80,-3,54,80
80,-7,54,80
80,10,52,80
80,-3,52,80
80,-7,52,0
80,-2,51,80
80,9,51,80
80,-7,50,80
80,-2,49,80
80,-3,49,80
80,5,48,80
80,-2,48,80
80,-3,48,80
80,-7,46,80
80,10,46,80
80,-3,44,80
80,-2,65,80
0,-24,63,120
80,36,59,80
80,-5,55,80
80,5,65,80
80,-8,59,80
80,15,58,80
80,-7,70,80
0,-8,70,960
0,-9,59,960
80,24,66,80
80,-12,66,80
80,5,70,80
80,-5,66,80
80,5,62,80
80,-12,65,80
80,12,63,80
80,-5,58,80
80,5,65,80
80,-5,63,80
80,12,57,80
80,-7,65,80
0,-9,63,360
0,-9,53,360
80,25,59,80
80,-12,55,80
80,5,65,80
80,-5,63,80
40,-3,63,120
0,-9,53,120
40,17,58,80
80,-12,65,80
0,-12,63,120
80,24,58,80
80,-5,56,80
80,5,65,80
80,0,58,80
80,12,55,80
80,-5,71,80
0,-15,72,960
0,-9,61,960
80,29,64,80
80,-12,62,80
80,0,71,80
80,-5,67,80
80,5,62,80
80,-5,65,80
80,12,59,80
80,-7,54,80
80,7,65,80
80,0,58,80
80,12,59,80
80,-7,65,80
0,-21,75,360
0,-9,63,360
80,37,57,80
80,-12,60,80
80,0,65,80
80,-7,63,80
40,-17,57,120
0,9,69,120
40,15,56,80
80,-7,65,80
0,-20,77,120
80,22,62,80
80,-2,57,80
80,14,64,80
0,-22,63,240
0,-9,53,240
0,5,53,240
80,24,61,80
80,14,61,80
80,-2,73,80
0,-40,59,240
0,4,59,240
0,5,70,240
80,33,65,80
80,-2,66,80
80,-12,80,80
0,-27,62,240
0,3,62,240
0,6,75,240
80,20,75,80
80,-2,70,80
80,-12,81,80
0,-14,70,480
0,2,70,480
0,7,84,480
80,7,77,80
80,-2,73,80
80,14,78,80
80,-2,70,80
80,14,74,80
80,-2,73,80
0,-39,64,240
0,3,64,240
0,6,77,240
80,32,70,80
80,-2,66,80
80,-12,70,80
0,-28,61,240
0,4,61,240
0,5,72,240
80,21,67,80
80,-2,66,80
80,12,65,80
0,-41,57,120
0,5,57,120
0,4,69,120
80,34,65,80
80,-2,62,80
80,-12,66,80
0,-36,63,120
80,38,69,80
80,-2,65,80
80,12,71,80
0,-38,56,480
0,2,56,480
0,4,56,480
0,3,66,240
80,31,68,80
80,-2,72,80
80,-12,75,80
0,-15,71,240
80,17,72,80
80,-2,68,80
80,12,79,80
0,-38,64,960
0,2,64,960
0,4,64,960
0,6,77,480
80,28,75,80
80,-2,70,80
80,-12,74,80
80,2,69,80
80,-2,68,80
80,12,71,80
0,-27,72,240
80,29,67,80
80,-2,64,80
80,-12,67,80
0,-17,71,240
80,19,66,80
80,-2,65,80
81,5,96,80
0,-36,73,90
0,12,87,90
0,-5,73,90
0,-3,73,90
79,36,70,80
80,-9,70,80
80,5,92,80
0,-27,70,90
0,-4,70,90
0,-5,70,90
0,12,83,90
80,21,74,80
80,3,70,80
80,-5,97,80
0,-24,73,90
0,5,87,90
0,-8,73,90
0,-4,73,90
80,36,74,80
80,-8,71,80
80,3,84,80
80,-7,73,80
80,4,70,80
80,-4,74,80
0,-36,47,90
0,12,56,90
80,28,69,80
80,-9,66,80
80,5,69,80
0,-12,51,90
0,-3,42,90
0,-4,42,90
80,16,66,80
80,3,63,80
80,-5,74,80
0,-7,56,90
0,-5,47,90
0,-3,47,90
80,20,68,80
80,-8,63,80
80,3,74,80
80,-7,64,80
80,4,61,80
80,-9,74,80
0,-24,48,90
0,12,59,90
80,24,72,80
80,-5,67,80
80,5,75,80
0,-12,48,90
0,4,59,90
0,-9,48,90
80,12,66,80
80,12,67,80
80,-12,72,80
0,-9,50,90
0,4,60,90
0,-7,50,90
80,24,73,80
80,-5,71,80
80,5,78,80
0,-36,62,90
80,31,76,80
80,12,72,80
80,-12,82,80
0,-26,66,720
80,38,77,80
80,-7,72,80
80,7,86,80
0,-24,70,240
0,-4,59,240
0,-3,59,240
80,24,74,80
80,12,75,80
80,-12,88,80
0,-19,73,240
0,-2,62,240
0,-3,62,240
80,36,81,80
80,-7,77,80
80,7,89,80
80,-7,85,80
80,12,83,80
80,-7,97,80
0,-36,73,90
0,4,73,90
0,3,73,90
0,5,87,90
80,28,74,80
80,-9,71,80
80,5,94,80
0,-24,82,90
0,-3,69,90
0,-4,69,90
0,-5,69,90
80,33,75,80
80,3,73,80
80,-5,95,80
0,-24,73,90
0,5,87,90
0,-8,73,90
0,-4,73,90
80,36,76,80
80,-8,73,80
80,3,86,80
80,-7,77,80
80,4,73,80
80,-4,74,80
0,-36,48,90
0,12,59,90
80,28,66,80
80,-9,64,80
80,5,70,80
0,-12,55,90
0,-3,46,90
0,-4,46,90
80,16,67,80
80,3,67,80
80,-5,74,80
0,-7,59,90
0,-5,48,90
0,-3,48,90
80,20,62,80
80,-8,55,80
80,3,74,80
80,-7,64,80
80,4,60,80
80,-7,74,80
0,-16,66,120
80,28,71,80
80,-7,67,80
80,7,74,80
0,-12,66,240
0,-7,56,240
80,12,72,80
80,12,67,80
80,-10,74,80
0,-17,59,240
0,5,59,240
0,4,70,240
80,20,85,80
80,-12,72,80
80,12,74,80
0,-36,66,240
80,24,70,80
80,12,66,80
80,-7,74,80
0,-28,66,120
80,40,70,80
80,-7,70,80
80,7,71,80
0,-24,66,240
0,-7,56,240
80,24,69,80
80,12,69,80
80,-10,72,80
0,-29,62,240
0,5,62,240
0,4,73,240
80,32,79,80
80,-12,69,80
80,12,72,80
0,-48,69,120
80,36,72,80
80,12,70,80
80,-12,74,80
0,-35,80,120
80,47,72,80
80,-7,72,80
80,7,74,80
0,-26,69,120
0,-9,57,120
0,4,57,120
80,17,69,80
80,12,67,80
80,-12,75,80
0,-31,82,120
80,43,73,80
80,-7,70,80
80,7,77,80
0,-26,66,120
0,-5,56,120
0,-3,56,120
80,20,69,80
80,12,70,80
80,-17,77,80
0,-26,84,120
80,38,72,80
80,-5,69,80
80,5,78,80
0,-26,60,120
0,6,60,120
0,-4,60,120
0,7,71,120
80,12,72,80
80,12,75,80
80,-14,78,80
0,-32,86,120
80,44,74,80
80,-5,72,80
80,5,80,80
0,-29,60,120
0,9,71,120
0,-12,60,120
0,8,60,120
80,19,74,80
80,12,78,80
80,-15,80,80
0,-35,88,120
80,47,74,80
80,-7,71,80
80,7,81,80
0,-26,73,120
0,-5,62,120
0,-4,62,120
80,21,79,80
80,12,76,80
80,-12,82,80
0,-31,89,120
80,43,76,80
80,-7,73,80
80,7,82,80
0,-26,73,120
0,-5,62,120
0,-3,62,120
80,20,74,80
80,12,70,80
80,-17,83,80
0,-26,91,120
80,38,74,80
80,-5,71,80
80,5,83,80
0,-26,63,120
0,6,63,120
0,-4,63,120
0,7,75,120
80,12,76,80
80,12,82,80
80,-14,86,80
0,-32,94,120
80,44,76,80
80,-5,73,80
80,5,87,80
0,-32,63,120
0,8,63,120
0,-5,63,120
0,9,75,120
80,15,79,80
80,12,75,80
80,-15,83,80
0,-35,94,240
80,47,74,80
80,-7,75,80
80,7,86,80
0,-31,70,480
0,-7,70,480
0,12,82,480
80,12,77,80
80,12,74,80
80,-10,87,80
80,12,80,80
80,-7,74,80
80,7,84,80
0,-47,94,240
80,33,78,80
80,12,74,80
80,-10,92,80
0,-34,104,240
80,46,85,80
80,-7,81,80
80,7,93,80
0,-26,85,480
0,-5,71,480
0,3,71,480
0,-10,71,480
80,24,85,80
80,12,90,80
80,-10,94,80
80,12,86,80
80,-7,83,80
80,7,97,80
0,-46,100,240
80,32,80,80
80,12,88,80
80,-7,98,80
0,-36,106,240
80,45,90,80
80,-14,87,80
80,12,100,80
80,-7,90,80
80,9,92,80
80,-14,103,80
0,-19,77,480
0,5,77,480
0,-10,77,480
0,12,92,480
80,24,93,80
80,-7,86,80
80,9,94,80
80,-14,90,80
80,12,86,80
80,-7,96,80
0,-12,94,480
0,-7,79,480
0,2,79,480
80,26,91,80
80,-14,85,80
80,12,89,80
80,-7,82,80
80,9,75,80
80,-14,85,80
80,12,77,80
80,-7,71,80
80,9,75,80
80,-14,68,80
80,12,64,80
40,-55,47,10
10,12,47,990
10,7,47,980
10,5,47,970
10,38,57,80
0,-33,56,960
120,31,57,40
40,-3,52,80
80,-2,57,80
80,-2,57,80
80,-3,54,80
80,-2,57,80
80,-3,57,80
80,-2,53,80
80,-2,57,80
80,-3,57,80
80,-2,54,80
80,-5,65,480
0,-19,30,960
0,10,30,960
0,7,56,480
0,-17,56,960
0,14,47,480
0,-7,30,960
480,14,69,360
0,-5,56,480
0,-4,47,480
360,7,64,120
120,-2,71,240
0,-12,48,960
0,4,48,240
0,8,59,240
240,-5,44,240
240,31,63,80
0,-33,50,240
0,9,60,240
80,26,53,80
80,-2,57,80
80,-7,59,80
0,-29,44,240
0,9,52,240
80,32,59,80
80,-12,54,80
80,0,63,80
0,-19,60,240
0,-8,50,240
0,-4,50,960
80,33,63,80
80,-2,63,80
80,-7,58,80
0,-17,42,240
80,29,55,80
80,-12,58,80
80,2,63,80
0,-21,50,240
0,9,60,240
80,14,54,80
80,-2,56,80
80,-7,78,320
0,-8,51,240
0,-9,42,240
240,-2,53,240
0,12,63,240
0,-8,53,240
80,20,62,80
80,2,57,80
80,2,66,80
80,-2,64,80
80,-2,57,80
80,-5,62,80
0,-10,63,240
0,-10,53,240
0,6,53,240
80,21,64,80
80,5,61,80
80,2,67,80
0,-38,48,240
0,12,57,240
80,24,65,80
80,-5,59,80
80,-2,66,80
0,-15,66,240
0,-5,56,240
0,-4,56,240
80,31,63,80
80,5,59,80
80,2,64,80
0,-43,48,240
0,12,59,240
80,29,64,80
80,-3,57,80
80,-2,70,80
0,-26,56,240
0,-6,56,240
0,10,68,240
80,29,67,80
80,5,65,80
80,2,74,80
0,-38,62,240
0,-12,52,240
80,48,67,80
80,-5,62,80
80,-2,62,80
0,-24,59,240
0,-12,48,960
0,4,48,240
80,34,57,80
80,-2,56,80
80,-5,63,80
0,-24,45,240
80,36,59,80
80,-12,59,80
80,0,63,80
0,-17,60,240
0,-9,50,240
80,28,60,80
80,-2,57,80
80,-5,59,80
0,-24,46,240
0,9,55,240
80,27,59,80
80,-12,59,80
80,0,63,80
0,-22,51,240
0,8,61,240
0,-12,51,960
80,28,59,80
80,-2,55,80
80,-2,58,80
0,-17,46,240
80,29,58,80
80,-12,55,80
80,-5,63,560
0,-14,51,240
0,9,61,240
240,-12,47,240
0,9,56,240
240,-7,55,240
0,8,64,240
0,-12,55,240
80,24,64,80
80,2,62,80
80,2,70,80
0,-21,59,240
80,19,64,80
80,-2,61,80
80,-5,69,80
0,-10,70,240
0,-4,59,240
0,-6,59,240
80,27,66,80
80,5,64,80
80,2,73,80
0,-38,53,240
0,12,63,240
80,24,67,80
80,-5,65,80
80,-2,74,80
0,-24,66,240
0,9,79,240
0,-5,66,240
80,27,71,80
80,5,70,80
80,2,76,80
0,-31,72,240
0,-12,61,240
80,41,70,80
80,-5,70,80
80,-5,79,80
0,-27,70,240
0,6,70,240
0,4,84,240
80,22,81,80
80,7,78,80
80,2,86,80
0,-33,81,210
0,-12,69,210
80,43,78,80
80,-7,74,80
50,-31,68,510
15,7,70,495
15,33,87,80
0,-24,90,480
80,15,77,80
80,7,71,80
80,-10,83,80
80,10,78,80
80,-7,70,80
80,5,83,80
80,-8,76,80
80,5,72,80
80,-7,83,80
0,-31,79,240
0,10,79,240
0,-3,79,240
0,9,94,240
80,20,76,80
80,-12,72,80
80,9,83,80
0,-28,77,480
0,4,77,480
0,8,90,480
80,7,78,80
80,7,74,80
80,-10,83,80
80,10,72,80
80,-7,72,80
80,5,83,80
80,-8,78,80
80,5,74,80
80,-7,83,80
0,-31,78,240
0,10,78,240
0,6,93,240
80,20,77,80
80,-12,76,80
80,9,87,80
0,-28,75,480
0,4,75,480
0,8,89,480
80,7,82,80
80,7,77,80
80,-10,88,80
80,10,77,80
80,-7,81,80
80,5,93,80
80,-8,87,80
80,5,86,80
80,-7,97,80
0,-19,80,240
80,24,91,80
80,-12,88,80
80,9,101,80
0,-28,71,240
0,12,85,240
80,12,92,80
80,9,87,80
80,-14,101,80
0,-24,68,240
0,12,80,240
80,24,92,80
80,-5,86,80
80,2,101,80
0,-28,71,240
0,12,85,240
80,12,93,80
80,9,89,80
80,-14,101,80
0,-24,68,240
0,12,80,240
80,24,93,80
80,-5,89,80
80,2,101,240
0,-28,71,240
0,12,85,240
240,12,48,80
0,4,60,80
80,-2,59,80
80,-2,54,80
80,12,63,80
0,-3,50,80
80,-2,60,80
80,-3,56,80
80,12,64,80
0,-4,50,80
0,-24,53,80
80,21,62,80
0,-14,48,80
80,12,58,80
0,-3,46,80
80,12,52,80
0,3,66,80
0,-31,56,80
80,26,64,80
0,-19,51,80
80,17,58,80
0,-8,49,80
80,20,69,80
0,-3,55,80
0,-29,57,80
80,27,59,80
0,-19,52,80
80,16,59,80
0,-9,49,80
80,21,70,80
0,-4,55,80
0,-29,59,80
80,26,65,80
0,-17,52,80
80,15,64,80
0,-7,51,80
80,19,71,80
0,-3,56,80
0,-28,61,80
80,26,67,80
0,-19,54,80
80,17,67,80
0,-8,51,80
80,20,73,80
0,-3,58,80
0,-29,61,80
80,27,67,80
0,-19,56,80
80,16,65,80
0,-9,54,80
80,21,75,80
0,-4,59,80
0,-29,65,80
80,26,69,80
0,-17,58,80
80,15,66,80
0,-7,56,80
80,12,78,80
0,-3,62,80
0,-21,67,80
80,19,70,80
0,-15,59,80
80,12,69,80
0,-4,58,80
80,16,78,80
0,-4,62,80
0,-29,68,80
80,26,71,80
0,-14,60,80
80,12,70,80
0,-7,59,80
80,12,81,80
0,-3,64,80
0,-21,72,80
80,19,74,80
0,-15,61,80
80,12,73,80
0,-4,59,80
80,16,81,80
0,-4,64,80
0,-29,72,80
80,26,75,80
0,-17,65,80
80,15,74,80
0,-7,63,80
80,12,82,80
0,-3,65,80
0,-21,73,80
80,19,75,80
0,-15,67,80
80,12,75,80
0,-4,66,80
80,16,85,80
0,-4,67,80
0,-29,75,80
80,26,77,80
0,-17,69,80
80,15,75,80
0,-7,69,80
80,4,89,80
0,8,89,80
0,-24,81,80
160,12,94,80
0,12,94,80
0,-36,87,80
0,12,87,80
80,21,94,80
0,-12,94,80
0,-12,83,80
0,-12,83,80
80,34,95,80
0,-12,95,80
0,-12,85,80
0,-12,85,80
80,33,96,80
0,-12,96,80
0,-12,86,80
0,-12,86,80
80,34,97,80
0,-12,97,80
0,-12,86,80
0,-12,86,80
80,34,98,80
0,-12,98,80
0,-12,87,80
0,-12,87,80
80,33,98,80
0,-12,98,80
0,-12,88,80
0,-12,88,80
80,34,100,80
0,-12,100,80
0,-24,89,80
0,12,89,80
80,21,101,80
0,-12,101,80
0,-24,89,80
0,12,89,80
80,22,103,80
0,-12,103,80
0,-24,92,80
0,12,92,80
80,10,111,120
0,12,111,120
0,-36,99,120
0,12,99,120
450,12,93,510
15,7,98,495
15,33,118,480
0,-4,108,480
0,-5,108,480
0,-3,108,480
0,-12,108,480
480,-16,112,960
0,-24,102,960