1,66,28,479
0,-4,28,479
0,9,35,239
0,-24,38,119
119,3,32,120
120,21,32,240
0,-17,36,120
120,5,41,120
120,7,28,480
0,5,35,240
0,-9,46,480
240,9,33,240
240,0,35,240
0,-5,28,480
0,-5,45,360
240,10,32,240
120,-9,35,118
120,0,28,480
0,9,35,240
0,-5,28,480
0,-7,44,720
240,12,33,240
240,-9,28,480
0,4,28,480
0,5,35,240
240,0,32,240
0,-17,40,240
240,12,27,480
0,-4,27,480
0,9,33,240
0,-21,35,240
240,21,32,240
0,-22,31,240
240,17,28,480
0,-4,28,480
0,9,35,240
0,-24,38,120
120,7,32,120
120,17,35,240
0,-12,36,120
120,3,41,120
120,12,36,240
0,-3,28,480
0,-5,46,480
240,8,35,240
240,-3,28,480
0,3,36,240
0,-10,46,15
240,10,35,240
120,-8,41,118
120,8,35,240
0,-8,28,480
0,5,28,480
0,-9,44,720
240,12,35,240
240,-3,28,480
0,-5,28,480
0,8,35,240
240,0,31,240
0,-15,44,240
240,12,26,480
0,-5,26,480
0,8,32,240
0,-20,39,240
240,20,32,240
0,-24,38,240
240,21,28,480
0,-4,28,480
0,7,35,240
0,-31,45,120
120,7,39,120
120,24,36,240
0,-15,42,120
120,3,45,120
120,12,40,240
0,-3,31,480
0,-4,49,480
240,7,38,240
240,-3,31,480
0,3,40,240
0,-8,48,480
240,8,38,240
240,-6,30,480
0,6,38,240
0,-3,30,480
0,-5,49,480
240,8,32,240
240,-6,28,480
0,5,36,240
0,-2,28,480
0,-6,48,480
240,8,31,240
240,-3,31,240
0,3,37,240
0,-6,29,480
0,-3,49,6
240,10,42,240
0,-3,36,240
0,-9,44,240
240,14,47,720
0,-9,35,240
0,3,40,240
0,-9,49,200
200,3,28,40
40,3,35,240
0,4,40,240
0,-9,41,240
240,5,36,240
0,3,40,240
0,-9,49,240
240,12,45,240
0,-7,45,240
0,12,54,240
0,-20,40,240
240,8,41,240
0,10,49,120
0,-5,41,240
0,-12,47,240
120,15,45,80
90,0,42,30
30,-1,50,120
0,-7,42,240
0,-16,42,240
120,21,44,120
120,-10,40,240
0,6,40,240
0,3,48,240
0,-18,48,240
240,16,41,240
0,3,48,240
0,-9,41,240
0,-9,39,240
240,18,44,240
0,-9,44,240
0,12,53,240
0,-20,46,480
240,7,40,240
0,12,48,240
0,-3,40,240
240,-20,41,240
240,-1,35,240
240,17,28,480
0,-4,28,480
0,9,35,240
0,-24,38,120
120,3,32,120
120,21,32,240
0,-17,36,120
120,5,41,120
120,12,35,240
0,-5,28,480
0,-4,46,480
240,9,33,240
240,0,35,240
0,-5,28,480
0,-5,45,360
240,10,32,240
120,-9,33,118
120,4,28,480
0,-4,28,480
0,9,35,240
0,-12,44,720
240,12,33,240
240,-5,28,480
0,-4,28,480
0,9,35,240
240,0,32,240
0,-17,41,240
240,12,27,480
0,-4,27,480
0,9,33,240
0,-21,35,240
240,21,32,240
0,-24,32,240
240,20,32,480
0,-5,32,480
0,9,41,240
0,-28,51,120
120,7,46,120
120,21,41,240
0,-16,48,120
120,4,49,120
120,12,44,240
0,-4,33,480
0,-5,50,480
240,9,41,240
240,0,48,240
0,-4,36,480
0,-3,56,15
240,7,45,240
0,-6,52,240
240,2,39,480
0,5,49,240
0,-8,56,7
240,8,49,240
240,-5,39,480
0,-3,39,480
0,8,49,240
240,0,44,240
0,-12,54,240
240,7,36,480
0,-3,36,6
0,8,46,240
0,-17,50,240
240,17,45,240
0,-24,48,240
240,16,36,8
0,8,45,240
0,-5,36,480
0,-31,57,120
120,7,50,120
120,29,45,240
0,-20,53,120
120,3,56,120
120,17,48,240
0,-5,36,480
0,-3,58,478
240,8,45,240
240,0,45,240
0,-8,36,9
0,3,36,480
0,-31,59,120
120,7,47,120
120,29,45,240
0,-20,51,120
120,3,55,120
120,12,36,480
0,5,48,240
0,-8,59,960
240,8,44,240
240,-5,32,480
0,5,40,240
240,0,40,240
240,-1,38,240
0,-4,30,480
240,4,32,240
240,-4,28,480
0,3,36,240
0,-9,28,480
0,-9,48,720
240,18,35,240
240,0,36,240
0,-9,28,480
0,5,28,480
240,4,36,240
0,-16,38,240
240,12,28,480
0,-4,24,480
0,9,36,240
0,-19,48,120
120,-2,40,120
120,21,32,240
0,-22,41,120
120,-2,36,120
120,24,36,240
0,-10,28,480
0,6,28,480
0,-15,48,720
240,19,35,240
240,-1,36,240
0,-9,28,480
0,6,28,480
240,3,36,240
0,-16,38,240
240,8,26,480
0,5,28,480
0,4,36,240
0,-19,48,120
120,-2,40,120
120,21,32,240
0,-22,41,120
120,-2,36,120
120,15,26,480
0,9,36,240
0,-4,28,480
0,-22,45,120
120,-2,40,120
120,28,32,240
0,-33,41,120
120,2,36,120
120,21,28,480
0,10,36,240
0,-5,28,480
0,-24,48,960
240,29,31,240
240,-10,26,480
0,9,36,240
0,-6,28,14
240,6,32,240
240,-6,28,18
0,-3,28,480
0,9,36,240
0,-27,36,960
240,27,31,240
240,1,36,240
0,-12,26,480
0,3,28,480
240,9,32,240
240,0,36,240
0,-9,27,480
0,5,28,480
0,-12,35,480
240,16,32,240
240,-4,28,480
0,-6,28,480
0,10,36,240
0,-19,48,720
240,19,35,240
240,-1,36,240
0,-3,28,480
0,-6,28,480
240,9,36,240
0,-16,38,240
240,8,24,480
0,4,28,480
0,5,36,240
0,-19,47,120
120,-2,40,120
120,21,32,240
0,-22,41,120
120,-2,36,120
120,14,28,480
0,10,36,240
0,-4,28,480
0,-15,48,720
240,19,35,240
240,-10,28,480
0,9,36,240
0,-3,28,480
240,3,36,240
0,-16,38,240
240,8,26,480
0,9,36,240
0,-4,28,480
0,-15,48,120
120,-2,40,120
120,21,32,240
0,-22,41,120
120,-2,36,120
120,20,28,480
0,-5,26,480
0,9,36,240
0,-26,45,120
120,-2,40,120
120,28,32,240
0,-33,41,120
120,2,36,120
120,26,28,480
0,-5,28,480
0,10,36,240
0,-29,48,960
240,29,31,240
240,-1,32,240
0,-9,23,480
0,5,24,480
240,4,28,240
240,-4,24,480
0,-4,24,480
0,9,30,240
0,-36,31,1560
240,36,26,240
240,0,30,240
0,-5,24,480
0,-4,21,480
240,9,27,240
240,-2,30,240
0,-7,21,480
0,4,24,480
240,3,27,240
240,-3,29,240
0,-4,23,480
120,-12,27,120
120,16,27,240
0,-12,31,120
120,5,35,120
120,7,29,240
0,-4,40,480
240,4,28,240
240,0,29,240
0,-5,38,360
240,5,28,240
120,-4,33,118
120,0,23,480
0,4,29,240
0,-7,36,720
240,7,27,240
240,0,27,240
0,-4,21,480
240,4,25,240
0,-12,28,240
240,12,24,240
0,-4,19,480
0,-12,25,240
240,16,22,240
0,-17,21,240
240,13,16,480
0,4,20,240
0,-19,21,1920
240,19,19,240
720,0,19,240
0,-4,15,480
240,4,17,240
240,-4,15,480
0,4,19,240