1440,59,55,360
360,12,52,120
120,0,62,1440
0,-16,21,216
0,4,25,216
0,5,31,216
240,-9,18,216
0,4,22,216
0,5,27,216
240,-9,18,216
0,4,22,216
0,5,27,216
240,-9,18,216
0,4,22,216
0,5,27,216
240,-9,18,216
0,4,22,216
0,5,27,216
240,-9,18,216
0,4,22,216
0,5,27,216
240,-9,16,216
0,4,19,216
0,5,24,12
10,8,58,480
230,-17,16,216
0,4,19,216
0,5,24,216
240,-10,21,216
0,10,31,9
0,-7,25,216
10,14,62,1440
230,-17,18,216
0,3,22,216
0,7,27,216
240,-10,18,216
0,10,27,216
0,-7,22,216
240,0,22,216
0,-3,18,216
0,10,27,216
240,-7,22,216
0,-3,18,216
0,9,27,216
240,0,27,216
0,-6,22,216
0,-3,18,216
240,0,16,216
0,3,19,216
0,6,24,216
10,9,58,480
230,-18,16,216
0,3,19,216
0,6,24,216
240,-10,21,216
0,4,25,216
0,6,31,216
10,8,62,1430
230,-18,18,216
0,10,27,216
0,-6,22,216
240,6,27,216
0,-6,22,216
0,-4,18,216
240,0,18,216
0,4,22,216
0,6,27,216
240,-6,22,216
0,5,27,216
0,-9,18,216
240,0,18,216
0,9,27,216
0,-5,22,216
240,15,59,480
0,-19,16,216
0,9,24,216
0,-6,19,216
240,-3,16,216
0,3,19,216
0,6,24,216
240,9,64,1440
0,-19,21,216
0,4,25,216
0,6,31,216
240,-6,22,216
0,6,27,216
0,-10,18,216
240,4,22,216
0,6,27,216
0,-10,18,216
240,10,27,216
0,-6,22,216
0,-4,18,216
240,10,27,216
0,-7,22,216
0,-3,18,216
240,0,18,216
0,3,22,216
0,7,27,216
240,-1,24,216
0,-9,16,216
0,3,19,216
5,15,58,480
235,-18,16,216
0,3,19,216
0,6,24,216
240,-9,21,216
0,8,31,216
0,-5,25,216
5,14,62,1440
235,-14,22,216
0,-3,18,216
0,8,27,216
240,-5,23,216
0,-3,18,216
0,8,28,216
240,-5,23,216
0,5,28,216
0,-8,19,216
240,8,31,216
0,-8,20,216
0,2,26,216
240,6,34,216
0,-8,22,216
0,2,26,216
240,0,23,216
0,-2,19,216
0,8,31,216
5,11,63,480
235,-19,19,216
0,2,25,216
0,6,32,216
240,-6,34,216
0,6,39,216
0,-8,27,216
5,17,66,1440
235,-15,27,216
0,6,35,216
0,-8,23,216
240,2,27,216
0,6,35,216
0,-8,22,216
240,0,22,216
0,8,34,216
0,-6,26,216
240,-3,26,216
0,9,32,216
0,-6,26,216
240,-3,25,216
0,3,25,216
0,6,32,216
240,-9,20,216
0,3,20,216
0,6,27,216
5,11,67,480
235,-17,20,216
0,6,26,216
0,-9,20,216
240,3,29,216
0,-4,25,216
0,10,37,216
5,9,67,1440
235,-19,20,216
0,4,26,216
0,6,32,216
240,-6,26,216
0,6,32,216
0,-10,20,216
240,10,32,216
0,-10,20,216
0,4,26,216
240,6,32,216
0,-10,20,216
0,4,26,216
240,-4,20,216
0,4,26,216
0,6,32,216
240,11,66,360
0,-21,17,216
0,10,26,216
0,-6,20,216
240,0,20,216
0,-4,17,216
0,10,26,216
120,9,57,120
120,-16,25,216
0,-3,21,216
0,10,31,216
10,9,62,1430
230,-9,27,216
0,-7,22,216
0,-3,18,216
240,0,18,216
0,3,22,216
0,7,27,216
240,-10,18,216
0,10,27,216
0,-7,22,216
240,-3,18,216
0,3,22,216
0,6,27,216
240,-9,18,216
0,3,22,216
0,6,27,216
240,9,62,960
0,-15,19,216
0,6,24,216
0,-9,16,216
240,3,19,216
0,6,24,216
0,-9,16,216
240,2,29,216
0,7,29,216
0,-11,24,216
240,0,23,216
0,11,28,216
0,-7,28,216
240,17,65,240
0,-21,26,216
0,9,32,216
0,-5,32,216
240,19,69,240
0,-14,35,216
0,-9,27,216
0,4,35,216
240,22,74,240
0,-26,27,216
0,4,35,216
0,5,35,216
240,15,65,240
0,-24,26,216
0,9,32,216
0,-5,32,216
240,12,68,14
0,-12,26,216
0,-4,20,216
0,9,26,216
240,12,62,240
0,-17,25,216
0,-4,20,216
0,9,25,216
240,9,62,1440
0,-14,29,216
0,5,29,216
0,-10,24,216
240,10,27,216
0,-10,22,216
0,5,27,216
240,5,27,216
0,-10,22,216
0,4,27,216
240,-4,22,216
0,4,27,216
0,6,27,216
240,-9,22,216
0,9,27,216
0,-5,27,216
240,-4,22,216
0,4,27,216
0,5,27,216
240,12,57,480
0,-21,19,216
0,4,23,216
0,5,23,216
240,-9,19,216
0,4,23,216
0,5,23,216
240,9,62,1380
0,-19,24,216
0,4,29,216
0,6,29,216
240,-10,22,216
0,4,27,216
0,6,27,216
240,-10,22,216
0,4,27,216
0,6,27,216
240,-10,22,216
0,4,27,216
0,6,27,216
240,-9,22,216
0,4,27,216
0,5,27,216
240,-9,22,216
0,4,27,216
0,5,27,216
180,14,52,60
60,-2,62,480
0,-21,19,216
0,4,23,216
0,5,23,216
240,-9,19,216
0,4,23,216
0,5,23,216
240,10,62,240
0,-20,24,480
0,4,29,480
0,6,29,480
240,9,46,240
240,-6,54,240
240,-1,42,240
240,4,64,240
240,3,59,240
240,8,65,160
160,-2,62,160
160,-1,57,160
160,0,62,1440
0,-16,21,216
0,4,25,216
0,5,31,216
240,-9,18,216
0,4,22,216
0,5,27,216
240,-9,18,216
0,4,22,216
0,5,29,216
240,-9,19,216
0,4,24,216
0,5,29,216
240,-9,19,216
0,4,25,216
0,5,31,216
240,-9,20,216
0,4,26,216
0,5,32,216
240,-9,20,216
0,4,24,216
0,5,32,11
10,8,68,480
230,-17,20,216
0,4,26,216
0,5,33,216
240,-10,23,216
0,10,35,10
0,-7,28,216
10,14,71,1440
230,-17,20,216
0,3,25,216
0,7,32,216
240,-10,21,216
0,10,33,216
0,-7,26,216
240,0,27,216
0,-3,22,216
0,10,35,216
240,-7,28,216
0,-4,22,216
0,10,35,216
240,0,38,216
0,-6,29,216
0,-4,24,216
240,0,24,216
0,4,27,216
0,6,38,216
5,9,74,480
235,-19,25,216
0,4,30,216
0,6,38,216
240,-10,30,216
0,3,37,216
0,7,45,216
5,8,76,1435
235,-18,26,216
0,10,40,216
0,-7,33,216
240,6,41,216
0,-6,34,216
0,-3,27,216
240,0,27,216
0,3,36,216
0,6,41,216
240,-6,36,216
0,6,44,216
0,-10,29,216
240,0,29,216
0,10,45,216
0,-6,37,216
240,16,77,480
0,-20,27,216
0,10,40,216
0,-6,31,216
240,-4,27,216
0,4,31,216
0,6,41,216
240,9,84,360
0,-19,42,216
0,3,42,216
0,7,50,216
240,-10,36,216
0,3,36,216
0,7,42,216
120,8,78,120
120,0,85,240
0,-18,38,216
0,3,38,216
0,6,45,216
240,10,70,60
0,-19,46,216
0,3,46,216
0,6,55,216
60,9,73,60
60,-1,76,60
60,1,79,60
60,9,88,480
0,-30,46,216
0,3,46,216
0,6,56,216
240,-9,43,216
0,3,43,216
0,6,52,216
240,20,91,360
0,-30,43,216
0,4,43,216
0,5,52,216
240,-9,45,216
0,4,45,216
0,5,54,216
120,19,77,120
120,0,89,240
0,-41,57,216
0,12,69,216
240,28,86,240
0,-6,54,216
0,-3,54,216
0,-6,45,216
0,-3,45,216
240,27,92,240
0,-27,45,216
0,3,45,216
0,6,54,216
0,3,54,216
240,6,85,240
0,-18,45,216
0,3,45,216
0,6,54,216
0,3,54,216
240,6,88,240
0,-9,57,216
0,-3,57,216
0,-4,47,216
0,-4,47,216
240,21,82,240
0,-12,49,14
0,-5,41,216
0,-4,41,216
240,24,85,240
0,-24,41,216
0,4,41,216
0,5,49,11
240,7,77,240
0,-16,41,216
0,4,41,216
0,5,49,216
240,10,80,240
0,-10,53,9
0,-4,44,216
0,-3,44,216
240,15,69,240
0,-15,38,216
0,3,38,216
0,4,46,216
240,12,77,160
0,-31,44,216
160,19,67,160
80,-4,44,216
0,-6,37,216
0,-2,37,216
80,17,67,160
160,-3,73,720
0,-19,38,216
0,5,38,216
0,7,46,216
240,-12,33,216
0,5,33,216
0,7,38,216
240,-11,33,216
0,4,33,216
0,5,38,216
240,12,69,240
0,-21,29,216
0,4,29,216
0,5,36,216
240,9,64,1380
0,-19,24,216
0,5,29,216
0,7,29,216
240,-12,22,216
0,5,27,216
0,7,27,216
240,-12,22,216
0,12,27,216
4,-7,27,216
236,-5,22,216
0,5,27,216
0,7,27,216
240,-11,22,216
0,4,27,216
0,5,27,216
240,-9,22,216
0,4,27,216
0,5,27,216
180,14,47,60
60,-2,57,480
0,-21,19,216
0,4,23,216
0,5,23,216
240,-9,19,216
0,4,23,216
0,5,23,216
240,9,57,1800
0,-19,24,216
0,5,29,216
0,7,29,216
240,-12,22,216
0,5,27,216
0,7,27,216
240,-12,22,216
0,12,27,216
4,-7,27,216
236,-5,22,216
0,5,27,216
0,7,27,216
240,-12,22,216
0,4,27,216
0,8,27,216
240,-12,22,216
0,4,27,216
0,8,27,216
240,-12,19,216
0,4,23,216
0,6,23,216
240,-10,19,216
0,4,23,216
0,6,23,216
120,7,52,120
120,0,57,15
0,-16,32,216
0,7,32,216
240,-7,29,216
0,7,29,216
240,-7,29,216
0,7,29,216
240,-7,28,216
0,7,28,216
240,-7,28,216
0,10,28,216
240,-10,28,216
0,10,28,216
240,8,52,480
0,-18,19,216
0,4,23,216
0,5,23,216
240,-9,19,216
0,4,23,216
0,5,23,216
240,7,52,9
0,-17,24,216
0,5,29,216
0,5,29,216
240,-10,22,216
0,5,27,216
0,5,27,216
240,-10,22,216
0,9,27,216
4,-4,27,216
236,-5,22,216
0,5,27,216
0,4,27,216
240,-9,22,216
0,5,27,216
0,3,27,216
240,-8,22,216
0,5,27,216
0,3,27,216
240,11,47,480
0,-19,19,216
0,5,23,216
0,3,23,216
240,-8,19,216
0,5,23,216
0,3,23,216
240,9,47,8
0,-18,24,960
0,2,29,960
0,7,29,960
1920,-3,28,960
0,12,33,960
0,-10,28,960
0,5,28,960
0,-24,19,960
0,12,23,960
960,7,28,960
0,5,28,960
0,-8,28,960
0,12,33,960
0,-28,19,960
0,7,23,960
0,5,23,960
960,17,33,9
0,-5,28,1920
0,-7,28,1920
0,3,28,1920
0,-27,19,1920