960,58,72,480
0,-24,40,480
0,12,47,480
480,5,47,90
0,12,56,90
0,-36,36,480
0,12,42,480
240,12,49,90
0,12,58,90
240,-12,54,90
0,12,64,90
0,-35,36,90
0,12,42,90
240,11,56,90
0,12,65,90
0,-34,36,90
0,12,45,90
240,10,61,480
0,12,72,480
0,-33,42,480
0,12,50,480
480,23,80,480
0,-6,67,480
0,4,67,480
0,-10,67,480
0,-21,50,390
0,12,59,390
390,0,37,480
30,7,37,450
30,2,37,30
30,12,56,240
0,6,56,240
0,4,56,240
0,2,68,240
0,-18,46,390
240,4,55,240
0,12,66,240
150,-29,37,570
30,7,37,540
30,3,37,483
30,9,56,240
0,5,56,240
0,4,56,240
0,3,68,240
0,-15,46,480
240,4,53,240
0,12,65,240
240,-24,49,90
0,12,59,90
0,-36,38,480
0,12,44,480
240,12,52,90
0,12,61,90
240,-12,57,90
0,12,67,90
0,-35,38,90
0,12,44,90
240,11,57,90
0,12,66,90
0,-34,35,90
0,12,43,90
240,10,64,480
0,12,75,480
0,-33,43,480
0,12,51,480
480,11,67,480
0,6,69,480
0,4,69,480
0,2,82,480
0,-33,53,390
0,12,63,390
390,1,39,480
30,6,39,450
30,2,39,30
30,24,72,240
0,-6,59,240
0,4,59,240
0,-10,59,240
0,-6,48,390
240,4,58,240
0,12,70,240
150,-29,39,570
30,7,39,540
30,3,39,510
30,21,72,240
0,-7,59,240
0,4,59,240
0,-9,59,240
0,-3,48,480
240,4,54,240
0,12,65,240
240,-24,47,90
0,12,56,90
0,-36,36,480
0,12,42,480
240,12,51,90
0,12,60,90
240,-12,54,90
0,12,64,90
0,-34,36,90
0,12,42,90
240,10,59,90
0,12,69,90
0,-33,37,90
0,12,45,90
240,9,68,480
0,12,79,480
0,-32,46,480
0,12,54,480
480,9,52,90
0,12,63,90
0,-2,52,90
0,-12,52,90
0,9,52,90
0,-27,40,480
0,12,47,480
240,8,55,90
0,7,55,90
0,3,55,90
0,-12,55,90
0,14,66,90
240,-12,57,90
0,7,57,90
0,3,57,90
0,-12,57,90
0,14,67,90
0,-31,38,90
0,12,44,90
240,5,57,90
0,9,57,90
0,3,68,90
0,-10,57,90
0,12,68,90
0,-30,37,90
0,12,45,90
240,4,68,480
0,14,81,480
0,-2,68,480
0,-10,68,480
0,4,68,480
0,-21,45,480
0,12,53,480
480,17,63,90
0,-7,52,90
0,3,52,90
0,-8,52,90
0,-16,40,480
0,12,47,480
240,4,55,90
0,5,55,90
0,3,55,90
0,4,66,90
240,-7,57,90
0,3,57,90
0,4,67,90
0,-26,38,90
0,12,44,90
240,7,56,90
0,3,56,90
0,4,67,90
0,-25,37,90
0,12,45,90
240,6,70,480
0,3,72,480
0,4,85,480
0,-24,47,480
0,12,56,480
480,0,66,480
0,5,66,480
0,7,78,480
0,-23,48,480
0,12,57,480
480,-3,66,480
0,7,66,480
0,5,78,480
0,-33,43,480
0,12,52,480
480,7,63,480
0,3,63,480
0,6,63,480
0,3,74,480
0,-30,43,480
0,12,52,480
480,10,52,240
0,3,52,240
0,4,61,240
0,-28,50,480
0,12,60,480
240,12,59,240
240,5,66,240
0,7,78,240
0,-24,48,480
0,9,57,480
240,8,73,240
240,4,69,240
0,8,82,240
0,-17,57,480
0,-7,48,480
240,16,71,240
240,3,65,240
0,9,76,240
0,-24,42,480
0,8,60,480
240,7,69,240
240,5,66,240
0,7,78,240
0,-24,40,480
0,9,57,480
240,8,73,240
240,4,69,240
0,8,82,240
0,-17,57,480
0,-7,40,480
240,16,75,240
240,3,69,480
0,-3,69,480
0,12,82,480
0,-24,48,480
0,8,57,480
480,7,66,480
0,-5,64,480
0,12,76,480
0,-21,46,480
0,6,51,480
480,8,73,480
0,-5,61,480
0,-7,61,480
0,-12,42,480
0,4,42,480
0,6,51,480
480,2,57,480
0,7,61,480
0,5,75,960
0,-24,46,960
0,4,46,480
0,6,52,480
480,19,68,480
0,-12,58,480
0,-24,38,480
0,16,47,480
480,3,56,480
0,-5,49,480
0,-7,40,0
0,-12,28,480
0,4,33,480
0,6,38,480
480,2,40,480
0,7,48,480
0,5,56,960
0,-24,31,960
0,4,34,480
0,6,42,480
480,19,56,480
0,-12,49,480
0,-24,32,480
0,16,38,480
480,15,55,480
0,-5,46,480
0,-7,38,480
0,-12,29,480
0,4,31,480
0,6,36,480
480,2,40,480
0,7,48,480
0,5,55,960
0,-24,30,960
0,4,34,480
0,6,38,480
480,19,56,480
0,-12,48,480
0,-24,32,480
0,16,38,480
480,3,52,480
0,12,52,480
480,-12,51,1440
0,12,56,1440
1440,-15,46,5760
0,12,53,5760
1440,-26,36,480
0,12,43,480
480,-14,30,480
0,12,37,480
480,-15,30,480
0,12,37,480
480,-9,36,480
0,12,43,480
480,-13,30,480
0,12,37,480
480,-16,30,480
0,12,37,480
480,-10,36,480
0,12,43,480
480,-14,30,480
0,12,37,480
480,-15,30,480
0,12,37,480
480,-11,32,480
0,12,39,480
480,-13,29,480
0,12,35,480
480,-16,29,480
0,12,35,480
480,9,52,90
0,12,63,90
0,-36,40,480
0,12,47,480
240,12,55,90
0,12,66,90
240,-12,57,90
0,12,67,90
0,-35,38,90
0,12,44,90
240,11,59,90
0,12,68,90
0,-34,38,90
0,12,47,90
240,10,69,480
0,12,80,480
0,-33,47,480
0,12,56,480
480,23,90,480
0,-6,75,480
0,4,75,480
0,-10,75,480
0,-21,56,480
0,12,67,480
480,33,76,240
0,-6,63,240
0,4,63,240
0,-10,63,240
0,-21,43,480
0,7,43,480
0,2,43,480
0,6,51,480
240,4,61,240
0,12,74,240
240,2,76,240
0,-7,63,240
0,4,63,240
0,-9,63,240
0,-19,43,480
0,7,43,480
0,3,43,480
0,6,51,480
240,4,59,240
0,12,72,240
240,-24,52,90
0,12,63,90
0,-36,40,480
0,12,47,480
240,12,55,90
0,12,66,90
240,-12,57,90
0,12,67,90
0,-35,38,90
0,12,44,90
240,11,57,90
0,12,66,90
0,-34,35,90
0,12,43,90
240,10,68,480
0,12,79,480
0,-33,46,480
0,12,54,480
480,11,72,480
0,6,73,480
0,4,75,480
0,2,87,480
0,-33,56,480
0,12,67,480
480,33,76,240
0,-6,63,240
0,4,63,240
0,-10,63,240
0,-20,43,480
0,6,43,480
0,2,43,480
0,6,51,480
240,4,61,240
0,12,74,240
240,2,76,240
0,-7,63,240
0,4,63,240
0,-9,63,240
0,-19,43,480
0,7,43,480
0,3,43,480
0,6,51,480
240,4,58,240
0,12,71,240
240,-24,47,90
0,12,56,90
0,-36,36,480
0,12,42,480
240,12,51,90
0,12,60,90
240,-12,54,90
0,12,64,90
0,-34,36,90
0,12,42,90
240,10,57,90
0,12,68,90
0,-33,37,90
0,12,45,90
240,9,68,480
0,12,80,480
0,-32,46,480
0,12,54,480
480,22,64,90
0,-6,53,90
0,4,53,90
0,-10,53,90
0,-21,40,480
0,12,47,480
240,9,56,90
0,6,56,90
0,4,56,90
0,2,67,90
240,0,71,90
0,-6,60,90
0,4,60,90
0,-10,60,90
0,-20,40,90
0,12,47,90
240,20,72,90
0,-6,60,90
0,4,72,90
0,-10,60,90
0,-19,39,90
0,12,48,90
240,7,68,480
0,6,68,480
0,4,68,480
0,2,81,480
0,-30,45,480
0,12,53,480
480,19,66,90
0,-9,54,90
0,6,54,90
0,-9,54,90
0,-18,42,480
0,12,49,480
240,18,69,90
0,-9,57,90
0,6,57,90
0,-9,57,90
240,0,63,90
0,3,63,90
0,9,74,90
0,-29,42,90
0,12,49,90
240,5,55,90
0,3,55,90
0,9,76,90
0,-28,40,90
0,12,50,90
240,10,73,480
0,-6,73,480
0,3,73,480
0,9,86,480
0,-27,49,480
0,12,58,480
480,19,81,480
0,-10,69,480
0,3,69,480
0,-5,69,480
0,-10,50,480
0,-6,50,480
0,12,59,480
480,2,69,480
0,5,69,480
0,7,81,480
0,-19,45,480
0,-8,45,480
0,12,54,480
480,-9,72,480
0,12,85,480
0,-36,49,480
0,12,59,480
480,23,61,240
0,-12,61,240
0,-24,50,480
0,12,60,480
240,24,59,240
240,5,66,240
0,7,78,240
0,-24,48,480
0,8,57,480
240,9,75,240
240,3,69,240
0,9,82,240
0,-17,57,480
0,-7,48,480
240,15,75,240
240,4,65,240
0,8,76,240
0,-24,42,480
0,9,60,480
240,7,71,240
240,5,66,240
0,7,78,240
0,-24,40,480
0,8,57,480
240,9,75,240
240,3,69,240
0,9,82,240
0,-17,57,480
0,-7,40,480
240,15,75,240
240,4,69,480
0,-4,69,480
0,12,82,480
0,-24,48,480
0,9,57,480
480,7,66,480
0,-5,66,480
0,12,78,480
0,-21,46,480
0,6,54,480
480,8,73,480
0,-5,61,480
0,-7,61,480
0,-12,42,480
0,4,42,480
0,6,51,480
480,2,61,480
0,7,61,480
0,5,75,960
0,-24,46,960
0,4,46,480
0,6,54,480
480,19,68,480
0,-12,58,480
0,-24,38,480
0,15,47,480
480,4,58,480
0,-5,48,480
0,-7,40,0
0,-12,28,480
0,4,33,480
0,6,38,480
480,2,42,480
0,7,50,480
0,5,58,960
0,-24,30,960
0,4,36,480
0,6,42,480
480,19,56,480
0,-12,49,480
0,-24,32,480
0,15,38,480
480,16,56,480
0,-5,46,480
0,-7,38,480
0,-12,26,480
0,4,31,480
0,6,36,480
480,2,40,480
0,7,48,480
0,5,56,960
0,-24,29,960
0,4,34,480
0,6,38,480
480,19,55,480
0,-12,46,480
0,-24,30,480
0,15,37,480
480,4,69,960
0,12,81,960
0,-36,57,960
0,12,69,960
960,13,64,240
0,12,75,240
0,-36,52,240
0,12,63,240
240,11,59,240
0,12,71,240
0,-36,48,240
0,12,57,240
240,7,63,240
0,12,73,240
0,-36,53,240
0,12,64,240
240,13,54,240
0,12,65,240
0,-36,47,240
0,12,55,240
240,9,58,1440
0,12,70,1440
0,-36,52,1440
0,12,63,1440
1440,20,84,480
0,12,84,480
0,-48,72,480
0,12,72,480
480,19,48,240
0,5,48,240
0,-8,38,240
240,3,49,240
0,5,49,240
0,-8,39,240
240,2,50,240
0,5,50,240
0,-8,40,240
240,4,51,240
0,5,51,240
0,-8,42,240
240,4,52,240
0,5,52,240
0,-8,43,240
240,4,53,240
0,5,53,240
0,-8,45,240
240,4,54,240
0,5,54,240
0,-8,46,240
240,4,55,240
0,5,55,240
0,-8,47,240
240,4,57,240
0,5,57,240
0,-8,49,240
240,4,59,240
0,5,59,240
0,-8,50,240
240,4,59,240
0,5,59,240
0,-8,51,240
240,4,60,240
0,5,60,240
0,-8,53,240
240,4,64,240
0,5,64,240
0,-8,55,240
240,4,65,240
0,5,65,240
0,-8,55,240
240,4,66,240
0,5,66,240
0,-8,55,240
240,4,67,240
0,5,67,240
0,-8,57,240
240,3,68,480
0,5,68,480
0,-8,58,480
480,4,73,480
0,5,73,480
0,-8,64,480
480,20,80,240
0,-5,80,240
0,-7,80,240
0,-8,74,240
0,-4,74,240
0,-5,74,240
0,-3,74,240
480,32,91,480
0,12,79,480
0,-60,79,480
0,12,79,480
480,7,48,240
0,5,48,240
0,-8,38,240
240,8,49,240
0,-5,49,240
0,-3,39,240
240,2,50,240
0,5,50,240
0,-8,40,240
240,4,51,240
0,5,51,240
0,-8,42,240
240,4,52,240
0,5,52,240
0,-8,43,240
240,4,53,240
0,5,53,240
0,-8,45,240
240,4,54,240
0,5,54,240
0,-8,46,240
240,4,55,240
0,5,55,240
0,-8,47,240
240,4,57,240
0,5,57,240
0,-8,49,240
240,4,59,240
0,5,59,240
0,-8,50,240
240,4,59,240
0,5,59,240
0,-8,51,240
240,4,60,240
0,5,60,240
0,-8,53,240
240,4,64,240
0,5,64,240
0,-8,55,240
240,4,65,240
0,5,65,240
0,-8,55,240
240,4,66,240
0,5,66,240
0,-8,55,240
240,4,67,240
0,5,67,240
0,-8,57,240
240,3,68,480
0,5,68,480
0,-8,58,480
480,4,73,480
0,5,73,480
0,-8,64,480
480,20,80,240
0,-5,80,240
0,-7,80,240
0,-8,74,240
0,-4,74,240
0,-5,74,240
0,-3,74,240
480,32,91,480
0,12,85,480
0,-60,79,480
0,12,79,480
480,12,58,12
0,12,70,240
0,-20,50,240
0,3,59,240
240,5,58,240
0,12,70,240
0,-20,49,240
0,3,58,240
240,4,53,240
0,12,64,240
0,-20,46,240
0,3,54,240
240,6,53,240
0,12,64,240
0,-20,46,240
0,3,54,240
240,6,58,240
0,12,70,240
0,-20,49,240
0,3,58,240
240,6,53,240
0,12,64,240
0,-20,49,240
0,3,58,240
240,6,58,120
0,12,70,120
0,-20,49,120
0,3,58,120
240,5,54,120
0,12,65,120
0,-20,45,120
0,3,53,120
240,5,54,120
0,12,65,120
0,-20,45,120
0,3,53,120
240,5,54,120
0,12,65,120
0,-20,46,120
0,3,54,120
240,5,58,240
0,12,70,240
0,-20,49,240
0,3,58,240
240,4,54,240
0,12,65,240
0,-20,46,240
0,3,54,240
240,5,58,120
0,12,70,120
0,-20,49,120
0,3,58,120
240,5,54,120
0,12,65,120
0,-20,46,120
0,3,54,120
240,4,54,120
0,12,65,120
0,-20,46,120
0,3,54,120
240,6,54,120
0,12,65,120
0,-20,46,120
0,3,54,120
240,6,58,240
0,12,70,240
0,-20,49,240
0,3,58,240
240,6,53,240
0,12,63,240
0,-20,46,240
0,3,54,240
240,6,54,120
0,12,65,120
0,-20,49,120
0,3,58,120
240,5,56,120
0,12,67,120
0,-20,51,120
0,3,60,120
240,5,58,120
0,12,70,120
0,-20,53,120
0,3,63,120
240,5,60,120
0,12,72,120
0,-20,53,120
0,3,64,120
240,5,66,240
0,12,78,240
0,-20,56,240
0,3,67,240
240,4,60,240
0,12,72,240
0,-20,50,240
0,3,59,240
240,5,63,120
0,12,74,120
0,-20,50,120
0,3,59,120
240,5,65,120
0,12,76,120
0,-20,52,120
0,3,61,120
240,4,65,120
0,12,77,120
0,-20,53,120
0,3,64,120
240,6,68,120
0,12,80,120
0,-20,54,120
0,3,65,120
240,5,77,420
0,5,77,420
0,7,91,420
0,-21,56,480
0,6,67,480
0,-4,56,480
420,9,55,60
0,12,63,60
60,-14,73,240
0,5,73,240
0,7,86,240
0,-43,49,480
0,12,59,480
240,18,66,240
0,12,79,240
240,-11,73,240
0,5,73,240
0,7,88,240
0,-15,65,480
0,-4,54,480
0,-2,54,480
240,11,69,240
0,12,82,240
240,-9,76,480
0,-5,76,480
0,12,90,480
0,-16,67,11
0,-3,56,480
0,-2,56,480
0,-5,56,480
480,38,95,240
0,-12,79,240
0,-50,51,240
0,12,60,240
480,24,73,480
0,7,73,480
0,5,88,480
0,-14,61,480
0,-3,52,480
0,-3,52,480
0,-4,52,480
480,12,65,420
0,5,65,420
0,7,77,420
0,-21,54,480
0,6,63,480
0,-4,54,480
420,9,61,60
0,12,61,60
60,-14,70,240
0,5,70,240
0,7,82,240
0,-43,47,480
0,12,57,480
240,18,67,240
0,12,79,240
240,-11,70,240
0,5,70,240
0,7,84,240
0,-15,61,480
0,-4,51,480
0,-2,51,480
240,11,67,240
0,12,79,240
240,-9,76,480
0,-5,76,480
0,12,90,480
0,-16,67,480
0,-3,56,480
0,-2,56,480
0,-5,56,480
480,38,92,240
0,-12,79,240
0,-50,51,240
0,12,60,240
480,24,73,480
0,7,73,480
0,5,88,480
0,-14,61,480
0,-6,52,480
0,-4,52,480
480,12,77,5
0,5,77,420
0,7,91,420
0,-21,56,480
0,6,67,480
0,-4,56,480
420,9,55,60
0,12,63,60
60,-14,77,240
0,5,77,240
0,7,91,240
0,-43,50,480
0,12,59,480
240,18,69,240
0,12,82,240
240,-11,73,240
0,5,73,240
0,7,88,240
0,-15,60,480
0,-4,51,480
0,-2,51,480
240,11,69,240
0,12,82,240
240,-15,76,240
0,6,76,240
0,6,90,240
0,-21,56,480
0,6,67,480
240,3,74,240
240,3,71,240
0,9,84,240
0,-18,48,480
0,3,58,480
240,15,81,240
240,12,89,240
0,-9,74,240
0,-9,55,480
0,3,65,480
240,15,88,240
240,12,93,480
0,-9,77,480
0,-6,68,480
0,-3,56,480
480,-18,70,240
0,6,82,240
0,-3,70,240
0,-18,48,240
0,12,58,240
480,6,67,240
0,3,67,240
0,9,79,240
0,-54,48,240
0,12,57,240
480,29,70,240
0,5,70,240
0,7,82,240
0,-52,50,240
0,12,59,240
480,21,52,240
0,7,52,240
0,5,61,240
0,-33,34,240
0,12,40,240
480,26,66,240
0,-9,56,240
0,6,66,240
0,-9,56,240
0,-36,37,240
0,12,46,240
480,22,57,240
0,4,57,240
0,5,68,240
0,3,68,240
0,-44,40,240
0,12,49,240
480,20,50,240
0,4,60,240
0,-24,35,240
0,12,44,240
480,10,49,240
0,2,49,240
0,4,58,240
0,3,58,240
0,-43,35,240
0,12,43,240
480,20,46,240
0,4,46,240
0,5,55,240
0,-36,30,240
0,12,37,240
480,7,38,240
0,5,48,240
0,-21,25,240
0,12,31,240
480,14,50,240
0,-5,40,240
0,-4,40,240
0,-15,33,240
480,14,43,240
0,5,43,240
0,3,51,240
0,-20,38,240
480,12,45,240
480,7,45,240
0,-3,37,240
0,-6,37,240
0,-22,28,240
0,12,34,240
480,17,46,1920
0,12,46,1920
0,-36,30,480
0,12,36,480
480,-2,26,480
0,12,31,480
480,-15,26,480
0,12,31,480
480,-11,30,480
0,12,36,480
480,16,46,480
0,12,46,480
0,-41,26,480
0,12,31,480
480,41,46,480
0,-12,46,480
0,-45,26,480
0,12,31,480
480,21,46,1920
0,-12,46,1920
0,-19,30,480
0,12,36,480
480,-14,26,480
0,12,31,480
480,-15,31,480
0,12,31,480
480,-11,38,480
0,12,38,480
480,23,53,480
0,12,53,480
0,-48,38,480
0,12,38,480
480,48,59,480
0,-12,59,480
0,-52,40,480
0,12,40,480
480,9,52,90
0,12,63,90
0,-36,40,480
0,12,47,480
240,12,55,90
0,12,66,90
240,0,67,90
0,-12,57,90
0,-23,38,90
0,12,44,90
240,23,68,90
0,-12,59,90
0,-22,38,90
0,12,47,90
240,22,79,480
0,-12,66,480
0,-21,46,480
0,12,54,480
480,11,73,480
0,10,75,480
0,-4,71,480
0,6,88,480
0,-33,56,480
0,12,67,480
480,27,63,240
0,6,76,240
0,-2,63,240
0,-10,63,240
0,-21,43,480
0,7,43,480
0,2,43,480
0,6,51,480
240,4,61,240
0,12,74,240
240,-10,63,240
0,9,63,240
0,3,76,240
0,-7,63,240
0,-24,43,480
0,7,43,480
0,3,43,480
0,6,51,480
240,16,72,240
0,-12,59,240
240,0,63,90
0,-12,52,90
0,-24,40,480
0,12,47,480
240,12,55,90
0,12,66,90
240,-12,57,90
0,12,67,90
0,-35,38,90
0,12,44,90
240,23,66,90
0,-12,57,90
0,-22,35,90
0,12,43,90
240,22,79,480
0,-12,68,480
0,-21,46,480
0,12,54,480
480,11,72,480
0,6,73,480
0,4,75,480
0,2,87,480
0,-33,56,480
0,12,67,480
480,21,63,240
0,10,63,240
0,2,76,240
0,-6,63,240
0,-26,43,480
0,6,43,480
0,2,43,480
0,6,51,480
240,4,61,240
0,12,74,240
240,-10,63,240
0,9,63,240
0,3,76,240
0,-7,63,240
0,-24,43,480
0,7,43,480
0,3,43,480
0,6,51,480
240,16,72,240
0,-12,59,240
240,0,56,90
0,-12,47,90
0,-24,36,480
0,12,42,480
240,12,51,90
0,12,60,90
240,-12,54,90
0,12,64,90
0,-34,36,90
0,12,42,90
240,10,57,90
0,12,68,90
0,-33,37,90
0,12,45,90
240,21,82,480
0,-12,70,480
0,-20,47,480
0,12,56,480
480,21,63,90
0,-12,52,90
0,10,52,90
0,-12,52,90
0,9,52,90
0,-27,40,480
0,12,47,480
240,15,55,90
0,5,66,90
0,-2,55,90
0,-12,55,90
0,2,55,90
240,-2,60,90
0,12,60,90
0,-10,60,90
0,12,71,90
0,-5,60,90
0,-26,40,90
0,12,47,90
240,5,61,90
0,9,61,90
0,3,73,90
0,2,73,90
0,-12,61,90
0,-18,39,90
0,12,48,90
240,4,68,480
0,2,68,480
0,4,68,480
0,6,68,480
0,2,81,480
0,-29,45,480
0,12,53,480
480,13,53,90
0,-3,53,90
0,7,64,90
0,-12,53,90
0,-16,42,480
0,12,50,480
240,12,56,90
0,-8,56,90
0,12,68,90
0,-7,56,90
240,3,61,90
0,4,73,90
0,-7,61,90
0,-19,42,90
0,12,48,90
240,10,64,90
0,-3,64,90
0,7,75,90
0,-25,39,90
0,12,50,90
240,9,72,480
0,4,84,480
0,-7,72,480
0,-17,48,480
0,12,57,480
480,-2,75,480
0,7,75,480
0,5,90,480
0,-21,54,480
0,12,66,480
480,4,75,480
0,5,75,480
0,7,90,480
0,-40,49,480
0,12,59,480
480,30,85,480
0,-6,72,480
0,-6,72,480
0,10,72,480
0,-43,49,480
0,12,59,480
480,26,72,480
0,-4,72,480
0,9,72,480
0,3,85,480
0,-27,49,480
0,3,49,480
0,4,49,480
0,5,59,480
480,24,87,240
0,12,101,240
0,-69,55,240
0,12,67,240
480,41,86,480
0,-12,72,480
0,4,72,480
0,-12,63,480
0,-4,52,480
0,-3,52,480
0,-5,52,480
480,32,84,240
0,12,99,240
0,-63,55,240
0,12,67,240
480,24,71,480
0,3,71,480
0,4,71,480
0,5,85,480
0,-17,57,480
0,-4,48,480
0,-3,48,480
0,-3,48,480
480,27,84,240
0,12,99,240
0,-57,55,240
0,12,66,240
480,23,75,480
0,-4,75,480
0,9,75,480
0,3,89,480
0,-15,60,480
0,-5,51,480
0,-4,51,480
480,36,99,240
0,-12,84,240
0,-44,55,240
0,12,66,240
480,19,72,480
0,5,72,480
0,7,86,480
0,-2,72,480
0,-12,60,480
0,-5,51,480
0,-5,51,480
480,36,99,240
0,-12,84,240
0,-43,57,240
0,12,69,240
480,19,75,480
0,5,75,480
0,4,75,480
0,3,89,480
0,-15,60,480
0,-4,51,480
0,-2,51,480
0,-3,51,480
480,34,102,450
0,-12,85,450
0,-48,62,450
0,12,74,450
480,24,78,1440
0,12,94,1440
0,-36,52,1440
0,12,63,1440
1440,7,69,480
0,12,81,480
0,-36,57,480
0,12,69,480
480,13,64,240
0,12,75,240
0,-36,52,240
0,12,63,240
240,11,59,240
0,12,71,240
0,-36,48,240
0,12,57,240
240,7,63,240
0,12,73,240
0,-36,53,240
0,12,64,240
240,13,54,240
0,12,65,240
0,-36,47,240
0,12,55,240
240,9,58,1920
0,12,70,1920
0,-36,52,1920
0,12,63,1920
2880,-9,27,480
480,28,30,480
0,5,22,480
0,-14,17,480
0,5,17,480
480,4,32,960
0,-9,16,480
0,5,16,480
0,7,20,480
480,-19,25,480
480,16,28,480
0,5,24,480
0,-9,20,480
0,-5,20,480
480,9,32,960
0,-9,15,480
0,5,15,480
0,7,18,480
480,-19,27,480
480,16,27,480
0,5,24,480
0,-9,20,480
0,-5,20,480
480,9,32,960
0,-9,15,480
0,5,15,480
0,7,18,480
480,-19,27,480
480,16,27,480
0,5,27,480
0,-14,22,480
0,5,22,480
480,4,33,480
0,-9,17,480
0,5,17,480
0,7,21,480
480,9,57,480
0,-28,34,480
480,23,49,480
0,-7,25,480
0,5,24,480
0,-9,20,480
0,-5,20,480
480,17,52,480
0,-8,25,480
0,-9,16,480
0,5,16,480
0,7,21,480
480,14,57,960
0,-33,34,480
480,16,19,480
0,8,24,480
0,-3,21,480
0,-14,17,480
0,5,17,480
480,19,52,480
0,-15,19,480
0,8,24,480
0,-17,15,480
0,5,15,480
0,7,18,480
480,12,52,480
0,-36,33,480
480,29,44,480
0,-7,22,480
0,4,24,480
0,-9,20,480
0,-5,20,480
480,19,45,480
0,-3,25,480
0,-6,21,480
0,-10,16,480
0,5,16,480
0,7,21,480
480,9,52,3360
0,-28,34,480
480,16,22,480
0,8,26,480
0,-3,24,480
0,-14,20,480
0,5,20,480
480,4,22,480
0,8,26,480
0,-17,16,480
0,5,16,480
0,7,21,480
480,-3,21,480
0,8,25,480
0,-17,20,480
0,5,18,480
0,7,22,480
480,0,20,480
0,5,24,480
0,-17,17,480
0,5,17,480
0,5,22,480
480,2,20,480
0,5,24,480
0,-17,18,480
0,5,18,480
0,4,23,480
480,3,21,480
0,5,25,480
0,-17,18,480
0,5,18,480
0,4,23,480
480,-2,20,480
0,5,24,480
0,-14,18,480
0,2,23,480
480,5,20,480
0,7,24,480
0,-15,18,480
0,3,23,480
480,5,21,480
0,7,25,480
0,-15,18,480
0,3,23,480
480,7,20,480
0,5,24,480
0,-14,18,480
0,2,23,480
480,5,20,480
0,7,24,480
0,-15,18,480
0,3,23,480
480,5,21,480
0,7,25,480
0,-15,17,480
0,3,22,480
480,7,20,480
0,5,24,480
0,-14,17,480
0,2,22,480
480,5,21,480
0,7,25,480
0,-15,16,480
0,3,20,480
480,24,53,480
0,-27,34,480
480,23,49,480
0,-8,27,480
0,5,24,480
0,-8,20,480
0,-5,20,480
480,17,54,480
0,-9,27,480
0,-8,16,480
0,5,16,480
0,7,21,480
480,13,58,960
0,-32,34,480
480,15,22,480
0,9,26,480
0,-4,22,480
0,-13,17,480
0,5,17,480
480,19,52,480
0,-16,20,480
0,9,24,480
0,-17,14,480
0,5,14,480
0,7,17,480
480,12,52,480
0,-36,33,480
480,29,52,480
0,-7,22,480
0,3,24,480
0,-6,13,480
0,-7,13,480
480,19,53,480
0,-3,26,480
0,-6,22,480
0,-10,16,480
0,7,16,480
0,5,20,480
480,10,57,480
0,-29,34,480
480,27,57,2880
0,-12,21,480
0,9,25,480
0,-4,24,480
0,-13,20,480
0,5,20,480
480,3,21,480
0,9,25,480
0,-17,17,480
0,5,17,480
0,7,22,480
480,-4,23,480
0,9,27,480
0,-17,14,480
0,5,17,480
0,7,23,480
480,0,24,480
0,5,28,480
0,-17,20,480
0,5,20,480
0,5,24,480
480,2,23,480
0,5,27,480
0,-17,20,480
0,5,20,480
0,3,24,480
480,4,22,480
0,5,27,480
0,-17,16,480
0,5,16,480
0,3,25,480
480,-1,22,480
0,5,26,480
0,-14,20,480
0,2,24,480
480,5,22,480
0,7,26,480
0,-16,20,480
0,4,24,480
480,5,22,480
0,7,26,480
0,-16,20,480
0,4,24,480
480,7,22,480
0,5,26,480
0,-14,20,480
0,2,24,480
480,5,22,480
0,7,26,480
0,-16,20,480
0,4,24,480
480,5,22,480
0,7,26,480
0,-16,20,480
0,4,24,480
480,7,22,480
0,5,26,480
0,-14,24,480
0,2,24,480
480,5,22,480
0,7,26,480
0,-16,20,480
0,4,24,480
480,17,60,480
0,-28,36,480
480,23,53,480
0,-7,27,480
0,5,25,480
0,-9,21,480
0,-5,21,480
480,17,57,480
0,-8,26,480
0,-9,16,480
0,5,16,480
0,7,21,480
480,14,59,960
0,-33,34,480
480,16,22,480
0,8,27,480
0,-3,21,480
0,-14,17,480
0,5,17,480
480,19,57,480
0,-15,22,480
0,8,26,480
0,-17,15,480
0,5,15,480
0,7,18,480
480,12,57,480
0,-36,34,480
480,29,53,480
0,-7,22,480
0,4,26,480
0,-9,22,480
0,-5,22,480
480,19,52,480
0,-3,27,480
0,-6,22,480
0,-10,18,480
0,5,18,480
0,7,23,480
480,9,57,3360
0,-28,34,480
480,16,24,480
0,8,28,480
0,-3,25,480
0,-14,21,480
0,5,21,480
480,4,24,480
0,8,27,480
0,-17,20,480
0,5,20,480
0,7,24,480
480,-3,23,480
0,8,27,480
0,-17,21,480
0,5,21,480
0,7,25,480
480,0,22,480
0,5,27,480
0,-17,20,480
0,5,20,480
0,5,24,480
480,2,22,480
0,5,27,480
0,-17,21,480
0,5,21,480
0,4,25,480
480,3,22,480
0,5,26,480
0,-17,21,480
0,5,21,480
0,4,25,480
480,-2,22,480
0,5,26,480
0,-14,21,480
0,2,25,480
480,5,21,480
0,7,25,480
0,-15,21,480
0,3,25,480
480,5,22,480
0,7,27,480
0,-15,21,480
0,3,25,480
480,7,22,480
0,5,26,480
0,-14,21,480
0,2,25,480
480,5,22,480
0,7,26,480
0,-15,21,480
0,3,25,480
480,5,22,480
0,7,27,480
0,-15,18,480
0,3,23,480
480,7,22,480
0,5,26,480
0,-17,16,480
0,5,22,480
480,9,22,480
0,3,26,480
0,-19,16,480
0,7,22,480
480,21,62,480
0,-29,44,480
480,28,54,480
0,-11,24,480
0,7,28,480
0,-3,27,480
0,-9,23,480
480,17,59,480
0,-12,24,480
0,7,28,480
0,-12,20,480
0,9,24,480
480,9,62,960
0,-30,41,480
480,18,24,480
0,6,28,480
0,-2,27,480
0,-10,22,480
0,4,22,480
480,15,60,480
0,-12,31,480
0,5,37,480
0,-12,24,480
0,4,24,480
0,6,28,480
480,11,63,480
0,-33,39,480
480,29,60,480
0,-8,28,480
0,3,28,480
0,-7,24,480
0,-5,24,480
480,26,60,480
0,-9,28,480
0,-3,24,480
0,-14,20,480
0,8,20,480
0,3,24,480
480,13,61,1320
0,-36,41,480
480,24,27,480
0,4,32,480
0,-6,27,480
0,-10,23,480
0,7,23,480
480,5,31,360
0,4,31,360
0,-16,20,480
0,7,20,480
0,3,24,480
360,7,52,60
60,2,46,60
60,-2,63,480
0,-29,45,480
480,28,57,480
0,-11,24,480
0,7,27,480
0,-3,28,480
0,-9,24,480
480,17,61,480
0,-12,23,480
0,7,27,480
0,-12,22,480
0,9,27,480
480,9,62,960
0,-30,43,480
480,18,24,480
0,6,28,480
0,-2,27,480
0,-10,24,480
0,4,24,480
480,15,63,480
0,-12,22,480
0,5,26,480
0,-12,20,480
0,4,20,480
0,6,24,480
480,10,66,480
0,-27,45,480
480,24,63,480
0,-9,34,480
0,4,33,480
0,-7,22,480
0,-5,22,480
480,25,63,480
0,-8,28,480
0,-4,24,480
0,-13,13,480
0,5,13,480
0,3,24,480
480,16,65,480
0,-40,45,480
480,38,63,480
0,-10,24,480
0,6,28,480
0,-10,24,480
0,7,27,480
0,-12,24,480
0,3,24,480
480,14,63,480
0,-8,24,480
0,6,28,478
0,-10,22,480
0,-5,22,480
0,3,22,480
0,9,26,480
480,3,62,5760
0,-6,35,480
0,-9,22,480
0,3,22,480
0,2,22,480
0,7,26,480
480,-3,39,480
0,-9,23,480
0,3,23,480
0,2,27,480
480,4,39,480
0,-9,23,480
0,3,27,480
0,2,27,480
480,4,37,480
0,-9,23,480
0,3,23,480
0,2,27,480
480,2,36,480
0,-9,23,480
0,5,23,480
0,2,27,480
480,4,36,480
0,-9,23,480
0,3,23,480
0,2,27,480
480,4,35,480
0,-9,23,480
0,3,23,480
0,2,27,480
480,2,35,480
0,-9,22,480
0,5,22,480
0,2,26,480
480,4,32,480
0,-9,22,480
0,3,22,480
0,2,26,480
480,4,32,480
0,-9,20,480
0,3,20,480
0,2,24,480
480,2,31,480
0,-9,18,480
0,5,18,480
0,2,23,480
480,4,31,480
0,-9,18,480
0,3,18,480
0,2,23,480
480,9,54,480
0,-28,37,480
480,23,49,480
0,-7,25,480
0,5,25,480
0,-9,21,480
0,-5,21,480
480,17,52,480
0,-8,22,480
0,-9,18,480
0,5,18,480
0,7,23,480
480,14,57,960
0,-33,34,480
480,16,20,480
0,8,25,480
0,-3,23,480
0,-14,18,480
0,5,18,480
480,19,52,480
0,-15,20,480
0,8,25,480
0,-17,15,480
0,5,15,480
0,7,18,480
480,12,52,480
0,-36,33,480
480,29,45,480
0,-7,23,480
0,4,27,480
0,-9,23,480
0,-5,23,480
480,19,46,480
0,-3,27,480
0,-6,22,480
0,-10,18,480
0,5,18,480
0,7,23,480
480,9,52,3360
0,-28,34,480
480,16,24,480
0,8,28,480
0,-3,24,480
0,-14,20,480
0,5,20,480
480,4,23,480
0,8,27,480
0,-17,17,480
0,5,17,480
0,7,22,480
480,-3,23,480
0,8,28,480
0,-17,12,480
0,5,12,480
0,7,21,480
480,0,20,480
0,5,24,480
0,-17,18,480
0,5,18,480
0,5,23,480
480,2,20,480
0,5,24,480
0,-17,13,480
0,5,15,480
0,4,22,480
480,3,20,480
0,5,24,480
0,-17,20,480
0,5,20,480
0,4,24,480
480,-2,20,480
0,5,24,480
0,-14,20,480
0,2,24,480
480,5,18,480
0,7,24,480
0,-15,18,480
0,3,24,480
480,5,18,480
0,7,24,480
0,-15,18,480
0,3,24,480
480,7,17,480
0,5,22,480
0,-14,18,480
0,2,23,480
480,5,17,480
0,7,22,480
0,-15,18,480
0,3,23,480
480,5,14,480
0,7,22,480
0,-15,17,480
0,3,23,480
480,7,13,480
0,5,22,480
0,-17,17,480
0,5,22,480
480,9,13,480
0,3,20,480
0,-19,17,480
0,7,22,480
480,22,53,480
0,-27,31,480
480,23,49,480
0,-8,26,480
0,5,26,480
0,-8,22,480
0,-5,22,480
480,17,54,480
0,-9,26,480
0,-8,17,480
0,5,17,480
0,7,22,480
480,13,58,960
0,-32,38,480
480,15,22,480
0,9,27,480
0,-4,24,480
0,-13,18,480
0,5,18,480
480,19,54,480
0,-16,21,480
0,9,25,480
0,-17,17,480
0,5,17,480
0,7,21,480
480,12,54,480
0,-36,33,480
480,29,49,480
0,-7,28,480
0,3,22,480
0,-6,17,480
0,-7,17,480
480,19,51,480
0,-3,27,480
0,-6,22,480
0,-10,14,480
0,7,14,480
0,5,17,480
480,10,53,480
0,-29,34,480
480,27,51,2880
0,-12,22,480
0,9,26,480
0,-4,25,480
0,-13,21,480
0,5,21,480
480,3,22,480
0,9,26,480
0,-17,18,480
0,5,18,480
0,7,23,480
480,-4,20,480
0,9,28,480
0,-17,16,480
0,5,16,480
0,7,25,474
480,0,24,480
0,5,29,480
0,-17,20,480
0,5,20,480
0,5,24,480
480,2,24,480
0,5,27,480
0,-17,20,480
0,5,20,480
0,3,24,480
480,4,22,480
0,5,27,480
0,-17,21,480
0,5,21,480
0,3,25,480
480,-1,21,480
0,5,26,480
0,-14,20,480
0,2,24,480
480,5,20,480
0,7,25,480
0,-16,20,480
0,4,24,480
480,5,20,480
0,7,25,480
0,-16,20,480
0,4,24,480
480,7,18,480
0,5,24,480
0,-14,20,480
0,2,21,480
480,5,18,480
0,7,24,480
0,-16,18,480
0,4,23,480
480,5,18,480
0,7,24,480
0,-16,18,480
0,4,23,480
480,7,18,480
0,5,23,480
0,-17,17,480
0,5,22,480
480,8,18,480
0,-5,18,480
0,9,23,480
0,-19,16,480
0,7,20,480
480,2,24,480
0,6,24,480
0,2,28,480
0,-24,20,480
480,31,39,480
0,-9,22,480
0,6,27,480
480,5,39,480
0,-11,22,480
0,6,27,480
0,-16,27,360
360,1,26,60
60,1,26,60
60,15,46,960
0,-12,25,480
0,5,30,480
0,-6,25,80
80,-2,21,80
80,2,24,80
80,-2,22,80
80,2,24,80
80,-2,21,80
80,3,21,480
0,5,25,480
0,-6,24,80
80,-2,21,80
80,2,24,80
80,-2,21,80
80,2,24,80
80,-2,21,80
80,12,39,480
0,-9,22,480
0,5,26,480
0,-6,24,120
120,-2,21,120
120,2,24,60
60,-2,20,60
60,-2,24,60
60,2,18,60
60,5,27,480
0,3,27,480
0,2,36,480
0,-8,32,480
480,15,39,480
0,-9,23,480
0,6,27,480
0,-28,25,480
480,33,39,480
0,-11,23,480
0,6,27,480
0,-16,27,360
360,1,26,60
60,1,26,60
60,15,46,960
0,-12,25,480
0,5,30,480
0,-6,25,80
80,-2,21,80
80,2,24,80
80,-2,22,80
80,2,24,80
80,-2,21,80
80,3,23,480
0,5,27,480
0,-6,24,80
80,-2,21,80
80,2,24,80
80,-2,21,80
80,2,24,80
80,-2,21,80
80,12,43,480
0,-9,23,480
0,5,27,480
0,-6,24,120
120,-2,21,120
120,2,24,60
60,-2,20,60
60,-2,24,60
60,2,18,60
60,5,27,480
0,3,27,480
0,2,31,480
0,-8,34,480
480,15,44,480
0,-9,28,480
0,6,34,480
0,-28,36,480
480,33,45,480
0,-11,30,480
0,6,36,480
0,-16,17,480
0,7,17,480
0,5,26,480
480,10,47,480
0,-12,31,480
0,6,37,480
0,-16,20,480
0,7,20,480
0,5,28,480
480,11,48,480
0,-12,32,480
0,5,39,480
0,-16,21,480
0,7,21,480
0,3,32,480
480,14,52,480
0,-12,36,480
0,4,43,480
0,-16,21,480
0,7,21,480
0,3,35,480
480,15,56,480
0,-12,36,480
0,3,45,480
0,-16,26,480
0,7,26,480
0,3,37,480
480,16,52,480
0,-12,34,480
0,2,42,478
0,-16,21,480
0,7,21,480
0,3,31,475
480,6,35,480
0,-6,24,480
0,2,28,480
0,-12,17,480
0,7,26,480
480,10,36,480
0,-8,26,480
0,3,30,480
0,-19,18,480
0,7,25,480
480,9,39,240
240,-2,37,240
240,-2,36,240
240,-1,35,240
240,3,30,1440
0,4,30,1440
0,6,36,1440
0,2,36,1440
0,-15,39,240
240,-2,39,240
240,-2,37,240
240,-1,36,240
240,-2,35,240
240,-2,35,240
240,12,30,480
0,5,30,1440
0,4,30,1440
0,3,36,1440
0,-31,35,240
480,21,42,240
240,-2,37,240
240,-2,36,240
240,-1,36,240
240,7,31,960
0,6,37,1440
0,2,37,1440
0,-15,39,240
240,-2,39,240
240,-2,37,240
240,-1,36,240
240,13,42,240
0,-15,36,240
240,17,37,240
0,-19,35,240
240,20,45,480
0,4,45,1200
0,-31,35,240
480,28,39,960
0,-9,35,240
240,2,36,240
240,2,37,240
240,17,52,240
0,-16,41,240
240,2,39,1440
0,6,39,960
0,8,49,960
0,-16,45,240
240,-1,37,240
240,-8,41,240
240,1,36,240
240,16,39,480
0,-8,39,240
240,-1,35,240
240,10,46,960
0,-9,39,1440
0,-3,39,480
480,-12,41,240
240,7,35,240
240,12,37,480
0,8,45,480
0,-17,37,240
240,4,35,240
240,1,34,1440
0,2,39,1440
0,4,47,1440
0,-7,39,240
240,-2,35,240
240,-8,36,240
240,1,35,240
240,9,37,240
240,-2,35,240
240,2,39,960
0,3,39,960
0,5,47,960
0,-12,37,480
480,2,39,240
240,-2,37,240
240,5,37,480
0,4,37,480
0,3,45,480
0,-14,36,240
240,-1,35,240
240,7,30,1440
0,6,36,1440
0,2,36,1440
0,-15,39,240
240,-2,39,240
240,-2,37,240
240,-1,36,240
240,-2,35,240
240,-2,35,240
240,17,39,960
0,4,42,1440
0,3,46,1440
0,-31,35,240
480,21,42,240
240,-2,37,240
240,0,35,480
0,-2,36,240
240,-1,36,240
240,7,45,480
0,6,45,1440
0,2,45,1440
0,-15,39,240
240,-2,39,240
240,7,38,240
0,-9,37,240
240,7,34,240
0,-8,36,240
240,13,42,240
0,-15,36,240
240,17,37,240
0,-19,35,240
240,21,39,960
0,3,47,1440
0,-31,35,240
480,19,39,240
240,-1,36,240
240,9,42,11
0,-6,39,240
240,-2,34,240
240,12,45,960
0,-5,38,1440
0,-4,39,480
480,-12,43,240
240,6,39,240
240,13,38,480
0,-10,43,240
240,-2,39,240
240,8,37,480
0,4,45,960
0,-8,45,480
480,3,39,960
0,-19,41,240
240,7,36,240
240,14,39,480
0,10,47,480
0,-19,41,240
240,4,36,240
240,3,41,1437
0,4,41,1440
0,8,48,1440
0,-17,43,480
480,-19,39,240
240,7,35,240
240,5,39,240
240,7,36,240
240,9,31,1440
0,3,37,960
0,-7,39,240
240,-1,34,240
240,-1,35,240
240,-1,34,240
240,11,45,480
0,-10,41,240
240,-10,35,240
240,21,57,480
0,-28,37,480
480,23,49,480
0,-7,25,480
0,5,25,480
0,-9,21,480
0,-5,21,480
480,17,52,480
0,-8,22,480
0,-9,18,480
0,5,18,480
0,7,23,480
480,14,56,960
0,-33,34,480
480,16,20,480
0,8,25,480
0,-3,23,480
0,-14,18,480
0,5,18,480
480,19,52,480
0,-15,20,480
0,8,25,480
0,-17,15,480
0,5,15,480
0,7,18,480
480,12,52,480
0,-36,33,480
480,29,44,480
0,-7,23,480
0,4,27,480
0,-9,23,480
0,-5,23,480
480,19,45,480
0,-3,27,480
0,-6,22,480
0,-10,18,480
0,5,18,480
0,7,23,480
480,9,52,3360
0,-28,34,480
480,16,24,480
0,8,28,480
0,-3,24,480
0,-14,20,480
0,5,20,480
480,4,23,480
0,8,27,480
0,-17,17,480
0,5,17,480
0,7,22,480
480,-3,23,480
0,8,27,480
0,-17,12,480
0,5,15,480
0,7,22,480
480,0,20,480
0,5,24,480
0,-17,18,480
0,5,18,480
0,5,23,480
480,2,20,480
0,5,24,480
0,-17,12,480
0,5,15,480
0,4,21,480
480,3,20,480
0,5,24,480
0,-17,13,480
0,5,16,480
0,4,21,480
480,-2,20,480
0,5,24,480
0,-14,20,480
0,2,24,480
480,5,20,480
0,7,24,480
0,-15,20,480
0,3,24,480
480,5,20,480
0,7,24,480
0,-15,20,480
0,3,24,480
480,7,18,480
0,5,23,480
0,-14,20,480
0,2,24,480
480,5,18,480
0,7,23,480
0,-15,20,480
0,3,24,480
480,5,15,480
0,7,23,480
0,-15,20,480
0,3,24,480
480,7,15,480
0,5,24,480
0,-14,20,480
0,2,24,480
480,5,15,480
0,7,23,480
0,-15,20,480
0,3,24,480
480,22,53,480
0,-27,31,480
480,23,50,480
0,-8,26,480
0,5,26,480
0,-8,22,480
0,-5,22,480
480,17,57,480
0,-9,26,480
0,-8,17,480
0,5,17,480
0,7,22,480
480,13,58,960
0,-32,38,480
480,15,25,480
0,9,30,480
0,-4,24,480
0,-13,18,480
0,5,18,480
480,19,54,480
0,-16,21,480
0,9,25,480
0,-17,17,480
0,5,17,480
0,7,21,480
480,12,54,480
0,-36,33,480
480,29,49,480
0,-7,28,480
0,3,25,480
0,-6,21,480
0,-7,21,480
480,19,52,480
0,-3,27,480
0,-6,22,480
0,-10,16,480
0,7,16,480
0,5,21,480
480,10,58,480
0,-29,34,480
480,27,54,2880
0,-12,22,480
0,9,26,480
0,-4,25,480
0,-13,21,480
0,5,21,480
480,3,22,480
0,9,26,480
0,-17,18,480
0,5,18,480
0,7,23,480
480,-4,20,480
0,9,28,480
0,-17,16,480
0,5,16,480
0,7,25,480
480,0,24,480
0,5,29,480
0,-17,20,480
0,5,20,480
0,5,24,480
480,2,24,480
0,5,27,480
0,-17,20,480
0,5,20,480
0,3,24,480
480,4,22,480
0,5,27,480
0,-17,21,480
0,5,21,480
0,3,25,480
480,-1,23,480
0,5,27,480
0,-14,22,480
0,2,26,480
480,5,22,480
0,7,27,480
0,-16,22,480
0,4,26,480
480,5,22,480
0,7,27,480
0,-16,22,480
0,4,26,480
480,7,22,480
0,5,27,480
0,-14,22,480
0,2,24,480
480,5,22,480
0,7,27,480
0,-16,22,480
0,4,26,480
480,5,22,480
0,7,27,480
0,-16,22,480
0,4,26,480
480,7,22,480
0,5,27,480
0,-17,21,480
0,5,25,480
480,8,22,480
0,-5,22,480
0,9,27,480
0,-19,20,480
0,7,24,480
480,2,24,480
0,6,28,480
0,2,28,480
0,-24,20,480
480,31,39,480
0,-9,22,480
0,6,27,480
480,5,39,480
0,-11,22,480
0,6,27,480
0,-16,27,360
360,1,26,60
60,1,26,60
60,15,46,960
0,-12,25,480
0,5,30,480
0,-6,25,80
80,-2,21,80
80,2,24,80
80,-2,22,80
80,2,24,80
80,-2,21,80
80,3,21,480
0,5,25,480
0,-6,24,80
80,-2,21,80
80,2,24,80
80,-2,21,80
80,2,24,80
80,-2,21,80
80,12,39,480
0,-9,22,480
0,5,26,480
0,-6,24,120
120,-2,21,120
120,2,24,60
60,-2,20,60
60,-2,24,60
60,2,18,60
60,5,27,480
0,3,27,480
0,2,36,480
0,-8,32,480
480,15,39,480
0,-9,23,480
0,6,27,480
0,-28,25,480
480,33,39,480
0,-11,23,480
0,6,27,480
0,-16,27,360
360,1,26,60
60,1,26,60
60,15,46,960
0,-12,25,480
0,5,30,480
0,-6,25,80
80,-2,21,80
80,2,24,80
80,-2,22,80
80,2,24,80
80,-2,21,80
80,3,23,480
0,5,27,480
0,-6,24,80
80,-2,21,80
80,2,24,80
80,-2,21,80
80,2,24,80
80,-2,21,80
80,12,43,480
0,-9,23,480
0,5,27,480
0,-6,24,120
120,-2,21,120
120,2,24,60
60,-2,20,60
60,-2,24,60
60,2,18,60
60,5,27,480
0,3,27,480
0,2,31,480
0,-8,34,480
480,15,44,480
0,-9,28,480
0,6,34,480
0,-28,36,480
480,33,45,480
0,-11,30,480
0,6,36,480
0,-16,17,480
0,7,17,480
0,5,26,480
480,10,47,480
0,-12,31,480
0,6,37,480
0,-16,20,480
0,7,20,480
0,5,28,480
480,11,48,480
0,-12,32,480
0,5,39,480
0,-16,21,480
0,7,21,480
0,3,32,480
480,14,52,480
0,-12,35,480
0,4,42,480
0,-16,21,480
0,7,21,480
0,3,34,480
480,15,52,480
0,-12,37,480
0,3,45,480
0,-16,27,480
0,7,27,480
0,3,37,480
480,16,51,480
0,-12,34,480
0,2,41,478
0,-16,20,480
0,7,20,480
0,3,31,475
480,6,35,480
0,-6,24,480
0,2,28,480
0,-12,17,480
0,7,26,480
480,10,36,480
0,-8,26,480
0,3,30,480
0,-19,18,480
0,7,26,480
480,9,39,240
240,-2,37,240
240,-2,36,240
240,-1,35,240
240,3,30,1440
0,4,30,1440
0,6,36,1440
0,2,36,1440
0,-15,39,240
240,-2,39,240
240,-2,37,240
240,-1,36,240
240,-2,35,240
240,-2,35,240
240,12,30,480
0,5,30,1440
0,4,30,1440
0,3,36,1440
0,-31,35,240
480,21,42,240
240,-2,37,240
240,-2,36,240
240,-1,36,240
240,7,31,960
0,6,37,1440
0,2,37,1440
0,-15,39,240
240,-2,39,240
240,-2,37,240
240,-1,36,240
240,13,42,240
0,-15,36,240
240,17,37,240
0,-19,35,240
240,20,45,480
0,4,45,1200
0,-31,35,240
480,28,39,960
0,-9,35,240
240,2,36,240
240,2,37,240
240,17,52,240
0,-16,41,240
240,2,39,1440
0,6,39,960
0,8,49,960
0,-16,45,240
240,-1,37,240
240,-8,41,240
240,1,36,240
240,16,39,480
0,-8,39,240
240,-1,35,240
240,10,46,960
0,-9,39,1440
0,-3,39,480
480,-12,41,240
240,7,35,240
240,12,37,480
0,8,45,480
0,-17,37,240
240,4,35,240
240,1,34,1440
0,2,39,1440
0,4,47,1440
0,-7,39,240
240,-2,35,240
240,-8,36,240
240,1,35,240
240,9,37,240
240,-2,35,240
240,2,39,960
0,3,39,960
0,5,47,960
0,-12,37,480
480,2,39,240
240,-2,37,240
240,5,37,480
0,4,37,480
0,3,45,480
0,-14,36,240
240,-1,35,240
240,7,30,1440
0,6,36,1440
0,2,36,1440
0,-15,39,240
240,-2,39,240
240,-2,37,240
240,-1,36,240
240,-2,35,240
240,-2,35,240
240,17,39,960
0,4,43,1440
0,3,46,1440
0,-31,35,240
480,21,42,240
240,-2,37,240
240,0,35,480
0,-2,36,240
240,-1,36,240
240,7,45,480
0,6,40,1440
0,2,45,1440
0,-15,39,240
240,-2,39,240
240,7,38,240
0,-9,37,240
240,7,34,240
0,-8,36,240
240,13,42,240
0,-15,36,240
240,17,37,240
0,-19,35,240
240,21,39,960
0,3,47,1440
0,-31,35,240
480,19,39,240
240,-1,36,240
240,9,42,11
0,-6,39,240
240,-2,34,240
240,12,45,960
0,-5,38,1440
0,-4,39,480
480,-12,43,240
240,6,39,240
240,13,38,478
0,-10,43,240
240,-2,39,240
240,8,37,480
0,4,45,960
0,-8,45,480
480,3,39,960
0,-19,41,240
240,7,36,240
240,14,39,480
0,10,47,480
0,-19,41,240
240,4,36,240
240,3,41,1438
0,4,41,1440
0,8,48,1440
0,-17,43,480
480,-19,39,240
240,7,35,240
240,5,39,240
240,7,36,240
240,9,31,1440
0,3,37,960
0,-7,39,240
240,-1,34,240
240,-1,34,240
240,-1,34,240
240,11,45,480
0,-10,41,240
240,-10,34,240
240,21,54,480
0,-28,37,480
480,23,49,480
0,-7,25,480
0,5,25,480
0,-9,21,480
0,-5,21,480
480,17,52,480
0,-8,22,480
0,-9,18,480
0,5,18,480
0,7,23,480
480,14,57,960
0,-33,34,480
480,16,20,480
0,8,25,480
0,-3,23,480
0,-14,18,480
0,5,18,480
480,19,52,480
0,-15,20,480
0,8,25,480
0,-17,15,480
0,5,15,480
0,7,18,480
480,12,52,480
0,-36,33,480
480,29,45,480
0,-7,23,480
0,4,27,480
0,-9,23,480
0,-5,23,480
480,19,45,480
0,-3,27,480
0,-6,22,480
0,-10,18,480
0,5,18,480
0,7,23,480
480,9,52,3360
0,-28,34,480
480,16,24,480
0,8,28,480
0,-3,24,480
0,-14,20,480
0,5,20,480
480,4,23,480
0,8,27,480
0,-17,17,480
0,5,17,480
0,7,22,480
480,-3,23,480
0,8,27,480
0,-17,12,480
0,5,15,480
0,7,22,480
480,0,20,480
0,5,24,480
0,-17,18,480
0,5,18,480
0,5,23,480
480,2,20,480
0,5,24,480
0,-17,12,480
0,5,15,480
0,4,21,480
480,3,20,480
0,5,24,480
0,-17,20,480
0,5,20,480
0,4,23,480
480,-2,20,480
0,5,24,480
0,-14,20,480
0,2,24,480
480,5,20,480
0,7,24,480
0,-15,20,480
0,3,24,480
480,5,20,480
0,7,24,480
0,-15,20,480
0,3,24,480
480,7,18,480
0,5,23,480
0,-14,20,480
0,2,24,480
480,5,18,480
0,7,23,480
0,-15,20,480
0,3,24,480
480,5,15,480
0,7,23,480
0,-15,20,480
0,3,24,480
480,7,15,480
0,5,24,480
0,-14,20,480
0,2,24,480
480,5,15,480
0,7,23,480
0,-15,20,480
0,3,24,480
480,22,54,480
0,-27,31,480
480,23,52,480
0,-8,26,480
0,5,26,480
0,-8,22,480
0,-5,22,480
480,17,54,480
0,-9,26,480
0,-8,17,480
0,5,17,480
0,7,22,480
480,13,59,960
0,-32,38,480
480,15,25,480
0,9,30,480
0,-4,24,480
0,-13,18,480
0,5,18,480
480,19,56,480
0,-16,21,480
0,9,25,480
0,-17,17,480
0,5,17,480
0,7,21,480
480,12,58,480
0,-36,33,480
480,29,49,480
0,-7,28,480
0,3,25,480
0,-6,21,480
0,-7,21,480
480,19,51,480
0,-3,27,480
0,-6,22,480
0,-10,16,480
0,7,16,480
0,5,21,480
480,10,57,480
0,-29,34,480
480,27,52,2880
0,-12,22,480
0,9,26,480
0,-4,25,480
0,-13,21,480
0,5,21,480
480,3,22,480
0,9,26,480
0,-17,18,480
0,5,18,480
0,7,23,480
480,-4,20,480
0,9,28,480
0,-17,16,480
0,5,16,480
0,7,25,480
480,0,24,480
0,5,29,480
0,-17,20,480
0,5,20,480
0,5,24,480
480,2,24,480
0,5,27,480
0,-17,20,480
0,5,20,480
0,3,24,480
480,4,22,480
0,5,27,480
0,-17,21,480
0,5,21,480
0,3,25,480
480,-1,23,480
0,5,27,480
0,-14,22,480
0,2,26,480
480,5,22,480
0,7,27,480
0,-16,22,480
0,4,26,480
480,5,22,480
0,7,27,480
0,-16,22,480
0,4,26,480
480,7,22,480
0,5,27,480
0,-14,22,480
0,2,24,480
480,5,22,480
0,7,27,480
0,-16,22,480
0,4,26,480
480,5,22,480
0,7,27,480
0,-16,22,480
0,4,26,480
480,7,22,480
0,5,27,480
0,-17,21,480
0,5,25,480
480,8,22,480
0,-5,22,480
0,9,27,480
0,-19,20,480
0,7,24,480
480,2,24,480
0,6,28,480
0,2,28,480
0,-24,20,480
480,31,39,480
0,-9,22,480
0,6,27,480
480,5,39,480
0,-11,22,480
0,6,27,480
0,-16,27,360
360,1,26,60
60,1,26,60
60,15,46,960
0,-12,25,480
0,5,30,480
0,-6,25,80
80,-2,21,80
80,2,24,80
80,-2,22,80
80,2,24,80
80,-2,21,80
80,3,21,480
0,5,25,480
0,-6,24,80
80,-2,21,80
80,2,24,80
80,-2,21,80
80,2,24,80
80,-2,21,80
80,12,39,480
0,-9,22,480
0,5,26,480
0,-6,24,120
120,-2,21,120
120,2,24,60
60,-2,20,60
60,-2,24,60
60,2,18,60
60,5,27,480
0,3,27,480
0,2,36,480
0,-8,32,480
480,15,39,480
0,-9,23,480
0,6,27,480
0,-28,25,480
480,33,39,480
0,-11,23,480
0,6,27,480
0,-16,27,360
360,1,26,60
60,1,26,60
60,15,46,960
0,-12,25,480
0,5,30,480
0,-6,25,80
80,-2,21,80
80,2,24,80
80,-2,22,80
80,2,24,80
80,-2,21,80
80,3,23,480
0,5,27,480
0,-6,24,80
80,-2,21,80
80,2,24,80
80,-2,21,80
80,2,24,80
80,-2,21,80
80,12,43,480
0,-9,23,480
0,5,27,480
0,-6,24,120
120,-2,21,120
120,2,24,60
60,-2,20,60
60,-2,24,60
60,2,18,60
60,5,27,480
0,3,27,480
0,2,31,480
0,-8,34,480
480,15,44,480
0,-9,29,480
0,6,35,480
0,-28,37,480
480,33,45,480
0,-11,31,480
0,6,37,480
0,-16,20,480
0,7,20,480
0,5,30,480
480,10,47,480
0,-12,33,480
0,6,40,480
0,-16,23,480
0,7,23,480
0,5,34,480
480,11,51,480
0,-12,36,480
0,5,45,480
0,-16,24,480
0,7,24,480
0,3,36,480
480,14,57,480
0,-12,42,480
0,4,47,480
0,-16,23,480
0,7,22,480
0,3,39,480
480,15,49,480
0,-12,43,480
0,3,43,480
0,-16,28,480
0,7,34,480
0,3,34,480
480,16,51,720
0,-12,44,720
0,2,45,720
0,-16,29,480
0,7,34,480
0,3,35,480
480,0,27,480
0,-10,23,480
0,7,24,480
240,18,49,240
0,-12,33,240
0,3,33,240
240,9,50,480
0,-12,34,480
0,3,35,480
0,-16,27,480
0,7,34,480
0,3,34,480
480,16,51,720
0,-12,44,720
0,2,44,720
0,-16,14,720
0,7,20,720
0,3,36,720
720,15,54,240
0,-12,37,240
0,-24,31,240
0,12,39,240
240,24,58,480
0,-12,49,480
0,-24,35,480
0,12,43,480
480,23,63,720
0,-12,52,720
0,-24,39,720
0,12,47,720
720,23,55,240
0,-12,46,240
0,-24,31,240
0,12,38,240
240,24,61,480
0,-12,51,480
0,-24,34,480
0,12,42,480
480,23,61,720
0,-12,52,720
0,-24,42,720
0,12,50,720
720,23,61,240
0,-12,49,240
0,-24,32,240
0,12,40,240
240,24,66,480
0,-12,55,480
0,-24,34,480
0,12,44,480
480,23,68,720
0,-12,56,720
0,-24,45,720
0,12,55,720
720,23,67,240
0,-12,55,240
0,-24,35,240
0,12,44,240
240,24,73,480
0,-12,59,480
0,-24,37,480
0,12,48,480
480,22,73,480
0,-12,61,480
0,-24,29,480
0,12,56,480
480,16,73,480
0,-24,42,480
0,12,49,480
480,5,47,90
0,12,56,90
0,-36,36,480
0,12,42,480
240,12,49,90
0,12,58,90
240,-12,54,90
0,12,64,90
0,-35,36,90
0,12,42,90
240,11,56,90
0,12,65,90
0,-34,36,90
0,12,45,90
240,10,61,480
0,12,72,480
0,-33,42,480
0,12,50,480
480,11,67,480
0,6,67,480
0,4,67,480
0,2,80,480
0,-33,50,390
0,12,59,390
390,0,37,480
30,7,37,450
30,2,37,30
30,12,56,240
0,6,56,240
0,4,56,240
0,2,68,240
0,-18,46,390
240,4,55,240
0,12,66,240
150,-29,37,570
30,7,37,540
30,3,37,510
30,9,56,240
0,5,56,240
0,4,56,240
0,3,68,240
0,-15,46,480
240,4,53,240
0,12,65,240
240,-24,49,90
0,12,59,90
0,-36,38,480
0,12,44,480
240,12,52,90
0,12,61,90
240,-12,57,90
0,12,67,90
0,-35,38,90
0,12,44,90
240,11,57,90
0,12,66,90
0,-34,35,90
0,12,43,90
240,10,64,480
0,12,75,480
0,-33,43,480
0,12,51,480
480,11,67,480
0,6,69,480
0,4,69,480
0,2,82,480
0,-33,53,390
0,12,63,390
390,1,39,480
30,6,39,450
30,2,39,30
30,12,59,240
0,6,59,240
0,4,59,240
0,2,72,240
0,-18,48,390
240,4,58,240
0,12,70,240
150,-29,39,570
30,7,39,540
30,3,39,510
30,9,59,240
0,5,59,240
0,4,59,240
0,3,72,240
0,-15,48,480
240,4,54,240
0,12,65,240
240,-24,47,90
0,12,56,90
0,-36,36,480
0,12,42,480
240,12,51,90
0,12,60,90
240,-12,54,90
0,12,64,90
0,-34,36,90
0,12,42,90
240,10,59,90
0,12,69,90
0,-33,37,90
0,12,45,90
240,9,68,480
0,12,79,480
0,-32,46,480
0,12,54,480
480,9,52,90
0,7,52,90
0,3,52,90
0,-12,52,90
0,14,63,90
0,-32,40,480
0,12,47,480
240,8,55,90
0,7,55,90
0,3,55,90
0,-12,55,90
0,14,66,90
240,-12,57,90
0,7,57,90
0,3,57,90
0,-12,57,90
0,14,67,90
0,-31,38,90
0,12,44,90
240,7,57,90
0,7,57,90
0,3,68,90
0,-12,57,90
0,14,68,90
0,-30,37,90
0,12,45,90
240,6,68,480
0,4,68,480
0,6,68,480
0,-12,68,480
0,14,81,480
0,-29,45,480
0,12,53,480
480,5,52,90
0,5,52,90
0,3,52,90
0,4,63,90
0,-28,40,480
0,12,47,480
240,4,55,90
0,5,55,90
0,3,55,90
0,4,66,90
240,-7,57,90
0,3,57,90
0,4,67,90
0,-26,38,90
0,12,44,90
240,7,56,90
0,3,56,90
0,4,67,90
0,-25,37,90
0,12,45,90
240,6,70,480
0,3,72,480
0,4,85,480
0,-24,47,480
0,12,56,480
480,0,66,480
0,5,66,480
0,7,78,480
0,-23,48,480
0,12,57,480
480,-3,66,480
0,7,66,480
0,5,78,480
0,-33,43,480
0,12,52,480
480,7,63,480
0,3,63,480
0,6,63,480
0,3,74,480
0,-30,43,480
0,12,52,480
480,10,52,240
0,3,52,240
0,4,61,240
0,-28,50,480
0,12,60,480
240,12,59,240
240,5,66,240
0,7,78,240
0,-24,48,480
0,9,57,480
240,8,75,240
240,4,69,240
0,8,82,240
0,-17,57,480
0,-7,48,480
240,16,75,240
240,3,65,240
0,9,76,240
0,-24,42,480
0,8,60,480
240,7,71,240
240,5,66,240
0,7,78,240
0,-24,40,480
0,9,57,480
240,8,75,240
240,4,69,240
0,8,82,240
0,-17,57,480
0,-7,40,480
240,16,75,240
240,3,69,480
0,-3,69,480
0,12,82,480
0,-24,48,480
0,8,57,480
480,7,66,480
0,-5,64,480
0,12,76,480
0,-21,46,480
0,6,51,480
480,8,73,480
0,-5,61,480
0,-7,61,480
0,-12,42,480
0,4,42,480
0,6,51,480
480,2,57,480
0,7,61,480
0,5,75,960
0,-24,46,960
0,4,46,480
0,6,52,480
480,19,68,480
0,-12,58,480
0,-24,38,480
0,16,47,480
480,3,56,480
0,-5,49,480
0,-7,40,0
0,-12,28,480
0,4,33,480
0,6,38,480
480,2,40,480
0,7,48,480
0,5,56,960
0,-24,31,960
0,4,34,480
0,6,42,480
480,19,56,480
0,-12,49,480
0,-24,32,480
0,16,38,480
480,15,55,480
0,-5,46,480
0,-7,38,480
0,-12,29,480
0,4,31,480
0,6,36,480
480,2,40,480
0,7,48,480
0,5,55,960
0,-24,30,960
0,4,34,480
0,6,38,480
480,19,56,480
0,-12,48,480
0,-24,32,480
0,16,38,480
480,3,52,480
0,12,52,480
480,-12,51,1440
0,12,56,1440
1440,-15,46,5760
0,12,53,5760
1440,-26,36,480
0,12,43,480
480,-14,30,480
0,12,37,480
480,-15,30,480
0,12,37,480
480,-9,36,480
0,12,43,480
480,-13,30,480
0,12,37,480
480,-16,30,480
0,12,37,480
480,-10,36,480
0,12,43,480
480,-14,30,480
0,12,37,480
480,-15,30,480
0,12,37,480
480,-11,32,480
0,12,39,480
480,-13,29,480
0,12,35,480
480,-16,29,480
0,12,35,480
480,9,52,90
0,12,63,90
0,-36,40,480
0,12,47,480
240,12,55,90
0,12,66,90
240,-12,57,90
0,12,67,90
0,-35,38,90
0,12,44,90
240,11,59,90
0,12,68,90
0,-34,38,90
0,12,47,90
240,10,69,480
0,12,80,480
0,-33,47,480
0,12,56,480
480,11,75,480
0,6,75,480
0,4,75,480
0,2,90,480
0,-33,56,480
0,12,67,480
480,21,63,240
0,6,63,240
0,4,63,240
0,2,76,240
0,-33,43,480
0,7,43,480
0,2,43,480
0,6,51,480
240,4,61,240
0,12,74,240
240,-10,63,240
0,5,63,240
0,4,63,240
0,3,76,240
0,-31,43,480
0,7,43,480
0,3,43,480
0,6,51,480
240,4,59,240
0,12,72,240
240,-24,52,90
0,12,63,90
0,-36,40,480
0,12,47,480
240,12,55,90
0,12,66,90
240,-12,57,90
0,12,67,90
0,-35,38,90
0,12,44,90
240,11,57,90
0,12,66,90
0,-34,35,90
0,12,43,90
240,10,68,480
0,12,79,480
0,-33,46,480
0,12,54,480
480,11,72,480
0,6,73,480
0,4,75,480
0,2,87,480
0,-33,56,480
0,12,67,480
480,21,63,240
0,6,63,240
0,4,63,240
0,2,76,240
0,-32,43,480
0,6,43,480
0,2,43,480
0,6,51,480
240,4,61,240
0,12,74,240
240,-10,63,240
0,5,63,240
0,4,63,240
0,3,76,240
0,-31,43,480
0,7,43,480
0,3,43,480
0,6,51,480
240,4,58,240
0,12,71,240
240,-24,47,90
0,12,56,90
0,-36,36,480
0,12,42,480
240,12,51,90
0,12,60,90
240,-12,54,90
0,12,64,90
0,-34,36,90
0,12,42,90
240,10,57,90
0,12,68,90
0,-33,37,90
0,12,45,90
240,9,68,480
0,12,80,480
0,-32,46,480
0,12,54,480
480,10,53,90
0,6,53,90
0,4,53,90
0,2,64,90
0,-33,40,480
0,12,47,480
240,9,56,90
0,6,56,90
0,4,56,90
0,2,67,90
240,-12,60,90
0,6,60,90
0,4,60,90
0,2,71,90
0,-32,40,90
0,12,47,90
240,8,60,90
0,6,60,90
0,4,72,90
0,2,72,90
0,-31,39,90
0,12,48,90
240,7,68,480
0,6,68,480
0,4,68,480
0,2,81,480
0,-30,45,480
0,12,53,480
480,7,54,90
0,3,54,90
0,6,54,90
0,3,66,90
0,-30,42,480
0,12,49,480
240,6,57,90
0,3,57,90
0,6,57,90
0,3,69,90
240,-12,63,90
0,3,63,90
0,9,74,90
0,-29,42,90
0,12,49,90
240,5,55,90
0,3,55,90
0,9,76,90
0,-28,40,90
0,12,50,90
240,10,73,480
0,-6,73,480
0,3,73,480
0,9,86,480
0,-27,49,480
0,12,58,480
480,7,69,480
0,2,69,480
0,3,69,480
0,7,81,480
0,-22,50,480
0,-6,50,480
0,12,59,480
480,2,69,480
0,5,69,480
0,7,81,480
0,-19,45,480
0,-8,45,480
0,12,54,480
480,-9,72,480
0,12,85,480
0,-36,49,480
0,12,59,480
480,23,61,240
0,-12,61,240
0,-24,50,480
0,12,60,480
240,24,59,240
240,5,66,240
0,7,78,240
0,-24,48,480
0,8,57,480
240,9,75,240
240,3,69,240
0,9,82,240
0,-17,57,480
0,-7,48,480
240,15,73,240
240,4,65,240
0,8,76,240
0,-24,42,480
0,9,60,480
240,7,71,240
240,5,66,240
0,7,78,240
0,-24,40,480
0,8,57,480
240,9,75,240
240,3,69,240
0,9,82,240
0,-17,57,480
0,-7,40,480
240,15,75,240
240,4,69,480
0,-4,69,480
0,12,82,480
0,-24,48,480
0,9,57,480
480,7,66,480
0,-5,66,480
0,12,78,480
0,-21,46,480
0,6,54,480
480,8,73,480
0,-5,61,480
0,-7,61,480
0,-12,42,480
0,4,42,480
0,6,51,480
480,2,61,480
0,7,61,480
0,5,75,960
0,-24,46,960
0,4,46,480
0,6,54,480
480,19,68,480
0,-12,58,480
0,-24,38,480
0,15,47,480
480,4,58,480
0,-5,48,480
0,-7,40,0
0,-12,28,480
0,4,33,480
0,6,38,480
480,2,42,480
0,7,50,480
0,5,58,960
0,-24,30,960
0,4,36,480
0,6,42,480
480,19,56,480
0,-12,49,480
0,-24,32,480
0,15,38,480
480,16,56,480
0,-5,46,480
0,-7,38,480
0,-12,26,480
0,4,31,480
0,6,36,480
480,2,40,480
0,7,48,480
0,5,56,960
0,-24,29,960
0,4,34,480
0,6,38,480
480,19,55,480
0,-12,46,480
0,-24,30,480
0,15,37,480
480,4,69,960
0,12,81,960
0,-36,57,960
0,12,69,960
960,13,64,240
0,12,75,240
0,-36,52,240
0,12,63,240
240,11,59,240
0,12,71,240
0,-36,48,240
0,12,57,240
240,7,63,240
0,12,73,240
0,-36,53,240
0,12,64,240
240,13,54,240
0,12,65,240
0,-36,47,240
0,12,55,240
240,9,58,1440
0,12,70,1440
0,-36,52,1440
0,12,63,1440
1440,20,84,480
0,12,84,480
0,-48,72,480
0,12,72,480
480,19,48,240
0,5,48,240
0,-8,38,240
240,3,49,240
0,5,49,240
0,-8,39,240
240,2,50,240
0,5,50,240
0,-8,40,240
240,4,51,240
0,5,51,240
0,-8,42,240
240,4,52,240
0,5,52,240
0,-8,43,240
240,4,53,240
0,5,53,240
0,-8,45,240
240,4,54,240
0,5,54,240
0,-8,46,240
240,4,55,240
0,5,55,240
0,-8,47,240
240,4,57,240
0,5,57,240
0,-8,49,240
240,4,59,240
0,5,59,240
0,-8,50,240
240,4,59,240
0,5,59,240
0,-8,51,240
240,4,60,240
0,5,60,240
0,-8,53,240
240,4,64,240
0,5,64,240
0,-8,55,240
240,4,65,240
0,5,65,240
0,-8,55,240
240,4,66,240
0,5,66,240
0,-8,55,240
240,4,67,240
0,5,67,240
0,-8,57,240
240,3,68,480
0,5,68,480
0,-8,58,480
480,4,73,480
0,5,73,480
0,-8,64,480
480,20,80,240
0,-5,80,240
0,-7,80,240
0,-8,74,240
0,-4,74,240
0,-5,74,240
0,-3,74,240
480,32,91,480
0,12,79,480
0,-60,79,480
0,12,79,480
480,7,48,240
0,5,48,240
0,-8,38,240
240,3,49,240
0,5,49,240
0,-8,39,240
240,2,50,240
0,5,50,240
0,-8,40,240
240,4,51,240
0,5,51,240
0,-8,42,240
240,4,52,240
0,5,52,240
0,-8,43,240
240,4,53,240
0,5,53,240
0,-8,45,240
240,4,54,240
0,5,54,240
0,-8,46,240
240,4,55,240
0,5,55,240
0,-8,47,240
240,4,57,240
0,5,57,240
0,-8,49,240
240,4,59,240
0,5,59,240
0,-8,50,240
240,4,59,240
0,5,59,240
0,-8,51,240
240,4,60,240
0,5,60,240
0,-8,53,240
240,4,64,240
0,5,64,240
0,-8,55,240
240,4,65,240
0,5,65,240
0,-8,55,240
240,4,66,240
0,5,66,240
0,-8,55,240
240,4,67,240
0,5,67,240
0,-8,57,240
240,3,68,480
0,5,68,480
0,-8,58,480
480,4,73,480
0,5,73,480
0,-8,64,480
480,20,80,240
0,-5,80,240
0,-7,80,240
0,-8,74,240
0,-4,74,240
0,-5,74,240
0,-3,74,240
480,32,91,480
0,12,85,480
0,-60,79,480
0,12,79,480
480,12,58,7
0,12,70,240
0,-20,50,240
0,3,59,240
240,5,58,240
0,12,70,240
0,-20,49,240
0,3,58,240
240,4,53,240
0,12,64,240
0,-20,46,240
0,3,54,240
240,6,53,240
0,12,64,240
0,-20,46,240
0,3,54,240
240,6,58,240
0,12,70,240
0,-20,49,240
0,3,58,240
240,6,53,240
0,12,64,240
0,-20,49,240
0,3,58,240
240,6,58,120
0,12,70,120
0,-20,49,120
0,3,58,120
240,5,54,120
0,12,65,120
0,-20,45,120
0,3,53,120
240,5,54,120
0,12,65,120
0,-20,45,120
0,3,53,120
240,5,54,120
0,12,65,120
0,-20,46,120
0,3,54,120
240,5,58,240
0,12,70,240
0,-20,49,240
0,3,58,240
240,4,54,240
0,12,65,240
0,-20,46,240
0,3,54,240
240,5,58,120
0,12,70,120
0,-20,49,120
0,3,58,120
240,5,54,120
0,12,65,120
0,-20,46,120
0,3,54,120
240,4,54,120
0,12,65,120
0,-20,46,120
0,3,54,120
240,6,54,120
0,12,65,120
0,-20,46,120
0,3,54,120
240,6,58,240
0,12,70,240
0,-20,49,240
0,3,58,240
240,6,53,240
0,12,63,240
0,-20,46,240
0,3,54,240
240,6,54,120
0,12,65,120
0,-20,49,120
0,3,58,120
240,5,56,120
0,12,67,120
0,-20,51,120
0,3,60,120
240,5,58,120
0,12,70,120
0,-20,53,120
0,3,63,120
240,5,60,120
0,12,72,120
0,-20,53,120
0,3,64,120
240,5,66,240
0,12,78,240
0,-20,56,240
0,3,67,240
240,4,60,240
0,12,72,240
0,-20,50,240
0,3,59,240
240,5,63,120
0,12,74,120
0,-20,50,120
0,3,59,120
240,5,65,120
0,12,76,120
0,-20,52,120
0,3,61,120
240,4,65,120
0,12,77,120
0,-20,53,120
0,3,64,120
240,6,68,120
0,12,80,120
0,-20,54,120
0,3,65,120
240,5,77,420
0,5,77,420
0,7,91,420
0,-21,56,480
0,6,67,480
0,-4,56,480
420,9,55,60
0,12,63,60
60,-14,73,240
0,5,73,240
0,7,86,240
0,-43,49,480
0,12,59,480
240,18,66,240
0,12,79,240
240,-11,73,240
0,5,73,240
0,7,88,240
0,-15,65,480
0,-4,54,480
0,-2,54,480
240,11,69,240
0,12,82,240
240,-9,76,480
0,-5,76,480
0,12,90,480
0,-16,67,480
0,-3,56,480
0,-2,56,480
0,-5,56,480
480,38,95,240
0,-12,79,240
0,-50,51,480
0,12,60,480
480,24,73,480
0,7,73,480
0,5,88,480
0,-14,61,480
0,-3,52,480
0,-3,52,480
0,-4,52,480
480,12,65,420
0,5,65,420
0,7,77,420
0,-21,54,480
0,6,63,480
0,-4,54,480
420,9,61,60
0,12,61,60
60,-14,70,240
0,5,70,240
0,7,82,240
0,-43,47,480
0,12,57,480
240,18,67,240
0,12,79,240
240,-11,70,240
0,5,70,240
0,7,84,240
0,-15,61,480
0,-4,51,480
0,-2,51,480
240,11,67,240
0,12,79,240
240,-9,76,480
0,-5,76,480
0,12,90,480
0,-16,67,480
0,-3,56,480
0,-2,56,480
0,-5,56,480
480,38,92,240
0,-12,79,240
0,-50,51,480
0,12,60,480
480,24,73,480
0,7,73,480
0,5,88,480
0,-14,61,480
0,-6,52,480
0,-4,52,480
480,12,77,10
0,5,77,420
0,7,91,420
0,-21,56,480
0,6,67,480
0,-4,56,480
420,9,55,60
0,12,63,60
60,-14,77,240
0,5,77,240
0,7,91,240
0,-43,50,480
0,12,59,480
240,18,69,240
0,12,82,240
240,-11,73,240
0,5,73,240
0,7,88,240
0,-15,60,480
0,-4,51,480
0,-2,51,480
240,11,69,240
0,12,82,240
240,-15,76,240
0,6,76,240
0,6,90,240
0,-21,56,480
0,6,67,480
240,3,74,240
240,3,71,240
0,9,84,240
0,-18,48,480
0,3,58,480
240,15,91,240
240,12,89,240
0,-9,74,240
0,-9,55,480
0,3,65,480
240,15,93,240
240,12,93,480
0,-9,77,480
0,-6,68,480
0,-3,56,480
480,-18,70,240
0,6,82,240
0,-3,70,240
0,-18,48,240
0,12,58,240
480,6,67,240
0,3,67,240
0,9,79,240
0,-54,48,240
0,12,57,240
480,29,70,240
0,5,70,240
0,7,82,240
0,-52,50,240
0,12,59,240
480,21,52,240
0,7,52,240
0,5,61,240
0,-33,34,240
0,12,40,240
480,14,56,240
0,3,56,240
0,6,66,240
0,3,66,240
0,-48,37,240
0,12,46,240
480,22,57,240
0,4,57,240
0,5,68,240
0,3,68,240
0,-44,40,240
0,12,49,240
480,20,50,240
0,4,60,240
0,-24,35,240
0,12,44,240
480,10,49,240
0,2,49,240
0,4,58,240
0,3,58,240
0,-43,35,240
0,12,43,240
480,20,46,240
0,4,46,240
0,5,55,240
0,-36,30,240
0,12,37,240
480,7,38,240
0,5,48,240
0,-21,25,240
0,12,31,240
480,14,50,240
0,-5,40,240
0,-4,40,240
0,-15,33,240
480,14,43,240
0,5,43,240
0,3,51,240
0,-20,38,240
480,12,45,240
480,7,45,240
0,-3,37,240
0,-6,37,240
0,-22,28,240
0,12,34,240
480,17,46,1920
0,12,46,1920
0,-36,30,480
0,12,36,480
480,-2,26,480
0,12,31,480
480,-15,26,480
0,12,31,480
480,-11,30,480
0,12,36,480
480,16,46,480
0,12,46,480
0,-41,26,480
0,12,31,480
480,41,46,480
0,-12,46,480
0,-45,26,480
0,12,31,480
480,21,46,1920
0,-12,46,1920
0,-19,30,480
0,12,36,480
480,-14,26,480
0,12,31,480
480,-15,31,480
0,12,31,480
480,-11,38,480
0,12,38,480
480,23,53,480
0,12,53,480
0,-48,38,480
0,12,38,480
480,48,59,480
0,-12,59,480
0,-52,40,480
0,12,40,480
480,9,52,90
0,12,63,90
0,-36,40,480
0,12,47,480
240,12,55,90
0,12,66,90
240,0,67,90
0,-12,57,90
0,-23,38,90
0,12,44,90
240,23,68,90
0,-12,59,90
0,-22,38,90
0,12,47,90
240,22,79,480
0,-12,66,480
0,-21,46,480
0,12,54,480
480,11,73,480
0,10,75,480
0,-4,71,480
0,6,88,480
0,-33,56,480
0,12,67,480
480,21,63,240
0,12,76,240
0,-2,63,240
0,-4,63,240
0,-27,43,480
0,7,43,480
0,2,43,480
0,6,51,480
240,4,61,240
0,12,74,240
240,-5,63,240
0,4,63,240
0,3,76,240
0,-12,63,240
0,-19,43,480
0,7,43,480
0,3,43,480
0,6,51,480
240,16,72,240
0,-12,59,240
240,0,63,90
0,-12,52,90
0,-24,40,480
0,12,47,480
240,12,55,90
0,12,66,90
240,-12,57,90
0,12,67,90
0,-35,38,90
0,12,44,90
240,23,66,90
0,-12,57,90
0,-22,35,90
0,12,43,90
240,22,79,480
0,-12,68,480
0,-21,46,480
0,12,54,480
480,11,72,480
0,6,73,480
0,4,75,480
0,2,87,480
0,-33,56,480
0,12,67,480
480,21,63,240
0,10,63,240
0,2,76,240
0,-6,63,240
0,-26,43,480
0,6,43,480
0,2,43,480
0,6,51,480
240,4,61,240
0,12,74,240
240,-10,63,240
0,9,63,240
0,3,76,240
0,-7,63,240
0,-24,43,480
0,7,43,480
0,3,43,480
0,6,51,480
240,16,72,240
0,-12,59,240
240,0,56,90
0,-12,47,90
0,-24,36,480
0,12,42,480
240,12,51,90
0,12,60,90
240,-12,54,90
0,12,64,90
0,-34,36,90
0,12,42,90
240,10,57,90
0,12,68,90
0,-33,37,90
0,12,45,90
240,21,82,480
0,-12,70,480
0,-20,47,480
0,12,56,480
480,16,52,90
0,4,52,90
0,2,63,90
0,-12,52,90
0,-21,40,480
0,12,47,480
240,9,55,90
0,10,55,90
0,-4,55,90
0,6,66,90
240,-6,60,90
0,-6,60,90
0,12,71,90
0,-2,60,90
0,-30,40,90
0,12,47,90
240,14,61,90
0,4,73,90
0,2,73,90
0,-12,61,90
0,-19,39,90
0,12,48,90
240,7,68,480
0,6,68,480
0,4,68,480
0,2,81,480
0,-30,45,480
0,12,53,480
480,7,53,90
0,3,53,90
0,9,64,90
0,-3,53,90
0,-27,42,480
0,12,50,480
240,9,56,90
0,-3,56,90
0,12,68,90
0,-3,56,90
240,-6,61,90
0,9,73,90
0,-12,61,90
0,-17,42,90
0,12,48,90
240,8,64,90
0,-3,64,90
0,12,75,90
0,-28,39,90
0,12,50,90
240,10,72,480
0,-3,72,480
0,9,84,480
0,-12,72,480
0,-15,48,480
0,12,57,480
480,9,78,480
0,-3,78,480
0,6,78,480
0,6,93,480
0,-39,53,480
0,12,65,480
480,27,80,240
0,3,80,240
0,3,80,240
0,9,94,240
0,-30,51,240
0,6,51,240
0,3,51,240
0,3,61,240
480,2,94,480
0,-12,78,480
0,4,78,480
0,-19,69,480
0,-12,57,480
480,26,74,480
0,5,74,480
0,7,88,480
0,-28,49,480
0,4,58,480
0,5,58,480
0,3,58,480
480,21,81,240
0,12,98,240
0,-57,54,240
0,12,65,240
480,21,71,480
0,-4,71,480
0,12,84,480
0,-27,50,480
0,7,50,480
0,5,59,480
480,15,81,240
0,12,98,240
0,-51,54,240
0,12,65,240
480,21,71,480
0,-2,66,480
0,-4,64,480
0,9,84,480
0,-15,50,480
0,-6,45,480
0,4,47,480
0,5,59,480
480,12,81,240
0,12,98,240
0,-45,54,240
0,12,65,240
480,16,71,480
0,-5,71,480
0,8,84,480
0,-15,50,480
0,-5,50,480
0,8,59,480
480,12,80,240
0,12,96,240
0,-44,54,240
0,12,65,240
480,17,71,480
0,-5,71,480
0,7,84,480
0,-14,50,480
0,-5,50,480
0,7,59,480
480,12,78,240
0,12,94,240
0,-43,54,240
0,12,65,240
480,16,67,480
0,-4,67,480
0,7,79,480
0,-12,47,480
0,-7,47,480
0,10,56,480
480,26,80,240
0,-5,67,240
0,-7,63,240
0,-12,40,240
0,4,46,240
0,6,55,240
480,2,63,480
0,7,67,480
0,5,82,480
0,-24,46,420
0,4,50,420
0,6,59,420
420,-17,42,540
30,7,44,510
30,29,74,480
0,-12,64,480
0,-9,51,480
480,4,46,240
0,-5,38,240
0,-7,29,0
0,-12,19,240
0,4,26,240
0,6,30,240
480,2,30,480
0,7,40,480
0,5,46,480
0,-24,21,420
0,4,28,420
0,6,33,420
420,-17,25,540
30,7,25,510
30,29,43,480
0,-12,37,480
0,-9,30,480
480,16,42,480
0,-5,31,480
0,-7,27,480
0,-12,17,480
0,4,21,480
0,6,25,480
480,2,35,480
0,12,46,480
0,-24,24,480
0,5,28,480
0,3,33,480
480,21,43,480
0,-12,34,480
0,-24,25,480
480,31,39,480
0,-5,29,480
0,-7,25,480
0,-12,17,480
0,4,20,480
0,6,23,480
480,2,32,480
0,12,43,480
0,-24,21,480
0,5,26,480
0,3,30,480
480,21,40,480
0,-12,31,480
0,-24,22,480
480,31,36,480
0,-5,27,480
0,-7,23,480
0,-12,15,480
0,4,18,480
0,6,21,480
480,2,29,480
0,12,39,480
0,-24,19,480
0,5,24,480
0,4,27,480
480,20,37,480
0,-12,29,480
0,-24,21,480
480,31,33,480
0,-5,26,480
0,-7,21,480
0,-12,14,480
0,4,17,480
0,6,20,480
480,2,27,480
0,12,37,480
0,-24,18,480
0,5,23,480
0,4,26,480
480,20,35,480
0,-12,27,480
0,-24,19,480
480,31,32,480
0,-5,24,480
0,-7,20,480
0,-12,13,480
0,4,16,480
0,6,19,480
480,2,27,480
0,12,35,480
0,-24,17,480
0,5,21,480
0,4,25,480
480,20,33,480
0,-12,27,480
0,-24,18,480
480,31,30,480
0,-5,23,480
0,-7,19,480
0,-12,13,480
0,4,15,480
0,6,17,480
480,2,25,480
0,12,33,480
0,-24,16,480
0,5,20,480
0,4,24,480
480,20,31,480
0,-12,25,480
0,-24,17,480
480,19,19,480
0,7,23,480
0,5,30,480
0,-24,13,480
0,4,15,480
0,6,17,480
480,11,51,480
0,-28,32,480
480,23,42,480
0,-7,23,480
0,5,20,480
0,-9,17,480
0,-5,17,480
480,17,46,480
0,-8,23,480
0,-9,14,480
0,5,14,480
0,7,17,480
480,14,51,960
0,-26,16,480
0,5,16,480
0,7,20,480
480,-3,17,480
0,8,22,480
0,-3,16,480
0,-14,10,480
0,5,14,480
480,19,47,480
0,-15,17,480
0,8,22,480
0,-17,12,480
0,5,12,480
0,7,15,480
480,12,47,480
0,-24,16,480
0,5,16,480
0,7,20,480
480,5,38,480
0,-7,20,480
0,4,19,480
0,-9,16,480
0,-5,16,480
480,19,38,480
0,-3,23,480
0,-6,19,480
0,-10,13,480
0,5,13,480
0,7,16,480
480,9,49,3360
0,-21,16,480
0,5,16,480
0,7,20,480
480,-3,20,480
0,8,24,480
0,-3,19,480
0,-14,16,480
0,5,16,480
480,4,20,480
0,8,24,480
0,-17,13,480
0,5,13,480
0,7,16,480
480,-3,19,480
0,8,23,480
0,-17,16,480
0,5,16,480
0,7,19,480
480,0,18,480
0,5,22,480
0,-17,14,480
0,5,14,480
0,5,17,480
480,2,18,480
0,5,22,480
0,-17,15,480
0,5,15,480
0,4,18,480
480,3,19,480
0,5,23,480
0,-17,15,480
0,5,15,480
0,4,18,480
480,-2,18,480
0,5,22,480
0,-14,17,480
0,2,21,480
480,5,18,480
0,7,22,480
0,-15,17,480
0,3,21,480
480,5,19,480
0,7,23,480
0,-15,17,480
0,3,21,480
480,7,18,480
0,5,22,480
0,-14,17,480
0,2,21,480
480,5,18,480
0,7,22,480
0,-15,17,480
0,3,21,480
480,5,19,480
0,7,23,480
0,-15,16,480
0,3,20,480
480,7,18,480
0,5,22,480
0,-14,16,480
0,2,20,480
480,5,19,480
0,7,23,480
0,-15,15,960
0,3,18,960
480,5,19,480
0,7,23,480
480,-29,17,480
0,12,20,480
480,-14,17,480
0,12,20,480
480,-12,17,480
0,12,20,480
480,-10,17,480
0,12,20,480
480,-14,17,480
0,12,20,480
480,12,23,6240
0,7,23,6240
0,5,23,6240
0,4,23,6240
1440,-45,16,120
0,12,20,120
1440,-7,16,120