960,72,61,480
480,-7,50,240
0,9,73,120
0,-17,38,120
0,-9,31,240
120,24,52,240
0,-19,35,120
120,24,64,120
0,-36,31,120
240,19,46,240
0,7,67,120
0,-10,36,120
0,-9,29,240
120,17,47,240
0,-12,33,120
120,19,63,120
0,-31,29,120
240,24,48,240
0,9,69,120
0,-17,36,120
0,-9,29,240
120,24,49,240
0,-19,33,120
120,24,63,120
0,-36,28,120
240,26,50,240
0,7,73,120
0,-16,38,120
0,-10,31,240
120,24,51,240
0,-20,35,120
120,27,61,120
0,-38,30,120
240,19,44,240
0,9,64,120
0,-11,32,120
0,-10,29,240
120,19,47,240
0,-15,33,120
120,20,59,120
0,-31,28,120
240,26,48,240
0,7,69,120
0,-16,36,120
0,-10,29,240
120,24,52,240
0,-20,33,120
120,27,66,120
0,-38,28,120
240,28,52,240
0,5,76,120
0,-17,39,120
0,-9,32,240
120,24,53,240
0,-19,36,120
120,28,65,120
0,-40,32,120
240,24,49,240
0,9,71,120
0,-17,37,120
0,-7,30,240
120,22,49,240
0,-19,34,120
120,24,63,120
0,-36,29,120
240,33,50,240
0,7,72,120
0,-22,37,120
0,-9,30,240
120,29,54,240
0,-26,34,120
120,33,66,120
0,-43,30,120
240,24,52,240
0,7,76,120
0,-10,40,120
0,-9,33,240
120,17,57,240
0,-14,37,120
120,21,66,120
0,-31,32,120
240,24,51,240
0,9,72,120
0,-11,38,120
0,-10,31,240
120,19,51,240
0,-15,35,120
120,20,64,120
0,-29,28,120
240,29,51,240
0,9,75,120
0,-17,38,120
0,-9,31,240
120,24,53,240
0,-21,35,120
120,26,69,120
0,-36,30,120
240,5,50,240
0,9,73,120
0,-17,38,120
0,-9,31,240
120,24,51,240
0,-19,35,120
120,24,69,120
0,-36,31,120
240,19,46,240
0,7,67,120
0,-10,36,120
0,-9,29,240
120,17,47,240
0,-12,33,120
120,19,65,120
0,-31,29,120
240,24,48,240
0,9,69,120
0,-17,36,120
0,-9,29,240
120,24,53,240
0,-19,33,120
120,24,67,120
0,-36,28,120
240,26,50,240
0,7,73,120
0,-16,38,120
0,-10,31,240
120,24,51,240
0,-20,35,120
120,27,65,120
0,-38,30,120
240,19,40,240
0,9,64,120
0,-11,32,120
0,-10,29,240
120,19,47,240
0,-15,33,120
120,20,63,120
0,-31,28,120
240,26,48,240
0,7,69,120
0,-16,36,120
0,-10,29,240
120,24,49,240
0,-20,33,120
120,27,66,120
0,-38,28,120
240,28,52,240
0,5,76,120
0,-17,39,120
0,-9,32,240
120,24,53,240
0,-19,36,120
120,28,70,120
0,-40,32,120
240,28,49,240
0,7,71,120
0,-17,37,120
0,-9,30,240
120,24,49,240
0,-21,34,120
120,28,66,120
0,-38,29,120
240,24,50,240
0,7,72,120
0,-10,37,120
0,-9,30,240
120,17,53,240
0,-14,34,120
120,21,65,120
0,-31,30,120
240,17,54,240
0,9,80,120
0,-17,40,120
0,-9,33,240
120,24,57,240
0,-19,37,120
120,24,71,120
0,-36,32,120
240,36,51,240
0,9,72,120
0,-17,38,120
0,-9,31,240
120,24,51,240
0,-19,35,120
120,24,65,120
0,-36,28,120
240,36,51,240
0,9,75,120
0,-17,38,120
0,-9,31,240
120,24,58,240
0,-19,35,120
120,24,71,120
0,-36,30,120
240,0,50,240
0,9,73,60
0,-17,38,120
0,-9,31,240
60,24,58,60
60,2,63,60
0,-21,35,120
60,19,52,180
60,5,67,120
0,-36,31,120
240,19,46,240
0,7,67,60
0,-10,36,120
0,-9,29,240
60,17,53,60
60,2,57,60
0,-14,33,120
60,12,47,180
60,7,66,120
0,-31,29,120
240,24,48,240
0,9,69,60
0,-17,36,120
0,-9,29,240
60,24,55,60
60,2,59,60
0,-21,33,120
60,19,49,180
60,5,66,120
0,-36,28,120
240,26,50,240
0,7,73,60
0,-16,38,120
0,-10,31,240
60,24,57,60
60,2,63,60
0,-22,35,120
60,20,51,180
60,7,66,120
0,-38,30,120
240,19,40,240
0,9,64,60
0,-11,32,120
0,-10,29,240
60,19,53,60
60,2,57,60
0,-17,33,120
60,15,57,180
60,5,64,120
0,-31,28,120
240,26,48,240
0,7,69,60
0,-16,36,120
0,-10,29,240
60,24,59,60
60,2,61,60
0,-22,33,120
60,20,52,180
60,7,65,120
0,-38,28,120
240,28,52,240
0,5,76,60
0,-17,39,120
0,-9,32,240
60,24,57,60
60,2,64,60
0,-21,36,120
60,19,53,180
60,9,66,120
0,-40,32,120
240,24,49,240
0,9,71,60
0,-17,37,120
0,-7,30,240
60,22,57,60
60,2,63,60
0,-21,34,120
60,19,49,180
60,5,67,120
0,-36,29,120
240,33,50,240
0,7,72,60
0,-22,37,120
0,-9,30,240
60,29,58,60
60,2,64,60
0,-28,34,120
60,26,54,180
60,7,71,120
0,-43,30,120
240,24,52,240
0,7,76,60
0,-10,40,120
0,-9,33,240
60,17,57,60
60,2,65,60
0,-16,37,120
60,14,57,180
60,7,70,120
0,-31,32,120
240,24,51,240
0,9,72,60
0,-11,38,120
0,-10,31,240
60,19,55,60
60,2,61,60
0,-17,35,120
60,15,51,180
60,5,64,120
0,-29,28,120
240,29,51,240
0,9,75,60
0,-17,38,120
0,-9,31,240
60,24,59,60
60,2,63,60
0,-23,35,120
60,21,53,180
60,5,72,120
0,-36,30,120
240,5,50,240
0,9,73,60
0,-17,38,120
0,-9,31,240
60,24,53,60
60,2,61,60
0,-21,35,120
60,19,51,180
60,5,69,120
0,-36,31,120
240,19,46,240
0,7,67,60
0,-10,36,120
0,-9,29,240
60,17,51,60
60,2,59,60
0,-14,33,120
60,12,47,180
60,7,65,120
0,-31,29,120
240,24,48,240
0,9,69,60
0,-17,36,120
0,-9,29,240
60,24,54,60
60,2,61,60
0,-21,33,120
60,19,53,180
60,5,67,120
0,-36,28,120
240,26,50,240
0,7,73,60
0,-16,38,120
0,-10,31,240
60,24,58,60
60,2,65,60
0,-22,35,120
60,20,51,180
60,7,65,120
0,-38,30,120
240,19,40,240
0,9,64,60
0,-11,32,120
0,-10,29,240
60,19,51,60
60,2,57,60
0,-17,33,120
60,15,47,180
60,5,63,120
0,-31,28,120
240,26,48,240
0,7,69,60
0,-16,36,120
0,-10,29,240
60,24,54,60
60,2,61,60
0,-22,33,120
60,20,49,180
60,7,66,120
0,-38,28,120
240,28,52,240
0,5,76,60
0,-17,39,120
0,-9,32,240
60,24,59,60
60,2,67,60
0,-21,36,120
60,19,53,180
60,9,70,120
0,-40,32,120
240,28,49,240
0,7,71,60
0,-17,37,120
0,-9,30,240
60,24,58,60
60,2,65,60
0,-23,34,120
60,21,49,180
60,7,66,120
0,-38,29,120
240,24,50,240
0,7,72,60
0,-16,37,120
0,-10,30,240
60,24,58,60
60,2,64,60
0,-22,34,120
60,20,53,180
60,7,65,120
0,-43,30,120
240,29,54,240
0,9,80,60
0,-17,40,120
0,-9,33,240
60,24,59,60
60,2,66,60
0,-21,37,120
60,19,57,180
60,5,71,120
0,-36,32,120
240,36,51,240
0,9,72,60
0,-17,38,120
0,-9,31,240
60,24,55,60
60,2,61,60
0,-21,35,120
60,19,51,180
60,5,65,120
0,-36,28,120
240,36,51,240
0,9,75,60
0,-17,38,120
0,-9,31,240
60,24,60,60
60,2,66,60
0,-21,35,120
60,19,58,180
60,5,71,120
0,-36,30,120
240,2,39,240
0,7,58,120
0,-10,30,120
0,-9,25,240
120,17,47,360
0,-12,31,120
120,19,65,240
0,-31,31,240
240,19,37,240
0,7,56,120
0,-11,29,120
0,-8,24,240
120,17,44,360
0,-12,30,120
120,19,66,240
0,-31,30,240
240,21,38,240
0,5,58,120
0,-9,31,120
0,-5,25,240
120,12,47,360
0,-9,32,120
120,18,70,240
0,-28,31,240
240,12,42,240
0,7,61,120
0,-9,31,120
0,-10,26,240
120,17,47,360
0,-12,32,120
120,24,64,240
0,-36,31,240
240,19,34,240
0,7,52,120
0,-10,29,120
0,-9,23,240
120,17,44,360
0,-12,30,120
120,19,59,240
0,-31,29,240
240,19,32,240
0,7,50,120
0,-10,29,120
0,-9,24,240
120,17,44,360
0,-12,30,120
120,19,59,240
0,-31,29,240
240,19,38,240
0,7,56,120
0,-11,30,120
0,-8,24,240
120,17,47,360
0,-12,31,120
120,19,65,240
0,-31,31,240
240,19,37,240
0,7,56,120
0,-11,29,120
0,-8,24,240
120,17,44,360
0,-12,30,120
120,19,66,240
0,-31,30,240
240,21,38,240
0,5,58,120
0,-11,31,120
0,-10,25,240
120,19,47,360
0,-12,32,120
120,21,70,240
0,-40,31,240
240,24,42,240
0,7,61,120
0,-9,31,120
0,-10,26,240
120,17,47,360
0,-12,32,120
120,24,64,240
0,-36,31,240
240,19,34,240
0,7,52,120
0,-10,29,120
0,-9,23,240
120,17,44,360
0,-12,30,120
120,19,59,240
0,-31,29,240
240,19,32,240
0,7,50,120
0,-10,29,120
0,-9,24,240
120,17,44,360
0,-12,30,120
120,19,59,240
0,-31,29,240
240,19,38,240
0,7,56,120
0,-10,30,120
0,-9,24,240
120,17,47,360
0,-12,31,120
120,19,65,240
0,-32,31,240
240,20,37,240
0,7,56,120
0,-10,29,120
0,-9,24,240
120,17,44,360
0,-12,30,120
120,19,66,240
0,-32,30,240
240,20,40,240
0,7,59,120
0,-10,31,120
0,-9,25,240
120,17,47,360
0,-12,32,120
120,21,68,240
0,-34,31,240
240,20,33,240
0,5,58,120
0,-8,27,120
0,-10,23,240
120,17,46,360
0,-12,31,120
120,20,61,240
0,-32,30,240
240,19,30,240
0,6,52,120
0,-9,29,120
0,-9,23,240
120,17,44,360
0,-12,30,120
120,19,59,240
0,-31,29,240
240,19,27,240
0,6,50,120
0,-9,29,120
0,-9,24,240
120,17,44,360
0,-12,30,120
120,19,59,240
0,-31,29,240
240,20,28,240
0,7,48,120
0,-10,25,120
0,-9,18,240
120,17,38,360
0,-12,26,120
120,19,55,240
0,-32,26,240
240,32,34,240
0,7,52,120
0,-10,28,120
0,-9,22,240
120,17,42,360
0,-12,29,120
120,19,64,240
0,-32,28,240
240,20,38,240
0,7,58,120
0,-10,29,120
0,-9,23,240
120,17,45,360
0,-12,30,120
120,21,66,240
0,-34,29,240
240,20,37,240
0,5,56,120
0,-8,28,120
0,-10,23,240
120,17,44,360
0,-12,29,120
120,20,58,240
0,-32,28,240
240,19,33,240
0,6,50,120
0,-9,28,120
0,-9,21,240
120,17,42,360
0,-12,29,120
120,19,57,240
0,-31,27,240
240,19,29,240
0,6,49,120
0,-9,28,120
0,-9,22,240
120,17,42,360
0,-12,29,120
120,19,57,240
0,-31,27,240
240,19,34,240
0,5,50,120
0,-8,27,120
0,-9,19,240
120,16,42,360
0,-12,28,120
120,20,59,240
0,-32,27,240
240,8,30,240
0,5,47,120
0,-8,25,120
0,-9,18,240
120,16,36,360
0,-12,26,120
120,20,57,240
0,-32,25,240
240,22,33,7
0,3,51,120
0,-6,26,120
0,-11,19,240
120,16,38,360
0,-12,27,120
120,22,59,240
0,-34,26,240
240,20,33,240
0,5,50,120
0,-8,25,120
0,-10,19,240
120,17,37,360
0,-12,26,120
120,20,51,240
0,-32,25,240
240,19,29,240
0,6,46,120
0,-9,25,120
0,-9,18,240
120,17,36,360
0,-12,26,120
120,19,51,240
0,-31,24,240
240,19,27,240
0,6,43,120
0,-9,25,120
0,-9,18,240
120,17,36,360
0,-12,26,120
120,19,51,240
0,-31,24,240
240,17,37,240
0,8,56,120
0,-12,29,120
0,-5,23,240
120,16,47,360
0,-12,30,120
120,17,65,240
0,-29,30,240
240,17,36,240
0,8,56,120
0,-12,29,120
0,-5,23,240
120,16,44,360
0,-12,31,120
120,17,67,240
0,-29,29,240
240,19,38,240
0,6,60,120
0,-12,31,120
0,-3,25,240
120,14,47,360
0,-12,32,120
120,19,72,240
0,-31,31,240
240,17,40,240
0,8,61,120
0,-12,31,120
0,-5,25,240
120,16,47,360
0,-12,32,120
120,17,63,240
0,-29,29,240
240,16,35,240
0,9,54,120
0,-12,29,120
0,-6,22,240
120,17,44,360
0,-12,30,120
120,16,59,240
0,-28,28,240
240,16,31,240
0,10,50,120
0,-14,29,120
0,-5,23,240
120,17,43,360
0,-14,30,120
120,18,59,240
0,-28,27,240
240,17,48,240
0,9,72,120
0,-17,42,120
120,15,57,360
0,-24,38,120
120,29,78,240
0,-36,34,240
240,19,45,240
0,7,66,120
0,-10,39,120
120,8,51,360
0,-17,36,120
120,24,74,240
0,-31,31,240
240,24,46,240
0,9,67,120
0,-17,39,120
120,15,53,360
0,-24,36,120
120,29,78,240
0,-36,30,240
240,26,48,240
0,7,72,120
0,-16,42,120
120,14,55,360
0,-24,38,120
120,31,81,240
0,-38,32,240
240,19,47,240
0,9,66,120
0,-11,40,120
120,9,53,360
0,-19,37,120
120,24,75,240
0,-31,31,240
240,26,46,240
0,7,67,120
0,-16,39,120
120,14,57,360
0,-24,36,120
120,31,76,240
0,-38,30,240
240,28,51,240
0,5,75,120
0,-17,43,120
120,15,58,360
0,-24,39,120
120,33,78,240
0,-40,35,240
240,24,47,240
0,9,69,120
0,-17,40,120
120,15,53,360
0,-24,37,120
120,29,76,240
0,-36,31,240
240,33,48,240
0,7,70,120
0,-22,40,120
120,20,59,360
0,-26,37,120
120,33,76,240
0,-43,32,240
240,24,51,240
0,7,75,120
0,-10,44,120
0,-9,36,240
120,17,63,360
0,-14,40,120
120,21,81,240
0,-31,35,240
240,24,49,240
0,9,70,120
0,-11,42,120
0,-10,34,240
120,19,55,360
0,-15,38,120
120,20,76,240
0,-29,30,240
240,29,49,240
0,9,74,120
0,-17,42,120
0,-9,34,240
120,24,58,360
0,-21,38,120
120,26,82,210
0,-36,32,210
240,5,48,240
0,9,72,120
0,-17,42,120
120,15,57,360
0,-24,38,120
120,29,78,240
0,-36,34,240
240,19,45,240
0,7,66,120
0,-10,39,120
120,8,46,360
0,-17,36,120
120,24,74,240
0,-31,31,240
240,24,46,240
0,9,67,120
0,-17,39,120
120,15,53,360
0,-24,36,120
120,29,78,240
0,-36,30,240
240,26,48,240
0,7,72,120
0,-16,42,120
120,14,55,360
0,-24,38,120
120,31,81,240
0,-38,32,240
240,19,47,240
0,9,66,120
0,-11,40,120
120,9,53,360
0,-19,37,120
120,24,75,240
0,-31,31,240
240,26,46,240
0,7,67,120
0,-16,39,120
120,14,57,360
0,-24,36,120
120,31,76,240
0,-38,30,240
240,28,51,240
0,5,75,120
0,-17,43,120
120,15,58,360
0,-24,39,120
120,33,78,240
0,-40,35,240
240,28,47,240
0,7,69,120
0,-17,40,120
120,15,53,360
0,-21,37,120
120,28,76,240
0,-38,31,240
240,24,48,240
0,7,70,120
0,-10,40,120
120,8,59,360
0,-14,37,120
120,21,76,240
0,-31,32,240
240,17,51,240
0,9,75,120
0,-17,44,120
120,15,63,360
0,-24,40,120
120,29,81,240
0,-36,35,240
240,36,49,240
0,9,70,120
0,-17,42,120
120,15,55,360
0,-24,38,120
120,29,76,240
0,-36,30,240
240,36,49,240
0,9,74,120
0,-17,42,120
120,15,58,360
0,-24,38,120
120,29,82,210
0,-36,32,210
240,2,44,240
0,7,65,120
0,-10,33,120
120,8,51,360
0,-17,34,120
120,24,71,240
0,-31,31,240
240,19,40,240
0,7,59,120
0,-11,32,120
120,9,48,360
0,-17,33,120
120,24,70,240
0,-31,29,240
240,21,44,240
0,5,65,120
0,-11,33,120
120,9,51,360
0,-19,34,120
120,28,76,240
0,-33,29,240
240,22,46,8
0,5,68,120
0,-12,35,120
120,11,52,360
0,-21,36,120
120,29,76,240
0,-36,29,240
240,19,39,240
0,7,56,120
0,-10,31,120
120,8,46,360
0,-17,32,120
120,24,63,240
0,-31,26,240
240,19,39,240
0,7,59,120
0,-10,30,120
120,8,49,360
0,-17,31,120
120,24,66,240
0,-31,25,240
240,19,44,240
0,7,65,120
0,-11,33,120
120,9,51,360
0,-17,34,120
120,24,71,240
0,-31,31,240
240,19,40,240
0,7,59,120
0,-11,32,120
120,9,48,360
0,-17,33,120
120,24,70,240
0,-31,29,240
240,21,44,240
0,5,65,120
0,-11,33,120
120,9,51,360
0,-19,34,120
120,28,76,240
0,-33,29,240
240,22,46,240
0,5,68,120
0,-12,35,120
120,11,52,360
0,-21,36,120
120,29,76,240
0,-36,29,240
240,19,39,240
0,7,56,8
0,-10,31,120
120,8,46,360
0,-17,32,120
120,24,63,240
0,-31,26,240
240,19,39,240
0,7,59,6
0,-10,30,120
120,8,49,360
0,-17,31,120
120,24,66,240
0,-31,25,240
240,19,40,240
0,5,60,120
0,-8,31,120
120,7,48,360
0,-16,32,120
120,24,67,240
0,-32,29,240
240,32,37,240
0,5,56,120
0,-17,24,240
0,9,30,120
120,7,45,360
0,-12,31,120
120,20,66,240
0,-32,27,240
240,22,40,240
0,3,60,120
0,-17,24,240
0,11,31,120
120,5,48,360
0,-12,32,120
120,22,70,240
0,-34,27,240
240,20,46,240
0,5,68,120
0,-18,24,240
0,10,35,120
120,7,52,360
0,-12,36,120
120,20,72,240
0,-32,29,240
240,19,39,240
0,6,52,120
0,-18,24,240
0,9,31,120
120,8,46,360
0,-12,32,120
120,19,63,240
0,-31,26,240
240,19,39,240
0,6,55,120
0,-18,24,240
0,9,30,120
120,8,49,360
0,-12,31,120
120,19,66,240
0,-31,25,240
240,20,34,240
0,5,51,120
0,-17,19,240
0,9,26,120
120,7,40,360
0,-12,27,120
120,20,55,240
0,-32,25,240
240,32,36,240
0,5,53,120
0,-17,23,240
0,9,29,120
120,7,37,360
0,-12,26,120
120,20,54,240
0,-32,23,240
240,22,38,240
0,3,57,120
0,-17,23,240
0,11,29,120
120,5,40,360
0,-12,27,120
120,22,60,240
0,-34,23,240
240,20,43,240
0,5,64,120
0,-18,23,240
0,10,33,120
120,7,44,360
0,-12,30,120
120,20,64,240
0,-32,25,240
240,19,37,240
0,6,53,120
0,-18,23,240
0,9,29,120
120,8,38,360
0,-12,27,120
120,19,53,240
0,-31,22,240
240,19,37,240
0,6,55,120
0,-18,23,240
0,9,29,120
120,8,40,360
0,-12,26,120
120,19,54,240
0,-31,21,240
240,19,38,240
0,5,57,120
0,-17,23,240
0,9,29,120
120,7,40,360
0,-12,27,120
120,20,55,240
0,-32,25,240
240,8,35,240
0,5,52,120
0,-17,22,240
0,9,28,120
120,7,36,360
0,-12,25,120
120,20,53,240
0,-32,22,240
240,22,37,240
0,3,55,120
0,-17,22,240
0,11,28,120
120,5,39,360
0,-12,26,120
120,22,58,240
0,-34,22,240
240,20,40,240
0,5,61,120
0,-18,22,240
0,10,32,120
120,7,42,360
0,-12,28,120
120,20,60,240
0,-32,24,240
240,19,35,240
0,6,50,120
0,-18,21,240
0,9,27,11
120,8,36,360
0,-12,25,120
120,19,50,240
0,-31,19,240
240,19,35,240
0,6,52,120
0,-18,21,240
0,9,27,10
120,8,37,360
0,-12,24,120
120,19,51,240
0,-31,18,240
240,17,35,240
0,9,52,120
0,-19,21,240
0,7,27,120
120,10,37,360
0,-12,25,120
120,17,51,240
0,-29,23,240
240,17,32,240
0,9,49,120
0,-19,21,240
0,7,26,120
120,10,34,360
0,-12,23,120
120,17,49,240
0,-29,21,240
240,19,34,240
0,7,51,120
0,-19,19,240
0,9,26,14
120,8,36,360
0,-12,24,120
120,19,53,240
0,-31,19,240
240,17,37,240
0,9,55,120
0,-19,19,240
0,7,29,120
120,10,38,360
0,-12,26,120
120,17,55,240
0,-29,22,240
240,16,32,10
0,10,47,120
0,-19,19,240
0,7,25,120
120,10,32,360
0,-12,23,120
120,16,46,240
0,-28,18,240
240,16,31,9
0,10,48,120
0,-19,19,240
0,5,25,120
120,12,34,360
0,-14,22,120
120,18,47,210
0,-28,17,210
240,17,59,240
0,9,87,120
0,-17,46,120
0,-9,37,240
120,24,63,120
0,-19,42,120
120,24,76,60
0,-36,37,60
240,19,54,240
0,7,80,120
0,-10,44,120
0,-9,34,240
120,17,55,120
0,-12,39,120
120,19,75,60
0,-31,34,60
240,24,57,240
0,9,82,120
0,-17,44,120
0,-9,34,240
120,24,58,120
0,-19,39,120
120,24,75,60
0,-36,33,60
240,26,59,240
0,7,87,120
0,-16,46,120
0,-10,37,240
120,24,61,120
0,-20,42,120
120,27,73,60
0,-38,35,60
240,19,54,240
0,9,76,120
0,-11,44,120
0,-10,34,240
120,19,55,120
0,-15,39,120
120,20,71,60
0,-31,33,60
240,26,57,240
0,7,82,120
0,-16,44,120
0,-10,34,240
120,24,63,120
0,-20,39,120
120,27,78,60
0,-38,33,60
240,28,63,240
0,5,92,120
0,-17,47,120
0,-9,38,240
120,24,64,120
0,-19,44,120
120,28,77,60
0,-40,38,60
240,24,58,240
0,9,85,120
0,-17,45,120
0,-7,35,240
120,22,58,120
0,-19,40,120
120,24,75,60
0,-36,34,60
240,33,59,240
0,7,86,120
0,-22,45,120
0,-9,35,240
120,29,65,120
0,-26,40,120
120,33,78,60
0,-43,35,60
240,24,63,240
0,7,92,120
0,-10,48,120
0,-9,39,240
120,17,69,180
0,-14,45,120
120,21,78,60
0,-31,38,60
240,24,61,240
0,9,86,120
0,-11,46,120
0,-10,37,240
120,19,61,120
0,-15,42,120
120,20,76,60
0,-29,33,60
240,29,61,240
0,9,90,120
0,-17,46,120
0,-9,37,240
120,24,64,120
0,-21,42,120
120,26,82,60
0,-36,35,60
240,5,59,240
0,9,87,120
0,-17,46,120
0,-9,37,240
120,24,61,120
0,-19,42,120
120,24,82,60
0,-36,37,60
240,19,54,240
0,7,80,120
0,-10,44,120
0,-9,34,240
120,17,55,120
0,-12,39,120
120,19,77,60
0,-31,34,60
240,24,57,240
0,9,82,120
0,-17,44,120
0,-9,34,240
120,24,64,120
0,-19,39,120
120,24,80,60
0,-36,33,60
240,26,59,240
0,7,87,120
0,-16,46,120
0,-10,37,240
120,24,61,120
0,-20,42,120
120,27,77,60
0,-38,35,60
240,19,54,240
0,9,76,120
0,-11,44,120
0,-10,34,240
120,19,55,120
0,-15,39,120
120,20,75,60
0,-31,33,60
240,26,57,240
0,7,82,120
0,-16,44,120
0,-10,34,240
120,24,58,120
0,-20,39,120
120,27,78,60
0,-38,33,60
240,28,63,240
0,5,92,120
0,-17,47,120
0,-9,38,240
120,24,64,120
0,-19,44,120
120,28,84,60
0,-40,38,60
240,28,58,240
0,7,85,120
0,-17,45,120
0,-9,35,240
120,24,58,120
0,-21,40,120
120,28,78,60
0,-38,34,60
240,24,59,240
0,7,86,120
0,-10,45,120
0,-9,35,240
120,17,64,120
0,-14,40,120
120,21,77,60
0,-31,35,60
240,17,65,240
0,9,96,120
0,-17,48,120
0,-9,35,240
120,24,69,120
0,-19,45,120
120,24,85,60
0,-36,38,60
240,31,61,240
0,7,86,120
0,-10,46,120
0,-9,33,240
120,17,61,120
0,-12,42,120
120,19,77,60
0,-31,33,60
240,19,55,240
0,9,80,120
0,-11,37,120
0,-10,30,240
120,19,63,120
0,-15,37,120
120,20,73,60
0,-31,29,60
240,12,57,240
0,14,86,120
0,-10,43,120
0,-9,32,240
120,17,61,120
0,-12,39,120
120,19,75,60
0,-31,34,60
240,31,54,240
0,7,76,120
0,-10,40,120
0,-9,28,240
120,17,54,120
0,-12,37,120
120,19,70,60
0,-31,29,60
240,19,49,240
0,9,77,120
0,-11,36,120
0,-10,24,240
120,19,58,120
0,-15,35,120
120,20,69,60
0,-31,27,60
240,19,58,240
0,7,86,120
0,-10,43,120
0,-9,35,240
120,17,61,120
0,-12,39,120
120,19,75,60
0,-31,34,60
240,7,44,240
0,7,61,120
0,-10,36,120
0,-9,29,240
120,17,49,120
0,-12,33,120
120,19,61,240
0,-31,26,240
240,19,44,240
0,9,65,120
0,-11,36,120
0,-10,29,240
120,19,54,120
0,-15,33,120
120,20,65,240
0,-31,26,240
240,12,46,240
0,14,68,120
0,-10,37,120
0,-9,31,240
120,17,54,120
0,-12,35,120
120,19,67,240
0,-31,30,240
240,31,44,240
0,7,61,120
0,-10,36,120
0,-9,29,240
120,17,49,120
0,-12,33,120
120,19,61,240
0,-31,26,240
240,19,42,240
0,9,65,120
0,-11,33,120
0,-10,27,240
120,19,54,120
0,-15,33,120
120,20,65,240
0,-31,26,240
240,19,46,240
0,7,68,120
0,-10,37,120
0,-9,31,240
120,17,54,120
0,-12,35,120
120,19,67,240
0,-31,30,60
240,18,46,240
0,8,65,120
0,-10,37,120
0,-10,30,240
120,19,46,120
0,-15,34,120
120,20,56,60
0,-36,27,60
240,24,45,240
0,6,66,120
0,-9,37,120
0,-9,29,240
120,17,49,120
0,-14,33,120
120,21,61,60
0,-31,28,60
240,17,46,240
0,8,68,120
0,-10,37,120
0,-10,31,240
120,19,48,120
0,-15,35,120
120,20,59,60
0,-36,30,60
240,24,45,240
0,7,61,120
0,-14,36,120
0,-7,29,240
120,19,45,120
0,-16,33,120
120,23,55,60
0,-35,26,60
240,21,42,240
0,7,63,120
0,-10,34,120
0,-9,28,240
120,17,47,120
0,-14,32,120
120,21,56,60
0,-31,26,60
240,17,43,240
0,9,65,120
0,-17,35,120
0,-9,29,240
120,24,46,120
0,-19,33,120
120,24,56,60
0,-36,28,60
240,18,43,240
0,8,59,120
0,-10,35,120
0,-10,28,240
120,19,43,120
0,-15,32,120
120,20,54,60
0,-36,25,60
240,24,39,240
0,6,58,120
0,-9,33,120
0,-9,25,240
120,17,44,120
0,-14,29,120
120,21,54,60
0,-31,24,60
240,17,39,240
0,8,60,120
0,-10,33,120
0,-10,27,240
120,19,43,120
0,-15,31,120
120,20,53,60
0,-36,26,60
240,24,39,240
0,7,58,120
0,-14,34,120
0,-7,27,240
120,19,39,120
0,-16,31,120
120,23,51,60
0,-35,24,60
240,21,37,240
0,7,57,120
0,-10,32,9
0,-9,26,240
120,17,44,120
0,-14,30,120
120,21,54,60
0,-31,24,60
240,17,39,240
0,9,60,120
0,-17,33,120
0,-9,27,240
120,24,43,120
0,-19,31,120
120,24,54,240
0,-36,26,240
240,31,43,240
0,7,61,120
0,-22,35,120
0,-9,27,240
120,29,44,120
0,-24,33,120
120,31,55,240
0,-43,25,240
240,31,39,240
0,9,61,120
0,-23,34,120
0,-10,27,240
120,31,46,120
0,-27,32,120
120,32,59,240
0,-43,25,240
240,31,43,240
0,7,63,120
0,-22,35,120
0,-9,29,240
120,29,46,120
0,-24,33,120
120,31,56,240
0,-43,27,240
240,31,43,240
0,7,63,120
0,-22,34,120
0,-9,27,240
120,29,44,120
0,-24,32,120
120,31,54,240
0,-43,24,240
240,31,37,240
0,9,58,120
0,-23,32,120
0,-10,26,240
120,31,44,120
0,-27,30,120
120,32,54,240
0,-43,23,240
240,31,38,240
0,7,59,120
0,-22,33,120
0,-9,27,240
120,29,43,120
0,-24,31,120
120,31,54,240
0,-43,25,240
240,31,40,240
0,7,58,120
0,-50,27,240
120,48,40,120
120,7,52,240
240,-12,35,240
0,7,56,120
0,-38,22,480
0,7,22,480
0,9,26,480
120,20,42,120
120,7,51,240
240,-12,37,240
0,7,56,60
0,-26,21,480
0,7,21,480
0,9,26,480
60,8,40,60
60,2,46,60
60,-2,38,60
60,7,49,240
240,-12,37,240
0,7,54,60
0,-50,25,240
60,48,37,60
60,2,40,60
60,-2,37,60
60,7,47,240
240,-12,32,240
0,7,51,60
0,-38,19,480
0,7,19,480
0,9,24,480
60,20,37,60
60,2,38,60
60,-2,37,60
60,7,46,240
240,-12,33,240
0,7,51,60
0,-26,18,480
0,7,18,480
0,9,23,480
60,8,36,60
60,2,40,60
60,-2,34,60
60,2,48,60
0,5,45,240
60,-7,34,60
60,2,48,60
60,-2,34,60
60,-5,33,240
0,7,47,60
60,-2,33,60
60,2,35,60
60,-2,33,60
60,2,35,60
0,5,42,240
60,-7,33,60
60,2,35,60
60,-2,32,60
60,-5,28,240
0,7,45,60
60,-2,32,60
60,2,34,60
60,-2,32,60
60,2,33,60
0,5,40,240
60,-7,32,60
60,2,33,60
60,-2,31,60
60,-5,28,240
0,5,45,60
60,2,32,60
60,-2,34,60
60,2,32,60
60,-2,33,60
60,2,32,60
60,-3,33,120
120,1,44,60
60,3,44,60
60,2,45,60
60,-1,46,60
60,2,46,60
60,3,47,60
60,-2,48,60
60,4,48,60
60,3,49,60
60,-2,50,60
60,3,50,60
60,2,51,60
60,-1,51,60
60,2,52,60
60,3,53,60
60,-2,53,60
60,5,60,480
960,-44,31,480
0,3,31,480
0,9,36,480
0,-33,23,480
0,12,29,480
480,9,31,1440
0,8,31,1440
0,4,36,1440
0,-40,23,1440
0,12,29,1440
1440,16,31,960
0,8,31,960
0,4,36,960
0,-28,23,960