0,51,74,480
0,12,88,480
0,-36,63,480
0,12,75,480
720,10,40,120
0,3,40,120
0,5,47,120
120,-7,42,120
0,3,42,120
0,5,50,120
120,-7,45,120
0,3,45,120
0,5,53,120
120,-7,46,120
0,3,46,120
0,5,55,120
120,-7,49,120
0,3,49,120
0,5,58,120
120,-8,51,120
0,4,61,120
0,5,61,120
120,-4,57,120
0,5,68,120
0,-8,63,120
480,0,51,120
0,3,61,120
0,-19,42,120
0,7,50,120
480,10,31,480
0,8,31,480
0,4,37,480
0,-18,28,480
0,9,32,480
480,-4,28,240
0,8,28,240
0,4,32,240
0,-16,23,240
0,7,28,240
480,-14,36,130
0,15,42,130
120,-16,33,130
0,15,39,130
120,-20,33,130
0,14,40,130
120,-13,35,130
0,12,42,130
120,-7,39,130
0,15,47,130
120,-16,38,130
0,15,45,130
120,-20,39,130
0,14,47,130
120,-13,40,130
0,12,47,130
120,-7,44,130
0,15,53,130
120,-16,43,130
0,15,50,130
120,-20,44,130
0,14,53,130
120,-13,46,130
0,12,55,130
120,-7,52,130
0,15,61,130
120,-16,49,130
0,15,58,130
120,-20,49,130
0,14,59,130
120,-13,52,130
0,12,61,130
120,-7,58,130
0,15,70,130
120,-16,55,130
0,15,64,130
120,-20,55,130
0,14,66,130
120,-13,57,120
0,12,68,120
120,8,74,480
0,-3,74,480
0,-4,74,480
0,12,88,480
0,-20,63,480
0,-5,63,480
0,12,75,480
720,-1,40,120
0,3,40,120
0,5,47,120
120,-7,42,120
0,3,42,120
0,5,50,120
120,-7,45,120
0,3,45,120
0,5,53,120
120,-7,46,120
0,3,46,120
0,5,55,120
120,-7,49,120
0,3,49,120
0,5,58,120
120,-8,51,120
0,4,61,120
0,5,61,120
120,-4,57,120
0,5,68,120
0,-8,63,120
480,-4,45,120
0,4,45,120
0,3,54,120
0,-20,37,120
0,8,45,120
480,14,31,480
0,9,31,480
0,3,37,480
0,-15,28,480
0,-3,28,480
0,9,32,480
480,4,28,240
0,3,32,240
0,-15,23,240
0,3,23,240
0,5,28,240
480,-18,36,130
0,15,42,130
120,-17,33,130
0,15,39,130
120,-20,33,130
0,15,40,130
120,-10,35,130
0,8,42,130
120,-6,39,130
0,15,47,130
120,-17,38,130
0,15,45,130
120,-20,39,130
0,15,47,130
120,-10,40,130
0,8,47,130
120,-6,44,130
0,15,53,130
120,-17,43,130
0,15,50,130
120,-20,44,130
0,15,53,130
120,-10,46,130
0,8,55,130
120,-6,52,130
0,15,61,130
120,-17,49,130
0,15,58,130
120,-20,49,130
0,15,59,130
120,-10,52,130
0,8,61,130
120,-6,58,130
0,15,70,130
120,-17,55,130
0,15,64,130
120,-20,55,130
0,15,66,130
120,-10,57,120
0,8,68,120
120,8,74,480
0,-3,74,480
0,-4,74,480
0,12,88,480
0,-20,63,480
0,-6,63,480
0,12,75,480
720,6,45,120
0,5,53,120
0,-8,45,120
120,4,47,120
0,5,56,120
0,-8,47,120
120,4,50,120
0,5,59,120
0,-8,50,120
120,4,52,120
0,5,59,120
0,-8,52,120
120,4,55,120
0,6,65,120
0,-9,55,120
120,4,68,120
0,6,68,120
0,-9,57,120
120,4,64,120
0,6,76,120
0,-9,71,120
480,-3,62,120
0,-4,62,120
0,7,62,120
0,5,74,120
0,-26,54,120
0,12,64,120
480,9,66,480
0,5,66,480
0,7,78,480
0,-15,67,480
0,-6,56,480
0,12,67,480
480,-7,62,240
0,2,62,240
0,4,62,240
0,3,62,240
0,5,73,240
0,-43,52,240
0,12,62,240
720,20,49,120
0,5,58,120
0,-8,49,120
120,4,51,120
0,5,61,120
0,-8,51,120
120,4,55,120
0,5,64,120
0,-8,55,120
120,4,57,120
0,5,64,120
0,-8,57,120
120,4,60,120
0,5,71,120
0,-8,60,120
120,4,74,120
0,5,74,120
0,-8,62,120
120,4,64,120
0,5,76,120
0,-8,71,120
480,-4,63,120
0,-5,63,120
0,9,75,120
0,3,75,120
0,-26,54,120
0,12,64,120
480,14,70,480
0,5,70,480
0,7,82,480
0,-19,58,480
0,4,70,480
0,-6,58,480
0,12,70,480
480,-7,65,240
0,2,65,240
0,4,65,240
0,3,65,240
0,5,77,240
0,-48,54,240
0,12,65,240
480,34,77,120
0,4,77,120
0,-43,54,120
0,12,64,120
120,22,72,120
120,-1,72,120
0,-28,46,60
0,12,55,60
120,24,72,120
0,-34,49,60
0,12,58,60
120,20,77,120
0,4,77,120
0,-34,51,60
0,12,60,60
120,13,70,120
0,-24,52,60
0,12,62,60
120,11,70,120
0,-21,55,60
0,12,65,60
120,17,70,120
0,-27,56,60
0,12,67,60
120,10,77,120
0,7,77,120
0,-28,59,60
0,12,70,60
120,6,71,120
120,-4,71,120
120,12,71,120
120,-3,77,120
0,5,77,120
0,-38,54,60
0,12,64,60
120,16,72,120
120,-4,72,120
120,12,72,120
120,-2,77,120
0,4,77,120
0,-22,59,480
0,12,70,600
120,3,71,120
120,-7,71,120
120,12,71,120
120,-2,73,120
0,4,73,120
120,-7,67,120
0,-9,53,120
120,2,68,120
0,-5,53,120
120,17,68,120
0,-24,54,120
120,22,75,120
0,4,75,120
0,-10,63,120
120,3,70,120
0,-9,58,120
120,2,71,120
0,-5,58,120
120,17,71,120
0,-24,58,120
120,22,77,120
0,4,77,120
0,-10,63,120
120,3,72,120
0,-9,58,120
120,2,73,120
0,-5,58,120
120,17,73,120
0,-24,59,120
120,22,80,120
0,4,80,120
0,-10,68,120
120,3,74,120
0,-9,60,120
120,2,75,120
0,-5,61,120
120,17,77,120
0,-24,62,120
120,22,83,120
0,4,83,120
0,-16,70,120
120,9,78,120
0,-15,63,120
120,8,79,120
0,-12,63,120
120,24,79,120
0,-29,63,120
120,27,85,120
0,4,85,120
0,-22,72,120
120,15,80,120
0,-21,66,120
120,14,81,120
0,-17,65,120
120,29,82,120
0,-36,66,120
120,34,75,360
0,4,89,360
0,-45,61,120
0,12,72,120
240,7,61,240
0,12,72,240
120,9,72,108
0,3,85,108
120,-3,72,480
0,3,85,480
0,-7,70,240
0,-8,70,240
0,-4,59,240
240,-17,66,60
0,12,78,60
240,-7,67,120
0,12,79,120
240,12,68,120
0,4,80,120
0,-45,56,240
0,12,67,240
120,31,67,120
0,3,79,120
120,0,72,120
0,4,85,120
0,-45,61,240
0,12,72,240
120,28,68,240
0,3,80,60
60,2,74,60
60,-2,85,120
0,-12,67,240
0,-12,56,240
120,20,68,120
0,3,80,120
120,-2,68,480
0,3,80,480
0,-7,69,240
0,-8,69,240
0,-4,58,240
240,-17,61,60
0,12,73,60
240,-7,67,120
0,12,79,120
240,12,68,120
0,4,80,120
0,-45,56,240
0,12,67,240
120,31,67,120
0,3,79,120
120,0,72,120
0,4,85,120
0,-45,61,240
0,12,72,240
120,28,68,240
0,3,80,60
60,2,74,60
60,-2,85,120
0,-12,67,240
0,-12,56,240
120,20,68,120
0,3,80,120
120,-1,72,120
0,4,85,60
0,-9,69,240
0,-8,69,240
0,-4,58,240
120,16,68,240
0,3,80,120
60,2,74,60
60,-2,85,120
0,-36,56,120
0,12,67,120
120,20,68,120
0,3,80,120
120,-2,68,180
0,3,80,180
0,-31,59,120
0,12,70,120
180,7,66,300
0,-24,57,210
30,31,66,270
0,-24,57,180
30,32,78,240
0,-24,68,150
150,-13,57,240
30,7,57,300
30,3,68,180
30,12,64,240
0,6,64,240
0,8,76,240
0,-20,68,150
150,-9,56,240
30,5,56,210
30,4,67,180
30,8,64,240
0,4,64,240
0,3,76,240
0,-9,67,150
150,-17,58,330
30,7,58,300
30,5,69,270
30,7,64,240
0,5,64,240
0,3,76,240
0,-12,69,240
240,5,73,80
0,-36,55,240
0,12,65,240
80,12,73,80
80,12,73,80
80,-13,65,240
0,12,77,240
0,-36,55,240
0,12,65,240
240,20,72,180
0,-24,53,240
0,12,63,240
180,17,78,60
60,9,75,360
0,3,89,360
0,-44,61,120
0,12,72,120
240,7,61,240
0,12,72,240
120,8,72,108
0,4,85,108
120,-4,72,480
0,4,85,480
0,-7,70,240
0,-9,70,240
0,-3,59,240
240,-17,66,60
0,12,78,60
240,-7,67,120
0,12,79,120
240,12,68,120
0,3,80,120
0,-44,56,240
0,12,67,240
120,31,67,120
0,3,79,120
120,0,72,120
0,3,85,120
0,-44,61,240
0,12,72,240
120,27,68,240
0,4,80,60
60,1,74,60
60,-1,85,120
0,-12,67,240
0,-12,56,240
120,19,68,120
0,4,80,120
120,-3,68,480
0,4,80,480
0,-7,69,240
0,-9,69,240
0,-3,58,240
240,-17,61,60
0,12,73,60
240,-7,67,120
0,12,79,120
240,9,68,120
0,6,68,120
0,6,80,120
0,-45,56,240
0,12,67,240
120,22,67,120
0,12,79,120
120,-8,71,120
0,12,84,120
0,-57,61,120
0,12,72,120
120,40,73,120
0,-4,62,120
120,-3,66,120
0,12,78,120
0,-23,55,120
0,6,66,120
0,-4,55,120
180,7,65,54
0,12,77,54
60,-12,68,120
0,12,81,120
0,-43,59,120
0,12,69,120
120,24,70,120
0,-3,59,120
120,-2,63,120
0,12,75,120
0,-22,53,120
0,3,63,120
180,5,57,54
0,12,67,54
60,-12,66,120
0,12,78,120
0,-41,57,120
0,12,67,120
120,24,66,120
0,-5,56,120
120,-2,62,120
0,12,73,120
0,-22,51,120
0,5,61,120
180,4,56,54
0,12,66,54
60,-12,63,120
0,12,75,120
0,-45,54,120
0,12,64,120
120,28,65,120
0,-4,55,120
120,-3,60,120
0,12,71,120
0,-23,50,120
0,6,60,120
0,-4,50,120
180,7,57,54
0,12,68,54
60,-12,61,120
0,12,73,120
0,-38,56,120
0,12,66,120
120,19,63,120
0,-3,54,120
120,-2,58,120
0,12,69,120
0,-22,52,120
0,3,62,120
180,5,54,60
0,12,63,60
60,-14,63,120
0,12,75,120
0,-32,57,240
0,12,68,480
120,15,63,120
0,-3,54,120
120,-4,59,120
0,12,70,120
0,-17,62,240
180,4,53,60
0,12,62,60
60,-7,63,480
0,-28,51,240
0,12,61,240
240,4,45,240
0,5,53,240
240,9,54,60
0,-31,45,240
0,12,54,240
60,20,55,60
60,-1,55,60
60,1,56,60
60,-3,56,120
0,-13,40,240
0,8,48,240
0,-2,40,240
120,9,57,120
120,1,58,60
0,-39,49,240
0,12,58,240
60,29,59,60
60,-2,59,60
60,2,60,60
60,-3,60,120
0,-14,46,240
0,3,46,240
0,4,55,240
120,8,61,120
120,-7,42,240
0,6,42,240
0,2,60,120
0,-30,47,120
0,12,56,120
120,19,56,120
120,-9,39,240
0,6,39,240
0,5,56,120
0,-21,44,240
0,7,52,240
120,15,56,120
120,-13,50,240
0,8,50,240
0,4,60,240
0,-28,44,240
0,7,44,240
0,5,52,240
240,3,57,180
0,3,57,180
0,3,57,180
0,3,57,180
0,9,68,180
180,-17,52,54
0,3,52,54
0,5,52,54
0,7,62,54
60,-15,58,120
0,3,58,120
0,5,58,120
0,7,69,120
120,-7,64,240
120,12,76,120
0,-36,56,240
0,12,66,240
180,11,59,60
0,12,70,60
60,-14,59,480
0,12,70,480
0,-40,57,240
0,12,68,240
240,4,50,240
0,5,59,240
240,9,64,120
0,-31,58,240
0,12,69,240
120,31,65,40
40,1,66,40
40,-1,65,40
40,-14,56,120
0,12,66,120
0,-19,52,240
0,6,62,13
0,-4,52,240
120,7,56,120
0,12,67,120
120,-11,64,120
0,-39,60,240
0,12,71,240
120,39,65,40
40,2,65,40
40,-2,65,40
40,-13,60,120
0,12,71,120
0,-23,67,240
0,4,67,240
0,5,67,240
120,3,61,120
0,12,72,120
120,-11,57,120
0,6,63,120
0,6,75,120
0,-42,59,120
0,12,70,120
120,19,63,120
0,12,70,120
120,-10,59,120
0,7,59,120
0,5,70,120
0,-26,55,240
0,3,55,240
0,2,55,240
0,4,65,240
120,6,59,120
0,12,70,120
120,-13,63,120
0,8,63,120
0,4,75,120
0,-28,55,120
0,7,55,120
0,5,65,120
240,9,64,180
0,3,64,180
0,9,76,180
0,-21,64,180
0,-9,64,180
0,3,64,180
0,9,64,180
180,4,58,54
0,5,58,54
0,7,69,54
0,-19,58,54
0,-8,58,54
0,12,58,54
0,-9,58,54
60,12,65,120
0,5,65,120
0,7,77,120
0,-19,65,120
0,4,65,120
0,-12,65,120
0,3,65,120
180,24,60,60
0,-12,60,60
0,-22,56,240
30,10,56,210
30,10,64,180
0,8,64,180
0,4,76,180
0,-16,66,180
180,3,59,60
0,12,70,60
0,-38,60,240
30,7,60,210
30,17,64,120
0,12,76,120
0,-21,71,180
180,-22,56,240
30,7,56,210
30,12,59,180
0,8,59,180
0,4,70,180
0,-16,66,180
180,6,59,60
0,12,70,60
0,-38,52,240
30,7,52,240
30,20,62,240
0,4,62,240
0,8,74,240
0,-24,62,180
240,12,61,180
0,2,61,180
0,3,61,180
0,7,72,180
0,-46,52,180
0,12,62,180
180,21,58,60
0,12,69,60
0,-38,52,240
30,7,52,210
30,17,63,240
0,7,63,240
0,5,75,240
0,-21,62,180
180,-10,51,240
30,7,51,210
30,10,61,180
0,2,61,180
0,5,61,180
0,5,72,180
0,-17,61,180
180,3,57,60
0,12,68,60
0,-32,56,240
30,7,56,210
30,12,60,120
0,8,60,120
0,4,71,120
0,-16,66,180
240,-4,59,60
0,-12,50,60
60,13,59,60
0,-12,50,60
60,14,60,60
0,-12,51,60
60,13,61,60
0,-12,51,60
60,14,61,60
0,-12,51,60
60,14,62,60
0,-12,52,60
60,14,63,60
0,-12,53,60
60,14,63,60
0,-12,53,60
60,13,64,60
0,-12,54,60
60,14,65,60
0,-12,55,60
60,13,65,60
0,-12,55,60
60,14,66,60
0,-12,56,60
60,14,67,60
0,-12,56,60
60,14,67,60
0,-12,56,60
60,14,68,60
0,-12,57,60
60,13,68,60
0,-12,57,60
60,14,69,60
0,-12,58,60
60,13,70,60
0,-12,59,60
60,14,70,60
0,-12,59,60
60,14,71,60
0,-12,60,60
60,14,72,60
0,-12,61,60
60,14,72,60
0,-12,61,60
60,13,77,120
0,-12,77,120
180,14,71,60
60,-11,64,120
0,9,76,120
0,-3,76,120
0,-52,62,120
0,12,73,120
120,42,71,120
0,-3,71,120
0,-6,60,120
120,1,63,240
0,6,75,240
0,3,75,240
0,-43,56,120
0,12,66,120
240,21,60,240
0,7,71,240
0,5,71,240
0,-33,61,240
0,12,72,240
240,5,62,240
0,4,62,240
0,8,73,240
0,-15,70,240
0,-5,59,240
0,-7,59,240
240,10,60,240
0,5,60,240
0,7,71,240
0,-27,56,240
0,8,56,240
0,4,66,240
240,5,65,240
0,3,65,240
0,9,77,240
0,-28,61,240
0,7,72,240
0,5,72,240
240,7,61,240
0,4,61,240
0,8,72,240
0,-39,56,240
0,12,66,240
240,8,69,240
0,4,69,240
0,5,81,240
0,3,81,240
0,-27,60,240
0,7,72,240
0,5,72,240
240,7,66,240
0,3,66,240
0,5,78,240
0,4,78,240
0,-43,58,240
0,12,69,240
240,12,74,240
0,5,74,240
0,5,87,240
0,2,87,240
0,-31,65,240
0,12,77,240
240,10,69,240
0,2,69,240
0,4,69,240
0,3,82,240
0,5,82,240
0,-48,60,240
0,12,71,240
240,38,82,360
0,8,82,360
0,4,97,360
0,-57,67,120
0,12,79,120
240,16,67,240
0,-9,67,240
0,12,79,240
120,12,79,108
0,9,79,108
0,3,93,108
120,-12,79,240
0,9,79,240
0,3,93,240
0,-19,77,240
0,-8,77,240
0,-4,64,240
180,7,71,60
60,0,71,48
0,-24,72,60
0,12,85,60
48,14,71,48
48,-2,71,48
48,-1,71,48
48,1,71,48
48,5,87,120
0,-24,73,120
0,12,86,120
240,16,74,120
0,8,74,120
0,4,88,120
0,-57,61,240
0,12,73,240
120,34,73,120
0,9,73,120
0,3,86,120
120,-8,79,120
0,8,79,120
0,4,93,120
0,-57,67,240
0,12,79,240
180,31,74,54
0,9,74,54
0,3,88,54
60,-12,74,120
0,9,74,120
0,3,93,120
0,-27,61,240
0,3,73,240
0,-12,61,240
120,23,74,120
0,9,74,120
0,3,88,120
120,-11,74,240
0,9,74,240
0,3,88,240
0,-19,75,240
0,-8,75,240
0,-4,63,240
180,7,70,60
60,0,70,48
0,-24,67,60
0,12,80,60
48,14,70,48
48,-2,70,48
48,-1,70,48
48,1,70,48
48,5,87,120
0,-24,73,120
0,12,86,120
240,28,88,120
0,-12,74,120
0,8,74,120
0,-53,61,240
0,12,73,240
120,46,86,120
0,-12,73,120
0,9,73,120
120,3,79,120
0,4,93,120
0,-12,79,120
0,-45,67,240
0,12,79,240
120,31,74,240
0,9,74,240
0,3,88,60
60,2,81,60
60,-2,93,120
0,-27,61,240
0,3,73,240
0,-12,61,240
120,32,74,120
0,3,88,120
0,-12,74,120
120,11,79,120
0,4,93,120
0,-12,79,120
0,-9,75,240
0,-8,75,240
0,-4,63,240
120,28,74,240
0,3,88,60
0,-12,74,240
60,14,81,60
60,-2,93,120
0,-48,61,120
0,12,73,120
120,23,74,120
0,9,74,120
0,3,88,120
120,-11,74,180
0,9,74,180
0,3,88,180
0,-43,64,120
0,12,77,120
180,19,72,240
0,-36,62,210
30,43,72,210
0,-36,62,180
30,44,85,180
0,-36,74,150
150,-13,62,240
30,34,70,240
0,-27,62,300
30,33,70,210
0,-30,74,180
30,38,83,180
0,-32,74,150
150,15,70,270
0,-19,61,240
30,22,70,240
0,-15,61,210
30,17,70,210
0,-14,73,180
30,21,83,180
0,-15,73,150
180,1,70,240
0,-24,63,300
30,31,70,210
0,-24,75,270
30,32,83,180
0,-24,75,240
240,17,80,80
0,-36,60,240
0,12,71,240
80,12,80,80
80,12,80,80
80,-13,71,240
0,12,84,240
0,-36,60,240
0,12,71,240
240,8,74,240
0,12,79,240
0,-36,58,240
0,12,69,240
240,29,82,360
0,9,82,360
0,3,97,360
0,-56,67,120
0,12,79,120
240,15,79,240
0,-8,67,240
0,12,79,240
120,12,79,108
0,8,79,108
0,4,93,108
120,-12,79,240
0,8,79,240
0,4,93,240
0,-19,77,240
0,-9,77,240
0,-3,64,240
180,7,71,60
60,0,71,48
0,-24,72,60
0,12,85,60
48,13,71,48
48,-1,71,48
48,-1,71,48
48,1,71,48
48,5,87,120
0,-24,73,120
0,12,86,120
240,15,74,120
0,12,88,120
0,-3,74,120
0,-53,61,240
0,12,73,240
120,34,73,120
0,9,73,120
0,3,86,120
120,3,93,120
0,-12,79,120
0,9,79,120
0,-53,67,240
0,12,79,240
180,31,74,54
0,8,74,54
0,4,88,54
60,-4,74,120
0,-8,74,120
0,12,93,120
0,-28,61,240
0,4,73,240
0,-12,61,240
120,23,74,120
0,12,88,120
0,-4,74,120
120,-7,88,240
0,8,74,240
0,4,88,240
0,-19,75,240
0,-9,75,240
0,-3,63,240
180,7,71,60
60,0,71,48
0,-24,67,60
0,12,80,60
48,13,71,48
48,-1,71,48
48,-1,71,48
48,1,71,48
48,5,87,240
0,-24,73,120
0,12,86,120
240,21,81,120
0,12,96,120
0,-6,81,120
0,-51,61,240
0,12,73,240
120,34,80,120
0,12,94,120
120,-8,85,120
0,12,101,120
0,-69,67,120
0,12,79,120
120,48,74,120
0,4,88,120
120,5,93,120
0,-12,79,120
0,-17,60,240
0,-6,60,240
0,11,72,120
0,-9,60,240
120,7,70,120
60,24,92,54
0,-12,78,54
60,0,81,120
0,12,97,120
0,-43,75,120
120,33,70,120
0,3,84,120
120,7,90,120
0,-12,75,120
0,-12,72,120
0,-10,58,240
0,3,69,240
120,5,70,120
60,12,68,54
0,12,80,54
60,-12,79,120
0,12,93,120
0,-41,73,120
120,36,79,120
0,-5,67,120
120,10,88,120
0,-12,74,120
0,-12,72,120
0,-10,56,240
0,5,67,240
120,4,70,120
60,24,79,54
0,-12,67,54
60,0,75,120
0,12,90,120
0,-45,70,120
120,40,78,120
0,-4,66,120
120,-3,72,120
0,12,85,120
0,-24,72,120
0,-11,55,240
0,6,66,240
0,-4,55,240
120,7,70,120
60,24,81,54
0,-12,68,54
60,12,88,120
0,-12,73,120
0,-26,72,120
120,31,75,120
0,-3,64,120
120,-2,69,120
0,12,82,120
0,-24,72,120
0,-10,57,240
0,3,68,240
120,5,70,120
60,12,64,60
0,12,75,60
60,-14,75,120
0,12,90,120
0,-44,62,240
0,12,74,480
120,24,64,120
0,3,75,120
120,5,84,120
0,-12,70,120
0,-12,72,120
0,-5,68,240
120,4,70,120
60,24,74,60
0,-12,63,60
60,-7,92,480
0,-28,62,240
0,12,74,240
240,4,55,240
0,5,64,240
240,9,70,60
0,-31,63,240
0,12,75,240
60,20,71,60
60,-1,71,60
60,1,72,60
60,-3,72,120
0,-13,57,240
0,8,68,240
0,-2,57,240
120,9,73,120
120,1,75,60
0,-39,66,240
0,12,78,240
60,29,75,60
60,-2,77,60
60,2,77,60
60,-3,78,120
0,-14,73,240
0,3,73,240
0,4,73,240
120,8,79,120
120,-7,48,240
0,6,48,240
0,2,82,120
0,-30,57,120
0,12,69,120
120,19,77,120
120,-9,44,240
0,6,44,240
0,5,77,120
0,-21,54,240
0,7,63,240
120,15,77,120
120,-13,69,240
0,8,69,240
0,4,82,240
0,-28,60,240
0,7,60,240
0,5,71,240
240,21,83,180
0,-18,70,180
0,3,70,180
0,3,70,180
0,3,70,180
180,-5,63,54
0,-3,63,54
0,15,75,54
0,-7,63,54
60,-8,71,120
0,15,84,120
0,-12,71,120
0,5,71,120
120,0,79,240
120,12,83,120
0,-36,61,240
0,12,72,240
180,11,64,60
0,12,77,60
60,-14,64,480
0,12,77,480
0,-40,62,240
0,12,74,240
240,4,55,240
0,5,64,240
240,9,70,120
0,-31,63,240
0,12,75,240
120,31,71,40
40,1,72,40
40,-1,71,40
40,-14,61,120
0,12,72,120
0,-19,57,240
0,6,68,9
0,-4,57,240
120,7,61,120
0,12,73,120
120,-11,70,120
0,-39,66,240
0,12,78,240
120,39,71,40
40,2,71,40
40,-2,71,40
40,-13,66,120
0,12,78,120
0,-23,73,240
0,4,73,240
0,5,73,240
120,3,67,120
0,12,79,120
120,-11,69,120
0,6,69,120
0,6,82,120
0,-42,64,120
0,12,77,120
120,19,69,120
0,12,77,120
120,-10,64,120
0,7,64,120
0,5,77,120
0,-26,60,240
0,3,60,240
0,2,60,240
0,4,71,240
120,6,64,120
0,12,77,120
120,-13,69,120
0,8,69,120
0,4,82,120
0,-28,60,120
0,7,60,120
0,5,71,120
240,9,70,180
0,3,70,180
0,9,83,180
0,-21,70,180
0,-9,70,180
0,3,70,180
0,9,70,180
180,4,63,54
0,5,63,54
0,7,75,54
0,-19,63,54
0,-8,63,54
0,12,63,54
0,-9,63,54
60,12,71,120
0,5,71,120
0,7,84,120
0,-19,71,120
0,4,71,120
0,-12,71,120
0,3,71,120
150,-10,61,270
30,34,66,60
0,-12,66,60
0,-15,61,240
30,3,61,210
30,10,70,180
0,8,70,180
0,4,83,180
0,-16,72,180
180,3,64,60
0,12,77,60
0,-38,66,240
30,7,66,210
30,17,70,120
0,12,83,120
0,-21,78,180
180,-10,61,240
30,7,61,210
30,12,64,180
0,8,64,180
0,4,77,180
0,-16,72,180
180,6,64,60
0,12,77,60
0,-38,57,240
30,7,57,210
30,20,68,240
0,4,68,240
0,8,81,240
0,-24,68,180
180,-22,57,240
30,7,57,210
30,29,67,180
0,-2,67,180
0,12,79,180
0,-7,67,180
0,-24,68,180
180,18,63,60
0,12,75,60
0,-50,57,240
30,7,57,210
30,29,69,240
0,7,69,240
0,5,82,240
0,-33,68,180
180,-10,56,240
30,7,56,210
30,22,67,180
0,7,67,180
0,5,79,180
0,-10,67,180
0,-16,67,180
180,12,62,60
0,12,74,60
0,-32,61,240
30,7,61,210
30,20,66,120
0,4,78,120
0,-12,66,120
0,-4,72,180
240,-16,64,60
0,-12,55,60
60,13,64,60
0,-12,55,60
60,14,66,60
0,-12,56,60
60,13,67,60
0,-12,56,60
60,14,67,60
0,-12,56,60
60,14,68,60
0,-12,57,60
60,14,69,60
0,-12,58,60
60,14,69,60
0,-12,58,60
60,13,70,60
0,-12,59,60
60,14,71,60
0,-12,60,60
60,13,71,60
0,-12,60,60
60,14,72,60
0,-12,61,60
60,14,73,60
0,-12,61,60
60,14,73,60
0,-12,61,60
60,14,74,60
0,-12,62,60
60,13,74,60
0,-12,62,60
60,14,75,60
0,-12,63,60
60,13,77,60
0,-12,64,60
60,14,77,60
0,-12,64,60
60,14,78,60
0,-12,66,60
60,14,77,60
0,-12,67,60
60,14,77,60
0,-12,65,60
60,13,78,60
0,-12,66,60
60,14,79,60
0,-12,67,60
60,13,80,60
0,-12,68,60
60,14,80,60
0,-12,69,60
60,14,81,60
0,-12,70,60
60,14,82,90
0,-12,71,90
90,14,83,90
0,-12,72,60
90,13,92,120
0,-12,92,120
180,14,85,60
60,-11,77,120
0,9,91,120
0,-3,91,120
0,-64,68,120
0,12,80,120
120,51,85,120
0,-6,72,120
0,9,85,120
120,-8,75,240
0,6,90,240
0,3,90,240
0,-43,61,120
0,12,72,120
240,21,72,240
0,7,85,240
0,5,85,240
0,-24,67,240
0,-5,67,240
0,-4,67,240
0,12,79,240
240,5,74,240
0,4,74,240
0,8,88,240
0,-15,77,240
0,-5,64,240
0,-7,64,240
240,10,72,240
0,5,72,240
0,7,85,240
0,-27,61,240
0,8,61,240
0,4,72,240
240,5,72,120
0,3,72,120
0,9,85,120
0,-28,61,120
0,7,61,120
0,5,72,120
240,-12,67,180
0,-6,56,180
0,8,67,480
0,-24,58,480
0,12,69,480
180,4,56,54
0,6,67,54
60,-6,61,480
0,6,72,480
0,9,72,480
240,-43,51,120
0,12,61,120
240,17,56,120
0,4,56,120
0,8,67,120
0,-36,51,120
0,12,61,120
480,28,66,120
0,12,78,120
0,-60,47,120
0,12,55,120
240,24,42,120
0,12,51,120
0,-36,34,120
0,12,41,120
180,12,40,60
0,12,47,60
0,-36,33,60
0,12,39,60
60,13,45,240
0,11,55,240
0,-32,44,240
0,9,44,240
240,11,41,120
0,12,51,120
0,-44,35,120
0,12,42,120
180,20,39,60
0,12,47,60
0,-32,36,60
0,8,44,60
60,15,49,240
0,9,58,240
0,-31,40,240
0,10,49,240
240,9,46,120
0,12,55,120
0,-43,39,120
0,12,47,120
180,20,44,60
0,11,52,60
0,-31,37,60
0,8,45,60
60,16,51,240
0,7,62,240
0,-29,44,240
0,10,51,240
240,7,49,120
0,12,58,120
0,-41,39,120
0,12,48,120
180,21,47,12
0,8,55,60
0,-29,39,60
0,9,45,60
60,15,55,240
0,5,67,240
0,-28,51,240
0,11,51,240
240,5,51,120
0,12,61,120
0,-40,42,120
0,12,51,120
180,21,48,60
0,7,56,60
0,-28,43,60
0,9,51,60
60,15,56,240
0,4,68,240
0,-28,48,240
0,12,56,240
240,4,55,120
0,12,66,120
0,-40,47,120
0,12,56,120
180,22,51,60
0,6,61,60
0,-28,45,60
0,10,52,60
60,13,55,240
0,5,68,240
0,-8,55,240
0,12,68,240
0,-33,46,240
0,12,55,240
240,29,71,480
0,4,71,480
0,-12,71,480
0,-21,52,60
0,12,52,60
120,-12,54,60
0,12,54,60
120,-10,60,120
0,12,60,120
120,-14,56,120
0,12,56,120
120,7,66,120
0,9,66,120
0,3,66,120
0,-31,56,60
0,12,56,60
120,9,69,120
0,8,69,120
0,4,69,120
0,-33,56,60
0,12,56,60
120,22,71,240
0,-3,71,240
0,-9,71,240
0,-22,65,120
0,12,65,120
240,9,71,180
0,3,71,180
0,9,71,180
0,-26,53,240
0,3,53,240
0,2,53,240
0,4,53,240
180,3,68,60
0,12,68,60
60,-10,68,240
0,8,68,240
0,4,68,240
0,-28,49,240
0,7,49,240
0,5,49,240
240,-12,59,60
0,-12,50,60
60,16,61,60
0,-12,51,60
60,15,62,60
0,-12,52,60
60,16,63,60
0,-12,53,60
60,13,64,60
0,-12,54,60
60,16,66,60
0,-12,56,60
60,15,68,60
0,-12,57,60
60,16,68,60
0,-12,57,60
60,13,70,60
0,-12,62,120
60,16,72,60
60,3,73,60
0,-31,56,120
60,36,74,60
60,-11,63,240
0,12,75,240
0,-36,49,240
0,12,58,240
240,13,67,240
0,12,79,240
0,-36,52,240
0,12,62,240
240,13,69,120
0,12,82,120
0,-36,55,120
0,12,65,120
240,-12,42,120
0,12,51,120
0,-36,34,120
0,12,41,120
180,12,40,60
0,12,47,60
0,-36,33,60
0,12,39,60
60,13,45,240
0,11,55,240
0,-32,44,240
0,9,44,240
240,11,41,120
0,12,51,120
0,-44,35,120
0,12,42,120
180,20,39,60
0,12,47,60
0,-32,36,60
0,8,44,60
60,15,49,240
0,9,58,240
0,-31,40,240
0,10,49,240
240,9,46,120
0,12,55,120
0,-43,39,120
0,12,47,120
180,20,44,11
0,11,52,60
0,-31,37,60
0,8,45,60
60,16,51,240
0,7,62,240
0,-29,44,240
0,10,51,240
240,7,49,120
0,12,58,120
0,-41,39,120
0,12,48,120
180,21,47,60
0,8,55,60
0,-29,38,60
0,9,45,60
60,15,55,240
0,5,67,240
0,-28,51,240
0,11,51,240
240,5,51,120
0,12,61,120
0,-40,42,120
0,12,51,120
180,21,48,60
0,7,56,60
0,-28,43,60
0,9,51,60
60,15,56,240
0,4,68,240
0,-28,48,240
0,12,56,240
240,4,55,120
0,12,66,120
0,-40,47,120
0,12,56,120
180,22,51,60
0,6,61,60
0,-28,45,60
0,10,52,60
60,13,55,240
0,5,68,240
0,-8,55,240
0,12,68,240
0,-33,46,240
0,12,55,240
240,29,71,480
0,4,71,480
0,-12,71,480
0,-21,52,60
0,12,52,60
120,-12,54,60
0,12,54,60
120,-10,60,120
0,12,60,120
120,-14,56,120
0,12,56,120
120,8,66,120
0,8,66,120
0,4,66,120
0,-32,56,60
0,12,56,60
120,9,69,120
0,8,69,120
0,4,69,120
0,-33,56,60
0,12,56,60
120,22,71,240
0,-6,71,240
0,-6,71,240
0,-22,65,120
0,12,65,120
150,-12,53,330
30,7,53,300
30,3,53,270
30,11,71,180
0,7,71,180
0,5,71,180
0,-17,53,240
180,3,68,60
0,12,68,60
60,-10,68,240
0,8,68,240
0,4,68,240
0,-28,49,240
0,4,49,240
0,8,49,240
240,-7,56,240
0,11,67,180
0,-28,40,240
0,8,40,240
0,4,48,240
180,14,63,60
60,-10,50,240
0,8,59,240
0,-24,38,240
0,7,38,240
0,5,45,240
240,-7,56,240
0,11,67,180
0,-28,40,240
0,8,40,240
0,4,48,240
180,14,63,60
60,-10,50,240
0,8,59,240
0,-24,38,240
0,7,38,240
0,5,45,240
240,-24,45,120
0,12,45,120
240,26,68,960
0,-40,49,120
0,12,58,120
240,16,38,90
0,2,45,90
120,-2,39,90
0,2,47,90
120,-2,41,180
0,2,49,180
240,-2,38,180
0,2,45,180
240,3,63,480
0,-5,38,180
0,2,45,180
240,-2,38,180
0,2,45,180
240,5,67,720
0,-24,45,240
0,12,53,960
240,4,39,90
0,3,47,90
120,-3,39,90
0,3,47,90
120,-3,42,180
0,3,50,180
240,5,64,180
0,-8,38,180
0,3,45,180
180,6,62,60
60,0,53,60
0,-27,46,240
0,12,55,240
60,17,54,60
60,-2,56,60
60,2,56,60
60,-2,57,48
0,-6,45,240
0,-2,38,240
48,10,57,48
48,-2,56,48
48,-1,56,48
48,1,55,48
48,-1,67,720
0,-24,45,240
0,12,53,960
240,4,39,90
0,3,47,90
120,-3,39,90
0,3,47,90
120,0,50,180
0,-3,42,180
240,8,64,180
0,-8,38,180
0,3,45,180
180,6,62,60
60,0,53,60
0,-27,46,240
0,12,55,240
60,17,54,60
60,-2,56,60
60,2,56,60
60,-2,57,48
0,-8,38,240
0,2,45,240
48,8,57,48
48,-2,56,48
48,-1,56,48
48,1,55,48
48,-1,64,240
0,-12,53,240
0,-12,45,240
240,26,56,120
0,-2,47,90
0,-5,39,90
0,3,39,90
120,6,58,120
0,-9,39,90
0,3,39,90
0,2,47,90
120,5,61,240
0,-10,42,180
0,3,42,180
0,2,50,180
240,7,64,240
0,-9,38,180
0,-3,38,180
0,5,45,180
240,10,63,120
0,-29,46,240
0,12,55,480
120,15,62,120
120,-1,61,120
0,-11,38,240
0,4,45,240
120,5,59,60
60,0,49,30
30,0,48,30
30,12,68,960
0,-40,49,240
0,12,58,240
240,9,38,90
0,-3,38,90
0,10,45,90
120,-10,39,90
0,10,47,90
0,-7,39,90
120,0,41,180
0,-3,41,180
0,10,49,180
240,-10,38,180
0,3,38,180
0,7,45,180
240,-7,53,480
0,12,63,480
0,-15,38,180
0,10,45,180
240,0,45,180
0,-10,38,180
240,5,56,720
0,12,67,720
0,-36,45,240
0,12,53,240
240,16,47,90
0,-9,39,90
120,9,47,90
0,-9,39,90
120,9,50,180
0,-9,42,180
240,17,64,180
0,-17,38,180
0,9,45,155
180,9,62,30
30,-12,49,30
30,12,53,60
0,-39,46,240
0,12,55,240
60,29,54,60
60,-2,56,60
60,2,56,60
60,-2,57,48
0,-17,38,240
0,-3,38,240
0,12,45,240
48,10,57,48
48,-2,56,48
48,-1,56,48
48,1,55,48
48,-13,56,720
0,12,67,720
0,-36,45,240
0,12,53,240
240,16,47,90
0,-9,39,90
120,9,48,90
0,-9,40,90
120,9,50,180
0,-9,43,180
240,17,66,180
0,-17,39,180
0,9,46,180
180,9,64,30
30,-12,51,30
30,12,55,60
0,-39,48,240
0,12,57,240
60,29,56,60
60,-2,58,60
60,2,58,60
60,-2,60,48
0,-17,40,240
0,9,48,240
0,-12,40,240
48,22,60,48
48,-2,59,48
48,-1,58,48
48,1,57,48
48,1,56,60
0,-40,49,240
0,12,58,240
60,29,57,60
60,-1,59,60
60,1,60,60
60,-1,61,48
0,-18,41,240
0,6,41,240
0,6,50,240
0,-10,41,240
48,17,61,48
48,-1,61,48
48,-1,60,48
48,1,59,48
48,1,58,60
0,-36,62,240
0,-12,53,240
60,50,59,60
60,-2,60,60
60,2,62,60
60,-2,62,60
0,-14,46,240
0,-3,46,240
0,5,54,240
0,-8,46,240
60,22,63,60
60,-2,64,60
60,2,65,60
60,-2,66,60
0,-17,57,240
0,3,57,240
0,2,57,240
0,4,68,240
60,10,68,60
60,-2,69,60
60,-1,69,60
60,1,67,60
0,-14,49,480
0,2,49,480
0,4,49,480
0,6,59,480
60,4,68,60
60,2,70,60
60,1,71,60
60,2,72,60
60,2,74,60
60,1,75,60
60,2,76,60
60,-10,82,360
0,8,82,360
0,4,97,360
0,-57,67,120
0,12,79,120
240,16,67,240
0,-9,67,240
0,12,79,240
120,12,79,108
0,9,79,108
0,3,93,108
120,-12,79,240
0,9,79,240
0,3,93,240
0,-19,77,240
0,-8,77,240
0,-4,64,240
180,7,71,60
60,0,71,48
0,-24,72,60
0,12,85,60
48,14,71,48
48,-2,71,48
48,-1,71,48
48,1,71,48
48,5,87,120
0,-24,73,120
0,12,86,120
240,16,74,120
0,8,74,120
0,4,88,120
0,-57,61,240
0,12,73,240
120,34,73,120
0,9,73,120
0,3,86,120
120,-8,79,120
0,8,79,120
0,4,93,120
0,-57,67,240
0,12,79,240
180,31,74,54
0,9,74,54
0,3,88,54
60,-12,74,120
0,9,74,120
0,3,93,120
0,-27,61,240
0,3,73,240
0,-12,61,240
120,23,74,120
0,9,74,120
0,3,88,120
120,-11,74,240
0,9,74,240
0,3,88,240
0,-19,75,240
0,-8,75,240
0,-4,63,240
180,7,70,60
60,0,70,48
0,-24,67,60
0,12,80,60
48,14,70,48
48,-2,70,48
48,-1,70,48
48,1,70,48
48,5,87,120
0,-24,73,120
0,12,86,120
240,28,88,120
0,-12,74,120
0,8,74,120
0,-53,61,240
0,12,73,240
120,46,86,120
0,-12,73,120
0,9,73,120
120,3,79,120
0,4,93,120
0,-12,79,120
0,-45,67,240
0,12,79,240
120,31,74,240
0,9,74,240
0,3,88,60
60,2,81,60
60,-2,93,120
0,-27,61,240
0,3,73,240
0,-12,61,240
120,32,74,120
0,3,88,120
0,-12,74,120
120,11,79,120
0,4,93,120
0,-12,79,120
0,-9,75,240
0,-8,75,240
0,-4,63,240
120,28,74,240
0,3,88,60
0,-12,74,240
60,14,81,60
60,-2,93,120
0,-48,61,120
0,12,73,120
120,23,74,120
0,9,74,120
0,3,88,120
120,-11,74,180
0,9,74,180
0,3,88,180
0,-43,64,120
0,12,77,120
180,19,72,240
0,-36,62,210
30,43,72,210
0,-36,62,180
30,44,85,180
0,-36,74,150
150,-13,62,240
30,34,70,240
0,-27,62,300
30,33,70,210
0,-30,74,180
30,38,83,180
0,-32,74,150
150,15,70,270
0,-19,61,240
30,22,70,240
0,-15,61,210
30,17,70,210
0,-14,73,180
30,21,83,180
0,-15,73,150
180,1,70,240
0,-24,63,300
30,31,70,210
0,-24,75,270
30,32,83,180
0,-24,75,240
240,17,80,80
0,-36,60,240
0,12,71,240
80,12,80,80
80,12,80,80
80,-13,71,240
0,12,84,240
0,-36,60,240
0,12,71,240
240,8,74,240
0,12,79,240
0,-36,58,240
0,12,69,240
240,29,82,360
0,9,82,360
0,3,97,360
0,-56,67,120
0,12,79,120
240,15,79,240
0,-8,67,240
0,12,79,240
120,12,79,108
0,8,79,108
0,4,93,108
120,-12,79,240
0,8,79,240
0,4,93,240
0,-19,77,240
0,-9,77,240
0,-3,64,240
180,7,71,60
60,0,71,48
0,-24,72,60
0,12,85,60
48,13,71,48
48,-1,71,48
48,-1,71,48
48,1,71,48
48,5,87,240
0,-24,73,120
0,12,86,120
240,15,74,120
0,12,88,120
0,-3,74,120
0,-53,61,240
0,12,73,240
120,34,73,120
0,9,73,120
0,3,86,120
120,3,93,120
0,-12,79,120
0,9,79,120
0,-53,67,240
0,12,79,240
180,31,74,60
0,8,74,60
0,4,88,60
60,-4,74,120
0,-8,74,120
0,12,93,120
0,-28,61,240
0,4,73,240
0,-12,61,240
120,23,74,120
0,12,88,120
0,-4,74,120
120,-7,88,240
0,8,74,240
0,4,88,240
0,-19,75,240
0,-9,75,240
0,-3,63,240
180,7,71,60
60,0,71,48
0,-24,67,60
0,12,80,60
48,13,71,48
48,-1,71,48
48,-1,71,48
48,1,71,48
48,5,87,240
0,-24,73,120
0,12,86,120
240,21,81,120
0,12,96,120
0,-6,81,120
0,-51,61,240
0,12,73,240
120,34,80,120
0,12,94,120
120,-8,85,120
0,12,101,120
0,-69,67,120
0,12,79,120
120,48,74,120
0,4,88,120
120,5,93,120
0,-12,79,120
0,-17,60,240
0,-6,60,240
0,11,72,120
0,-9,60,240
120,7,70,120
60,24,92,54
0,-12,78,54
60,0,81,120
0,12,97,120
0,-43,75,120
120,33,70,120
0,3,84,120
120,7,90,120
0,-12,75,120
0,-12,72,120
0,-10,58,240
0,3,69,240
120,5,70,120
60,12,68,54
0,12,80,54
60,-12,79,120
0,12,93,120
0,-41,73,120
120,36,79,120
0,-5,67,120
120,10,88,120
0,-12,74,120
0,-12,72,120
0,-10,56,240
0,5,67,240
120,4,70,120
60,24,79,54
0,-12,67,54
60,0,75,120
0,12,90,120
0,-45,70,120
120,40,78,120
0,-4,66,120
120,-3,72,120
0,12,85,120
0,-24,72,120
0,-11,55,240
0,6,66,240
0,-4,55,240
120,7,70,120
60,24,81,54
0,-12,68,54
60,12,88,120
0,-12,73,120
0,-26,72,120
120,31,75,120
0,-3,64,120
120,-2,69,120
0,12,82,120
0,-24,72,120
0,-10,57,240
0,3,68,240
120,5,70,120
60,12,64,60
0,12,75,60
60,-14,75,120
0,12,90,120
0,-44,62,240
0,12,74,480
120,24,64,120
0,3,75,120
120,5,84,120
0,-12,70,120
0,-12,72,120
0,-5,68,240
120,4,70,120
60,24,74,60
0,-12,63,60
60,-7,92,480
0,-28,62,240
0,12,74,240
240,4,55,240
0,5,64,240
240,9,56,60
0,-31,50,240
0,12,60,240
60,20,56,60
60,-1,56,60
60,1,57,60
60,-3,57,120
0,-13,45,240
0,8,54,240
0,-2,45,240
120,9,58,120
120,1,60,60
0,-39,52,240
0,12,62,240
60,29,60,60
60,-2,61,60
60,2,61,60
60,-3,62,120
0,-14,58,240
0,3,58,240
0,4,58,240
120,8,63,120
120,-7,46,240
0,6,46,240
0,2,65,120
0,-30,43,120
0,12,51,120
120,19,61,120
120,-9,43,240
0,6,43,240
0,5,61,120
0,-21,40,240
0,7,47,240
120,15,61,120
120,-13,46,240
0,8,55,240
0,4,65,240
0,-28,40,240
0,7,48,240
0,5,56,240
240,21,66,180
0,-18,56,180
0,3,56,180
0,3,56,180
0,3,56,180
180,-5,50,54
0,-3,50,54
0,15,60,54
0,-7,50,54
60,-8,56,120
0,15,67,120
0,-12,56,120
0,5,56,120
120,0,63,240
120,12,75,120
0,-36,55,240
0,12,65,240
180,11,58,60
0,12,70,60
60,-14,58,480
0,12,70,480
0,-40,56,240
0,12,67,240
240,4,50,240
0,5,58,240
240,9,64,120
0,-31,57,240
0,12,69,240
120,31,64,40
40,1,65,40
40,-1,64,40
40,-14,55,120
0,12,65,120
0,-19,51,240
0,6,62,10
0,-4,51,240
120,7,55,120
0,12,66,120
120,-11,64,120
0,-39,59,240
0,12,71,240
120,39,64,40
40,2,64,40
40,-2,64,40
40,-13,59,120
0,12,71,120
0,-23,66,240
0,4,66,240
0,5,66,240
120,3,60,120
0,12,72,120
120,-11,52,120
0,6,52,120
0,6,74,120
0,-42,58,120
0,12,70,120
120,19,63,120
0,12,70,120
120,-10,49,120
0,7,58,120
0,5,70,120
0,-26,46,240
0,3,46,240
0,2,55,240
0,4,64,240
120,6,58,120
0,12,70,120
120,-13,63,120
0,8,63,120
0,4,74,120
0,-28,55,120
0,7,55,120
0,5,64,120
240,9,64,180
0,3,64,180
0,9,75,180
0,-21,64,180
0,-9,64,180
0,3,64,180
0,9,64,180
180,4,57,54
0,5,57,54
0,7,69,54
0,-19,57,54
0,-8,57,54
0,12,57,54
0,-9,57,54
60,12,64,120
0,5,64,120
0,7,77,120
0,-19,64,120
0,4,64,120
0,-12,64,120
0,3,64,120
150,-10,55,270
30,34,59,60
0,-12,59,60
0,-15,55,240
30,3,55,210
30,10,64,180
0,8,64,180
0,4,75,180
0,-16,65,180
180,3,58,60
0,12,70,60
0,-38,59,240
30,7,59,210
30,17,64,120
0,12,75,120
0,-21,71,180
180,-10,55,240
30,7,55,210
30,12,58,180
0,8,58,180
0,4,70,180
0,-16,65,180
180,6,58,60
0,12,70,60
0,-38,51,240
30,7,51,210
30,20,62,240
0,4,62,240
0,8,73,240
0,-24,62,180
180,-22,51,240
30,7,51,210
30,29,60,180
0,-2,60,180
0,12,72,180
0,-7,60,180
0,-24,62,180
180,18,57,60
0,12,69,60
0,-50,51,240
30,7,51,210
30,29,63,240
0,7,63,240
0,5,74,240
0,-33,62,180
180,-10,50,240
30,7,50,210
30,22,60,180
0,7,60,180
0,5,72,180
0,-10,60,180
0,-16,60,180
180,12,56,60
0,12,67,60
0,-32,55,240
30,7,55,210
30,20,59,120
0,4,71,120
0,-12,59,120
0,-4,65,180
240,-16,64,60
0,-12,55,60
60,13,64,60
0,-12,55,60
60,14,66,60
0,-12,56,60
60,13,67,60
0,-12,56,60
60,14,67,60
0,-12,56,60
60,14,68,60
0,-12,57,60
60,14,69,60
0,-12,58,60
60,14,69,60
0,-12,58,60
60,13,70,60
0,-12,59,60
60,14,71,60
0,-12,60,60
60,13,71,60
0,-12,60,60
60,14,72,60
0,-12,61,60
60,14,73,60
0,-12,61,60
60,14,73,60
0,-12,61,60
60,14,74,60
0,-12,62,60
60,13,74,60
0,-12,62,60
60,14,75,60
0,-12,63,60
60,13,77,60
0,-12,64,60
60,14,77,60
0,-12,64,60
60,14,78,60
0,-12,66,60
60,14,77,60
0,-12,67,60
60,14,77,60
0,-12,65,60
60,13,78,60
0,-12,66,60
60,14,79,60
0,-12,67,60
60,13,80,60
0,-12,68,60
60,14,80,60
0,-12,69,60
60,14,81,60
0,-12,70,60
60,14,82,90
0,-12,71,90
90,14,83,90
0,-12,72,60
90,13,92,120
0,-12,92,120
180,14,85,60
60,-11,77,120
0,9,91,120
0,-3,91,120
0,-64,68,120
0,12,80,120
120,51,85,120
0,-6,72,120
0,9,85,120
120,-8,75,240
0,6,90,240
0,3,90,240
0,-43,61,120
0,12,72,120
240,21,72,240
0,7,85,240
0,5,85,240
0,-24,67,240
0,-5,67,240
0,-4,67,240
0,12,79,240
240,5,74,240
0,4,74,240
0,8,88,240
0,-15,77,240
0,-5,64,240
0,-7,64,240
240,10,72,240
0,5,72,240
0,7,85,240
0,-27,61,240
0,8,61,240
0,4,72,240
240,5,72,120
0,3,72,120
0,9,85,120
0,-28,61,120
0,7,61,120
0,5,72,120
240,-12,67,180
0,-6,56,180
0,8,67,480
0,-24,58,480
0,12,69,480
180,4,56,54
0,6,67,54
60,-6,61,480
0,6,72,480
0,9,72,480
240,-43,51,120
0,12,61,120
240,17,56,120
0,4,56,120
0,8,67,120
0,-36,51,120
0,12,61,120
390,12,67,480
30,3,70,450
0,-19,53,450
30,24,74,420
0,-17,56,420
30,21,80,390
0,-16,60,390
390,4,67,480
30,3,70,450
0,-19,53,450
30,24,74,420
0,-17,56,420
30,21,79,390
0,-16,60,390
390,4,66,480
30,3,69,450
0,-19,53,450
30,24,72,420
0,-17,56,420
30,21,78,390
0,-16,60,390
390,4,67,480
30,3,70,450
0,-19,53,450
30,24,74,420
0,-17,56,420
30,21,79,390
0,-16,60,390
390,4,67,480
30,3,70,450
0,-19,53,450
30,24,74,420
0,-17,56,420
30,21,79,390
0,-16,60,390
390,4,67,570
30,3,70,540
0,-19,53,540
30,24,75,510
0,-17,56,510
30,21,81,480
0,-16,60,480
480,4,65,60
0,3,65,60
0,5,74,60
0,4,80,60
0,-28,53,60
0,7,53,60
0,5,63,60
120,-13,24,60
0,12,28,60
120,-14,24,60
0,12,28,60
120,-14,24,60
0,12,28,60
120,-7,28,60
0,12,35,60
120,-13,27,60
0,12,32,60
120,-14,24,60
0,12,28,60
120,-14,24,60
0,12,28,60
120,-7,28,60
0,12,35,60
120,-13,24,60
0,12,28,60
120,-14,24,60
0,12,28,60
120,-14,24,60
0,12,28,60
120,-7,29,60
0,12,34,60
120,-13,24,60
0,12,28,60
120,-14,24,60
0,12,28,60
120,-14,24,60
0,12,28,60
120,-7,29,60
0,12,34,60
120,-13,26,60
0,12,32,60
120,-14,24,60
0,12,29,60
120,-14,24,60
0,12,29,60
120,-7,29,60
0,12,35,60
120,-13,23,60
0,12,28,60
120,-14,23,60
0,12,28,60
120,-14,23,60
0,12,28,60
120,9,36,960
0,3,44,960
0,-19,30,60
0,12,36,60
120,-13,24,60
0,12,29,60
120,-14,25,60
0,12,29,60
120,-14,25,60
0,12,29,60
120,-7,30,60
0,12,36,60
120,-13,28,60
0,12,34,60
120,-14,25,60
0,12,30,60
120,-14,25,60
0,12,30,60
120,10,34,360
0,2,41,360
0,-19,30,60
0,12,36,60
120,-13,25,60
0,12,29,60
120,-14,25,60
0,12,29,60
120,8,36,120
0,2,43,120
0,-24,26,60
0,12,30,60
120,9,36,360
0,3,43,360
0,-19,31,60
0,12,36,60
120,-13,26,60
0,12,30,60
120,-14,26,60
0,12,30,60
120,7,35,120
0,8,41,120
0,-29,26,60
0,12,30,60
120,9,39,480
0,3,39,480
0,9,46,480
0,-28,31,60
0,12,36,60
120,-13,28,60
0,12,33,60
120,-14,25,60
0,12,30,60
120,-14,25,60
0,12,30,60
120,10,33,480
0,2,33,480
0,7,40,480
0,-26,30,60
0,12,37,60
120,-13,25,60
0,12,30,60
120,-14,25,60
0,12,30,60
120,-14,25,60
0,12,30,60
120,9,35,360
0,3,42,360
0,-19,30,60
0,12,37,60
120,-13,25,60
0,12,30,60
120,-14,25,60
0,12,30,60
120,7,34,120
0,8,41,120
0,-29,25,60
0,12,30,60
120,9,36,240
0,3,36,240
0,9,44,240
0,-28,31,60
0,12,38,60
120,-13,30,60
0,12,35,60
120,-14,26,60
0,12,33,60
120,8,34,120
0,6,40,120
0,-28,26,60
0,12,33,60
120,9,34,240
0,8,41,240
0,-24,33,60
0,12,39,60
120,-13,27,60
0,12,32,60
120,5,35,240
0,8,35,240
0,4,41,240
0,-31,27,60
0,12,33,60
120,-14,28,60
0,12,33,60
120,12,39,240
0,9,39,240
0,3,46,240
0,-31,34,60
0,12,41,60
120,-13,27,60
0,12,33,60
120,10,39,60
0,7,39,60
0,5,47,60
0,-36,27,60
0,12,33,60
120,14,40,60
0,5,40,60
0,7,48,60
0,-40,28,60
0,12,33,60
120,17,42,120
0,4,42,120
0,8,50,120
0,-36,35,60
0,12,41,60
120,-13,31,60
0,12,38,60
120,8,38,120
0,9,38,120
0,3,45,120
0,-34,28,60
0,12,35,60
120,-14,28,60
0,12,35,60
120,21,45,480
0,3,45,480
0,9,53,480
0,-40,36,60
0,12,42,60
120,-13,29,60
0,12,34,60
120,-14,29,60
0,12,34,60
120,-14,29,60
0,12,34,60
120,12,40,720
0,7,40,720
0,3,40,720
0,2,48,720
0,-31,35,60
0,12,41,60
120,-13,29,60
0,12,34,60
120,-14,29,60
0,12,34,60
120,-14,29,60
0,12,34,60
120,-7,35,60
0,12,42,60
120,-13,33,60
0,12,39,60
120,8,41,60
0,10,41,60
0,2,49,60
0,-34,29,60
0,12,35,60
120,10,41,60
0,10,41,60
0,2,49,60
0,-36,29,60
0,12,35,60
120,12,43,120
0,10,43,120
0,2,51,120
0,-31,35,60
0,12,42,60
120,-13,28,60
0,12,34,60
120,8,40,120
0,10,40,120
0,2,48,120
0,-34,29,60
0,12,34,60
120,-14,29,60
0,12,34,60
120,12,44,360
0,9,44,360
0,3,52,360
0,-31,35,60
0,12,41,60
120,-13,29,60
0,12,35,60
120,-14,29,60
0,12,35,60
120,15,41,108
0,4,41,108
0,8,50,108
0,-41,29,60
0,12,35,60
120,17,44,480
0,4,44,480
0,8,52,480
0,-36,36,60
0,12,42,60
120,-13,32,60
0,12,39,60
120,-14,29,60
0,12,36,60
120,-14,29,60
0,12,35,60
120,12,40,480
0,5,40,480
0,4,48,480
0,-28,36,60
0,12,42,60
120,-13,29,60
0,12,35,60
120,-14,29,60
0,12,35,60
120,-14,29,60
0,12,35,60
120,10,45,240
0,2,45,240
0,7,53,720
0,-26,36,60
0,12,42,60
120,-13,29,60
0,12,35,60
120,6,43,60
0,2,51,60
0,-22,29,60
0,12,35,60
120,10,51,60
0,-2,43,60
0,-22,29,60
0,12,35,60
120,10,45,120
0,2,54,120
0,-19,36,60
0,12,42,60
120,-13,32,60
0,12,39,60
120,6,44,240
0,2,44,240
0,7,52,240
0,-29,29,60
0,12,36,60
120,-14,29,60
0,12,36,60
120,10,44,60
0,2,44,60
0,9,52,60
0,-28,36,60
0,12,43,60
120,5,43,60
0,2,43,60
0,7,51,60
0,-27,29,60
0,12,36,60
120,6,42,60
0,2,42,60
0,5,50,60
0,-27,29,60
0,12,36,60
120,14,40,60
0,-6,40,60
0,2,40,60
0,7,48,60
0,-31,29,60
0,12,36,60
120,9,52,360
0,8,44,840
0,4,52,840
0,-28,36,60
0,12,43,60
120,-13,29,60
0,12,36,60
120,-14,30,60
0,12,36,60
120,12,50,120
0,-26,30,60
0,12,35,60
120,12,52,960
0,-19,37,60
0,12,43,60
120,-13,33,60
0,12,40,60
120,-14,30,60
0,12,37,60
120,19,42,108
0,3,51,108
0,-36,30,60
0,12,37,60
120,21,42,480
0,3,51,480
0,-31,37,60
0,12,43,60
120,-13,30,60
0,12,36,60
120,-14,30,60
0,12,37,60
120,-14,30,60
0,12,37,60
120,9,45,720
0,3,53,720
0,-19,37,60
0,12,44,60
120,-13,31,60
0,12,37,60
120,-14,31,60
0,12,37,60
120,-14,31,60
0,12,38,60
120,-7,38,60
0,12,45,60
120,-13,36,60
0,12,42,60
120,4,45,60
0,4,54,60
0,-22,31,60
0,12,38,60
120,7,46,60
0,3,54,60
0,-24,31,60
0,12,39,60
120,10,48,120
0,2,57,120
0,-19,40,60
0,12,48,60
120,-13,33,60
0,12,40,60
120,6,47,60
0,4,55,60
0,-24,33,60
0,12,41,60
120,8,48,60
0,6,57,60
0,-28,34,60
0,12,42,60
120,9,51,360
0,8,61,360
0,-24,43,60
0,12,51,60
120,-13,34,60
0,12,43,60
120,-14,35,60
0,12,43,60
120,7,49,108
0,3,49,108
0,-24,37,60
0,12,43,60
120,9,51,480
0,3,51,480
0,9,61,480
0,-28,44,60
0,12,53,60
120,-13,41,60
0,12,49,60
120,-14,38,60
0,12,46,60
120,-14,38,60
0,12,46,60
120,10,53,480
0,2,53,480
0,7,63,480
0,-26,47,60
0,12,57,60
120,-13,38,60
0,12,46,60
120,-14,40,60
0,12,47,60
120,-14,40,60
0,12,48,60
120,9,57,360
0,3,67,360
0,-19,51,60
0,12,59,60
120,-13,41,60
0,12,50,60
120,-14,41,60
0,12,50,60
120,7,60,108
0,8,71,108
0,-29,42,60
0,12,51,60
120,9,61,240
0,3,61,240
0,9,72,240
0,-28,52,60
0,12,61,60
120,-13,48,60
0,12,58,60
120,-14,44,60
0,12,55,60
120,8,59,120
0,6,71,120
0,-28,45,60
0,12,56,60
120,9,61,240
0,8,73,240
0,-24,56,60
0,12,66,60
120,-13,45,60
0,12,53,60
120,5,63,240
0,8,63,240
0,4,76,240
0,-31,46,60
0,12,54,60
120,-14,47,60
0,12,57,60
120,12,66,480
0,9,66,480
0,3,78,480
0,-31,58,60
0,12,69,60
120,-13,47,60
0,12,57,60
120,-14,47,60
0,12,57,60
120,-14,48,60
0,12,58,60
120,14,61,120
0,7,61,120
0,5,72,120
0,-33,62,60
0,12,73,60
120,11,64,120
0,5,64,120
0,7,75,120
0,-36,56,60
0,12,67,60
120,13,64,120
0,4,64,120
0,8,77,120
0,-39,52,60
0,12,63,60
120,17,68,120
0,5,68,120
0,7,82,120
0,-43,52,60
0,12,63,60
120,24,85,360
0,-3,71,480
0,8,71,480
0,4,85,480
0,-40,64,60
0,12,77,60
120,-13,53,60
0,12,63,60
120,-11,54,60
0,12,64,60
120,18,81,840
0,-32,55,60
0,12,65,60
120,17,74,720
0,8,74,720
0,4,88,720
0,-40,66,60
0,12,77,60
120,-13,54,60
0,12,65,60
120,-14,54,60
0,12,65,60
120,-14,54,60
0,12,65,60
120,-7,67,60
0,12,79,60
120,-13,62,60
0,12,75,60
120,8,72,240
0,9,72,240
0,3,86,480
0,-34,58,60
0,12,69,60
120,-14,58,60
0,12,69,60
120,17,76,240
0,4,76,240
0,8,90,480
0,-36,69,60
0,12,84,60
120,-13,58,60
0,12,68,60
120,17,81,240
0,3,81,240
0,9,96,240
0,-43,59,60
0,12,70,60
120,-14,61,60
0,12,71,60
120,24,85,360
0,9,85,360
0,3,101,360
0,-43,71,60
0,12,82,60
120,-13,57,60
0,12,68,60
120,-14,58,60
0,12,69,60
120,27,83,120
0,4,83,120
0,8,99,840
0,-53,58,60
0,12,69,60
120,29,84,360
0,4,100,360
0,-40,72,60
0,12,85,60
120,-13,64,60
0,12,78,60
120,-14,60,60
0,12,73,60
120,27,81,120
0,-8,81,120
0,12,96,360
0,-45,60,60
0,12,73,60
120,21,81,240
0,8,81,240
0,-36,73,60
0,12,87,60
120,-13,60,60
0,12,72,60
120,22,78,120
0,12,92,120
0,-5,78,120
0,-43,60,60
0,12,72,60
120,-14,62,60
0,12,74,60
120,24,85,480
0,9,85,480
0,3,102,480
0,-43,73,60
0,12,84,60
120,-13,59,60
0,12,70,60
120,-14,59,60
0,12,70,60
120,-14,59,60
0,12,71,60
120,-7,74,60
0,12,87,60
120,-13,66,60
0,12,80,60
120,8,83,60
0,12,98,60
0,-34,62,60
0,12,74,60
120,10,83,60
0,12,98,60
0,-36,62,60
0,12,74,60
120,12,89,120
0,12,106,120
0,-2,89,120
0,-29,75,60
0,12,89,60
120,-13,62,60
0,12,74,60
120,15,86,120
0,3,86,120
0,2,86,120
0,7,101,120
0,-41,62,60
0,12,74,60
120,-14,63,60
0,12,75,60
120,17,94,120
0,4,94,120
0,8,111,120
0,-36,76,60
0,12,90,60
150,0,70,240
30,6,72,210
0,-22,58,240
30,24,74,180
0,-17,61,210
30,21,77,150
0,-16,63,180
150,4,72,240
30,6,75,210
0,-22,60,240
30,24,78,180
0,-17,63,210
30,21,81,150
0,-16,66,180
150,4,74,240
30,6,78,210
0,-22,63,240
30,24,80,180
0,-17,65,210
30,21,83,150
0,-16,69,180
150,4,77,240
30,6,80,210
0,-22,64,240
30,24,82,180
0,-17,68,210
30,21,86,150
0,-16,71,180
150,4,80,330
30,6,83,300
0,-22,66,300
30,24,85,270
0,-17,70,270
30,21,89,240
0,-16,73,240
240,5,84,120
0,4,84,120
0,8,99,3
0,-36,59,120
0,12,70,120
390,16,79,480
30,3,80,450
0,-19,80,450
30,24,80,420
0,-17,80,420
30,21,80,390
0,-16,80,390
390,4,78,480
30,3,78,450
0,-19,78,450
30,24,77,420
0,-17,77,420
30,21,77,390
0,-16,77,390
390,4,75,480
30,3,75,450
0,-19,75,450
30,24,75,420
0,-17,75,420
30,21,74,390
0,-16,74,390
390,4,72,480
30,3,72,450
0,-19,72,450
30,24,72,420
0,-17,72,420
30,21,72,390
0,-16,72,390
390,4,69,570
30,3,69,540
0,-19,69,540
30,24,69,510
0,-17,69,510
30,21,69,480
0,-16,69,480
480,4,66,60
0,3,66,60
0,5,66,60
0,4,66,60
0,-28,66,60
0,7,66,60
0,5,66,60
120,-13,24,60
0,12,28,60
120,-14,24,60
0,12,28,60
120,-14,24,60
0,12,28,60
120,-7,28,60
0,12,35,60
120,-13,27,60
0,12,32,60
120,-14,24,60
0,12,28,60
120,-14,24,60
0,12,28,60
120,-7,28,60
0,12,35,60
120,-13,24,60
0,12,28,60
120,-14,24,60
0,12,28,60
120,-14,24,60
0,12,28,60
120,-7,29,60
0,12,35,60
120,-13,24,60
0,12,28,60
120,-14,24,60
0,12,28,60
120,-14,24,60
0,12,28,60
120,-7,29,60
0,12,34,60
120,-13,26,60
0,12,32,60
120,-14,24,60
0,12,29,60
120,-14,24,60
0,12,29,60
120,-7,29,60
0,12,35,60
120,-13,24,60
0,12,28,60
120,-14,24,60
0,12,28,60
120,-14,24,60
0,12,28,60
120,9,37,960
0,3,44,960
0,-19,31,60
0,12,36,60
120,-13,24,60
0,12,29,60
120,-14,25,60
0,12,29,60
120,-14,25,60
0,12,29,60
120,-7,30,60
0,12,36,60
120,-13,28,60
0,12,34,60
120,-14,25,60
0,12,30,60
120,-14,25,60
0,12,30,60
120,10,35,360
0,2,42,360
0,-19,30,60
0,12,36,60
120,-13,25,60
0,12,29,60
120,-14,25,60
0,12,29,60
120,8,36,120
0,2,44,120
0,-24,26,60
0,12,30,60
120,9,36,360
0,3,44,360
0,-19,31,60
0,12,36,60
120,-13,26,60
0,12,30,60
120,-14,26,60
0,12,30,60
120,7,35,108
0,8,41,108
0,-29,26,60
0,12,30,60
120,9,39,480
0,3,39,480
0,9,46,480
0,-28,31,60
0,12,36,60
120,-13,28,60
0,12,33,60
120,-14,26,60
0,12,31,60
120,-14,26,60
0,12,31,60
120,10,33,480
0,2,33,480
0,7,40,480
0,-26,31,60
0,12,38,60
120,-13,26,60
0,12,30,60
120,-14,26,60
0,12,30,60
120,-14,26,60
0,12,30,60
120,9,35,360
0,3,42,360
0,-19,31,60
0,12,38,60
120,-13,25,60
0,12,30,60
120,-14,25,60
0,12,30,60
120,7,35,108
0,8,42,108
0,-29,25,60
0,12,30,60
120,9,36,240
0,3,36,240
0,9,44,240
0,-28,31,60
0,12,38,60
120,-13,30,60
0,12,36,60
120,-14,26,60
0,12,33,60
120,8,34,120
0,6,41,120
0,-28,26,60
0,12,33,60
120,9,35,240
0,8,42,240
0,-24,33,60
0,12,40,60
120,-13,27,60
0,12,32,60
120,5,36,240
0,8,36,240
0,4,42,240
0,-31,27,60
0,12,33,60
120,-14,28,60
0,12,33,60
120,12,39,240
0,9,39,240
0,3,47,240
0,-31,35,60
0,12,42,60
120,-13,28,60
0,12,34,60
120,10,39,60
0,7,39,60
0,5,47,60
0,-36,28,60
0,12,34,60
120,14,40,60
0,5,40,60
0,7,49,60
0,-40,28,60
0,12,34,60
120,17,43,120
0,4,43,120
0,8,51,120
0,-36,35,60
0,12,41,60
120,-13,32,60
0,12,39,60
120,8,39,120
0,9,39,120
0,3,45,120
0,-34,28,60
0,12,35,60
120,-14,28,60
0,12,35,60
120,21,45,480
0,3,45,480
0,9,54,480
0,-40,36,60
0,12,42,60
120,-13,29,60
0,12,34,60
120,-14,29,60
0,12,34,60
120,-14,29,60
0,12,34,60
120,12,34,720
0,7,34,720
0,3,41,720
0,2,49,720
0,-31,36,60
0,12,42,60
120,-13,29,60
0,12,35,60
120,-14,29,60
0,12,35,60
120,-14,29,60
0,12,35,60
120,-7,36,60
0,12,42,60
120,-13,33,60
0,12,39,60
120,8,42,60
0,10,42,60
0,2,50,60
0,-34,29,60
0,12,36,60
120,10,42,60
0,10,42,60
0,2,50,60
0,-36,29,60
0,12,36,60
120,12,43,120
0,10,43,120
0,2,52,120
0,-31,36,60
0,12,42,60
120,-13,29,60
0,12,35,60
120,8,41,120
0,10,41,120
0,2,49,120
0,-34,30,60
0,12,35,60
120,-14,30,60
0,12,35,60
120,12,45,360
0,9,45,360
0,3,53,360
0,-31,36,60
0,12,42,60
120,-13,29,60
0,12,35,60
120,-14,29,60
0,12,35,60
120,15,42,108
0,4,42,108
0,8,50,108
0,-41,29,60
0,12,35,60
120,17,44,480
0,4,44,480
0,8,53,480
0,-36,36,60
0,12,43,60
120,-13,33,60
0,12,39,60
120,-14,29,60
0,12,36,60
120,-14,29,60
0,12,36,60
120,12,41,480
0,5,41,480
0,4,49,480
0,-28,37,60
0,12,43,60
120,-13,30,60
0,12,36,60
120,-14,30,60
0,12,36,60
120,-14,30,60
0,12,36,60
120,10,46,240
0,2,46,240
0,7,54,720
0,-26,37,60
0,12,43,60
120,-13,30,60
0,12,36,60
120,6,44,60
0,2,52,60
0,-22,30,60
0,12,36,60
120,10,52,60
0,-2,44,60
0,-22,30,60
0,12,36,60
120,10,45,120
0,2,54,120
0,-19,36,60
0,12,43,60
120,-13,32,60
0,12,40,60
120,6,45,240
0,2,45,240
0,7,54,240
0,-29,30,60
0,12,37,60
120,-14,30,60
0,12,37,60
120,10,45,60
0,2,45,60
0,9,53,60
0,-28,37,60
0,12,44,60
120,5,44,60
0,2,44,60
0,7,52,60
0,-27,30,60
0,12,36,60
120,6,43,60
0,2,43,60
0,5,51,60
0,-27,30,60
0,12,36,60
120,14,41,60
0,-6,41,60
0,2,41,60
0,7,50,60
0,-31,30,60
0,12,36,60
120,9,53,360
0,8,45,840
0,4,53,840
0,-28,37,60
0,12,44,60
120,-13,29,60
0,12,36,60
120,-14,30,60
0,12,36,60
120,12,51,120
0,-26,30,60
0,12,36,60
120,12,54,960
0,-19,38,60
0,12,44,60
120,-13,34,60
0,12,41,60
120,-14,31,60
0,12,38,60
120,19,43,108
0,3,52,108
0,-36,31,60
0,12,38,60
120,21,43,480
0,3,52,480
0,-31,38,60
0,12,44,60
120,-13,31,60
0,12,37,60
120,-14,31,60
0,12,38,60
120,-14,31,60
0,12,38,60
120,9,45,720
0,3,53,720
0,-19,37,60
0,12,44,60
120,-13,31,60
0,12,37,60
120,-14,31,60
0,12,37,60
120,-14,31,60
0,12,38,60
120,-7,38,60
0,12,45,60
120,-13,36,60
0,12,42,60
120,4,45,60
0,4,54,60
0,-22,31,60
0,12,38,60
120,7,46,60
0,3,54,60
0,-24,31,60
0,12,39,60
120,10,48,120
0,2,57,120
0,-19,40,60
0,12,48,60
120,-13,33,60
0,12,40,60
120,6,47,60
0,4,55,60
0,-24,33,60
0,12,41,60
120,8,48,60
0,6,57,60
0,-28,34,60
0,12,42,60
120,9,51,360
0,8,61,360
0,-24,43,60
0,12,51,60
120,-13,34,60
0,12,43,60
120,-14,35,60
0,12,43,60
120,7,49,108
0,3,49,108
0,-24,37,60
0,12,43,60
120,9,51,480
0,3,51,480
0,9,61,480
0,-28,44,60
0,12,53,60
120,-13,41,60
0,12,49,60
120,-14,38,60
0,12,46,60
120,-14,38,60
0,12,46,60
120,10,53,480
0,2,53,480
0,7,63,480
0,-26,47,60
0,12,57,60
120,-13,38,60
0,12,46,60
120,-14,40,60
0,12,47,60
120,-14,40,60
0,12,48,60
120,9,57,360
0,3,67,360
0,-19,51,60
0,12,59,60
120,-13,41,60
0,12,50,60
120,-14,41,60
0,12,50,60
120,7,60,108
0,8,71,108
0,-29,42,60
0,12,51,60
120,9,61,240
0,3,61,240
0,9,72,240
0,-28,52,60
0,12,61,60
120,-13,48,60
0,12,58,60
120,-14,44,60
0,12,55,60
120,8,58,120
0,6,70,120
0,-28,45,60
0,12,56,60
120,9,61,240
0,8,73,240
0,-24,56,60
0,12,66,60
120,-13,45,60
0,12,53,60
120,5,63,240
0,8,63,240
0,4,76,240
0,-31,46,60
0,12,54,60
120,-14,47,60
0,12,57,60
120,12,66,480
0,9,66,480
0,3,78,480
0,-31,58,60
0,12,69,60
120,-13,47,60
0,12,57,60
120,-14,47,60
0,12,57,60
120,-14,48,60
0,12,58,60
120,14,61,120
0,7,61,120
0,5,72,120
0,-33,62,60
0,12,73,60
120,11,64,120
0,5,64,120
0,7,75,120
0,-36,56,60
0,12,67,60
120,13,64,120
0,4,64,120
0,8,77,120
0,-39,52,60
0,12,63,60
120,17,67,120
0,5,67,120
0,7,81,120
0,-43,52,60
0,12,63,60
120,24,85,360
0,-3,71,480
0,8,71,480
0,4,85,480
0,-40,64,60
0,12,77,60
120,-13,53,60
0,12,63,60
120,-11,54,60
0,12,64,60
120,18,81,840
0,-32,55,60
0,12,65,60
120,17,74,720
0,8,74,720
0,4,88,720
0,-40,66,60
0,12,77,60
120,-13,54,60
0,12,65,60
120,-14,54,60
0,12,65,60
120,-14,54,60
0,12,65,60
120,-7,67,60
0,12,79,60
120,-13,62,60
0,12,75,60
120,8,72,240
0,9,72,240
0,3,86,480
0,-34,58,60
0,12,69,60
120,-14,58,60
0,12,69,60
120,17,76,240
0,4,76,240
0,8,90,480
0,-36,69,60
0,12,84,60
120,-13,58,60
0,12,68,60
120,17,81,240
0,3,81,240
0,9,96,240
0,-43,59,60
0,12,70,60
120,-14,61,60
0,12,71,60
120,24,85,360
0,9,85,360
0,3,101,360
0,-43,71,60
0,12,82,60
120,-13,57,60
0,12,68,60
120,-14,58,60
0,12,69,60
120,27,83,120
0,4,83,120
0,8,99,840
0,-53,58,60
0,12,69,60
120,29,84,360
0,4,100,360
0,-40,72,60
0,12,85,60
120,-13,64,60
0,12,78,60
120,-14,60,60
0,12,73,60
120,27,81,120
0,-8,81,120
0,12,96,360
0,-45,60,60
0,12,73,60
120,21,81,240
0,8,81,240
0,-36,73,60
0,12,87,60
120,-13,60,60
0,12,72,60
120,22,78,120
0,12,92,120
0,-5,78,120
0,-43,60,60
0,12,72,60
120,-14,62,60
0,12,74,60
120,24,85,480
0,9,85,480
0,3,102,480
0,-43,73,60
0,12,84,60
120,-13,59,60
0,12,70,60
120,-14,59,60
0,12,70,60
120,-14,59,60
0,12,71,60
120,-7,74,60
0,12,87,60
120,-13,66,60
0,12,80,60
120,8,83,60
0,12,98,60
0,-34,62,60
0,12,74,60
120,10,83,60
0,12,98,60
0,-36,62,60
0,12,74,60
120,12,89,120
0,12,106,120
0,-2,89,120
0,-29,75,60
0,12,89,60
120,-13,62,60
0,12,74,60
120,15,86,120
0,3,86,120
0,2,86,120
0,7,101,120
0,-41,62,60
0,12,74,60
120,-14,63,60
0,12,75,60
120,17,83,120
0,4,94,120
0,8,111,120
0,-36,64,60
0,12,71,60
240,12,67,60
0,12,79,60
0,-36,54,60
0,12,64,60
120,12,63,60
0,12,75,60
0,-36,49,60
0,12,58,60
120,12,68,240
0,12,81,240
0,-35,53,240
0,12,63,240
240,11,66,60
0,12,78,60
0,-35,51,60
0,12,61,60
120,11,62,60
0,12,73,60
0,-35,50,60
0,12,59,60
120,11,67,240
0,12,79,240
0,-34,55,240
0,12,65,240
240,10,62,60
0,12,74,60
0,-34,52,60
0,12,62,60
120,10,60,60
0,12,71,60
0,-34,51,60
0,12,60,60
120,8,51,240
0,2,51,240
0,12,81,480
0,-33,43,240
0,12,51,240
240,9,55,60
0,-2,51,60
0,-7,43,60
120,9,54,60
0,-2,51,60
0,-7,43,60
120,9,54,240
0,7,71,480
0,-9,51,240
0,-7,43,240
240,9,54,60
0,-9,43,60
0,7,51,60
120,2,53,60
0,-9,43,60
0,7,51,60
120,-1,58,240
0,6,58,240
0,6,68,240
0,-28,40,240
0,7,40,240
0,5,48,240
240,10,56,120
0,11,66,120
0,-26,40,60
0,5,40,60
0,4,48,60
120,6,54,120
0,9,64,120
0,-24,40,60
0,5,40,60
0,4,48,60
120,5,57,240
0,10,68,120
0,-26,45,240
0,7,45,240
0,4,52,240
120,13,64,120
120,-8,54,60
0,8,64,60
0,-24,40,60
0,7,40,60
0,5,48,60
120,4,49,60
0,7,59,60
0,-23,40,60
0,7,40,60
0,5,48,60
120,4,52,240
0,5,62,480
0,-21,45,240
0,6,45,240
0,6,54,240
240,4,53,108
0,-16,43,108
0,6,43,108
0,6,51,108
120,4,53,108
0,-16,43,108
0,6,43,108
0,6,51,108
120,-1,54,240
0,4,54,8
0,8,64,480
0,-24,45,240
0,7,45,240
0,3,54,240
240,2,54,108
0,4,54,108
0,-16,43,108
0,7,43,108
0,3,51,108
120,2,53,108
0,4,53,108
0,-16,43,108
0,7,43,108
0,3,51,108
120,7,57,240
0,-5,57,240
0,10,68,120
0,-17,45,240
0,3,52,240
120,12,64,120
120,-8,54,60
0,8,64,60
0,-15,40,60
0,3,48,60
120,4,49,60
0,7,59,60
0,-16,40,60
0,5,48,60
120,4,52,240
0,5,62,480
0,-15,45,240
0,6,54,240
240,4,50,108
0,2,50,108
0,-12,40,108
0,6,48,108
120,4,50,108
0,2,50,108
0,-12,40,108
0,6,48,108
120,3,54,240
0,3,54,240
0,5,64,480
0,-24,45,240
0,7,45,240
0,5,54,240
240,4,51,108
0,3,51,108
0,-19,40,108
0,7,40,108
0,5,48,108
120,4,50,108
0,3,50,108
0,-19,40,108
0,7,40,108
0,5,48,108
120,5,47,240
0,3,56,60
0,-15,42,240
0,7,49,240
60,10,56,60
60,-2,62,120
120,-4,49,120
0,3,58,120
0,-14,38,108
0,7,45,108
120,5,49,120
0,3,59,120
0,-15,38,108
0,7,45,108
120,10,56,60
0,-3,47,240
0,-6,49,240
0,-10,42,240
60,21,56,60
60,-2,62,120
120,-5,49,120
0,3,58,120
0,-7,45,108
0,-10,38,108
120,16,59,120
0,3,59,120
0,-19,38,108
0,10,45,108
120,-1,54,240
0,12,64,480
0,-4,54,240
0,-24,45,240
0,7,45,240
0,5,54,240
240,12,51,108
0,-8,51,108
0,-9,40,108
0,5,48,108
0,-12,40,108
120,24,50,108
0,-8,50,108
0,-9,40,108
0,5,48,108
0,-12,40,108
120,35,51,240
0,-9,51,240
0,2,51,240
0,12,81,480
0,-44,43,240
0,12,51,240
240,20,55,108
0,-2,55,108
0,-18,43,108
0,12,51,108
0,-4,43,108
120,12,54,108
0,-2,54,108
0,-18,43,108
0,12,51,108
0,-4,43,108
120,12,54,240
0,-2,54,240
0,9,71,480
0,-27,43,240
0,12,51,240
0,-4,43,240
240,12,54,108
0,-2,54,108
0,-18,43,108
0,8,43,108
0,4,51,108
120,8,53,108
0,-2,53,108
0,-18,43,108
0,8,43,108
0,4,51,108
120,11,58,240
0,-6,58,7
0,8,58,240
0,4,68,480
0,-28,40,240
0,7,40,240
0,5,48,240
240,10,56,108
0,-6,56,108
0,8,56,108
0,-24,40,108
0,7,40,108
0,5,48,108
120,10,57,108
0,-6,54,108
0,8,57,108
0,-24,40,108
0,7,40,108
0,5,48,108
120,8,57,240
0,4,57,240
0,7,68,120
0,-26,45,240
0,7,45,240
0,4,52,240
120,13,64,120
120,-9,54,60
0,4,54,60
0,5,64,60
0,-24,40,60
0,7,40,60
0,5,48,60
120,3,49,60
0,4,49,60
0,3,59,60
0,-22,40,60
0,7,40,60
0,5,48,60
120,7,52,240
0,-4,44,240
0,-3,44,240
0,9,62,480
0,-21,45,240
0,7,45,240
0,2,54,240
240,10,53,108
0,-4,53,108
0,-3,53,108
0,-12,43,108
0,7,43,108
0,2,51,108
120,10,53,108
0,-4,53,108
0,-3,53,108
0,-12,43,108
0,7,43,108
0,2,51,108
120,8,54,240
0,2,54,240
0,4,64,480
0,-21,45,240
0,5,45,240
0,4,54,4
240,6,54,108
0,2,54,108
0,-17,43,108
0,5,43,108
0,4,51,108
120,6,53,108
0,2,53,108
0,-17,43,108
0,5,43,108
0,4,51,108
120,4,54,240
0,4,54,240
0,7,64,120
0,-23,42,240
0,4,42,240
0,4,49,240
120,13,61,120
120,-9,51,60
0,4,51,60
0,5,60,60
0,-21,38,60
0,4,38,60
0,5,45,60
120,3,44,60
0,4,44,60
0,3,54,60
0,-19,36,60
0,4,36,60
0,5,44,60
120,3,51,240
0,7,61,120
0,-22,39,240
0,7,39,240
0,5,47,240
120,9,56,120
120,-9,46,60
0,3,46,60
0,6,56,60
0,-21,35,60
0,7,41,60
120,5,42,60
0,3,42,60
0,4,51,60
0,-19,35,60
0,7,41,60
120,5,49,240
0,7,57,120
0,-22,38,240
0,6,38,240
0,4,45,240
120,10,53,120
120,-8,42,60
0,3,42,60
0,5,51,60
0,-20,31,60
0,5,31,60
0,5,38,60
120,2,38,60
0,3,38,60
0,3,45,60
0,-18,31,60
0,3,31,60
0,7,38,60
120,-1,39,120
0,3,39,120
0,5,47,120
0,-24,34,120
0,7,34,120
0,5,39,120
240,8,33,120
0,-3,33,120
0,7,39,120
0,-24,30,120
0,5,30,120
0,7,36,120
120,5,32,120
0,-3,32,120
0,10,38,120
0,-24,30,120
0,8,30,120
0,4,36,120
120,4,31,120
0,3,31,120
0,5,44,120
0,-24,31,120
0,7,31,120
0,5,37,120
240,8,30,120
0,-3,30,120
0,7,36,120
0,-24,28,120
0,5,28,120
0,7,34,120
120,5,29,120
0,-3,29,120
0,10,35,120
0,-24,28,120
0,8,28,120
0,4,34,120
120,7,34,120
0,5,34,120
0,-8,28,120
0,-16,27,120
0,7,27,120
0,5,33,120
240,19,50,360
0,-12,38,480
360,10,39,120
120,-1,38,120
0,-9,32,480
120,7,37,120
120,-1,36,120
0,-14,27,240
0,6,32,240
120,9,36,120
120,2,36,120
0,-21,24,240
0,12,29,240
120,10,36,120
120,1,36,120
0,-18,27,240
0,4,32,240
120,15,36,120
120,5,40,120
0,-29,24,240
0,12,28,240
120,14,36,120
120,-3,36,120
0,-35,47,120
120,36,38,120
120,4,40,120
0,-28,24,240
0,12,28,240
120,14,38,120
120,-2,36,120
0,-17,27,240
0,3,32,240
120,12,36,120
120,-8,36,120
0,-14,24,240
0,12,28,240
120,4,36,120
120,1,32,30
0,-12,27,240
0,4,32,240
30,10,32,30
30,-2,36,60
60,-1,36,120
120,1,35,120
0,-17,24,240
0,12,29,240
120,6,36,120
120,1,36,120
0,-15,27,240
0,3,32,240
120,21,40,120
120,-2,37,120
0,-26,24,240
0,12,28,240
120,12,36,120
120,-1,38,120
0,-18,27,240
0,3,32,240
120,20,37,120
120,1,39,120
0,-29,27,480
0,12,32,480
120,19,40,120
120,3,42,120
120,-2,40,120
120,-3,38,120
0,-29,26,240
0,12,31,240
120,11,36,120
120,1,44,180
0,-20,27,240
0,3,32,240
180,19,36,60
60,-2,44,180
0,-24,24,240
0,12,28,240
180,13,36,60
60,-1,44,180
0,-19,27,240
0,3,32,240
180,18,36,60
60,-2,44,180
0,-24,24,240
0,12,28,240
180,13,36,60
60,-1,44,180
0,-18,27,240
0,3,32,240
180,17,36,60
60,-2,44,180
0,-24,24,240
0,12,28,240
180,13,36,60
60,-1,40,120
0,-17,27,240
0,3,29,240
120,12,39,120
120,-2,38,120
0,-20,24,480
0,12,32,480
120,7,36,120
120,-1,36,120
120,1,36,120
120,1,36,120
0,-20,24,240
0,12,29,240
120,10,36,120
120,1,36,120
0,-18,27,240
0,3,32,240
120,16,39,120
120,5,47,60
0,-29,24,240
0,12,28,240
120,16,40,60
120,-1,47,60
0,-39,47,120
120,38,40,60
120,-1,39,60
0,-25,24,240
0,12,28,240
120,12,38,60
120,-1,36,120
0,-19,27,240
0,6,32,240
120,12,36,120
120,-3,36,120
0,-19,24,240
0,12,28,240
120,8,36,120
120,-3,32,30
0,-12,27,240
0,3,32,240
30,11,32,30
30,-2,36,60
60,-1,41,120
120,1,35,120
0,-17,24,240
0,12,29,240
120,7,40,120
120,1,50,120
0,-15,34,240
0,3,40,240
120,24,54,120
120,-1,51,120
0,-31,30,480
0,13,36,480
120,16,49,120
120,2,56,120
120,-2,55,120
120,-2,53,120
0,-27,34,240
0,13,40,240
120,12,51,120
120,2,53,120
0,-22,33,240
0,3,39,240
120,17,51,120
120,-5,48,120
0,-20,33,240
0,13,39,240
120,9,45,120
120,2,46,60
0,-20,29,240
0,3,29,240
0,5,35,240
60,13,43,60
60,-1,46,60
60,1,44,60
60,-1,46,60
0,-24,36,240
60,25,46,60
60,-1,47,40
40,-1,46,40
40,1,46,40
40,1,50,60
0,-20,32,240
0,3,32,240
0,5,38,240
60,14,47,60
60,-2,51,60
60,2,47,60
60,-2,52,60
0,-26,40,240
60,28,49,60
60,-2,54,40
40,-1,51,40
40,1,51,40
40,1,58,60
0,-21,36,240
0,3,36,240
0,6,42,6
60,13,52,60
60,-1,56,60
60,1,53,60
60,-1,60,60
0,-28,43,240
60,29,55,60
60,-1,61,40
40,-1,57,40
40,1,57,40
40,1,64,120
0,-36,52,120
120,34,51,120
120,-2,51,120
0,-20,34,480
0,12,44,480
120,7,54,120
120,-1,45,120
120,1,48,120
120,1,45,120
0,-20,34,240
0,12,40,240
120,10,46,120
120,1,54,120
0,-18,37,240
0,3,44,240
120,16,49,120
120,5,59,120
0,-29,33,240
0,12,39,240
120,16,55,120
120,-1,59,120
0,-51,56,120
120,50,48,120
120,-1,51,120
0,-25,33,240
0,12,39,240
120,12,54,120
120,-1,50,120
0,-19,37,240
0,6,44,240
120,12,47,120
120,-2,51,120
0,-20,33,240
0,12,39,240
120,7,49,120
120,-2,41,30
0,-12,37,240
0,3,44,240
30,11,41,30
30,-2,50,60
60,-1,45,120
120,1,50,120
0,-17,34,240
0,12,40,240
120,7,45,120
120,1,49,120
0,-15,37,240
0,3,44,240
120,24,57,120
120,-1,53,120
0,-31,33,480
0,13,39,480
120,16,51,120
120,2,56,120
120,-2,55,120
120,-2,53,120
0,-27,37,240
0,13,44,240
120,12,51,120
120,2,53,120
0,-22,36,240
0,3,42,240
120,17,51,120
120,-5,48,120
0,-20,36,240
0,13,42,240
120,9,45,120
120,2,46,80
0,-20,31,240
0,3,38,240
80,18,44,80
80,-1,43,80
80,-1,45,80
0,-23,33,240
0,12,38,240
80,12,42,80
80,1,43,80
80,-1,43,80
0,-19,32,240
0,3,38,240
80,17,43,80
80,-1,41,80
80,-1,43,80
0,-23,31,240
0,12,38,240
80,12,40,80
80,1,40,80
80,-1,42,80
0,-18,32,240
0,3,37,240
80,16,39,80
80,-1,38,80
80,-1,41,80
0,-23,29,240
0,12,36,240
80,12,39,80
80,1,38,80
80,-1,43,120
0,-17,28,240
0,3,31,240
120,12,41,120
120,-2,40,120
0,-20,26,480
0,12,34,480
120,7,39,120
120,-1,38,120
120,1,38,120
120,1,38,120
0,-20,26,240
0,12,31,240
120,10,39,120
120,1,39,120
0,-18,28,240
0,3,34,240
120,16,39,120
120,5,43,60
0,-29,25,240
0,12,30,240
180,16,42,60
60,-1,49,60
0,-51,43,120
120,50,43,60
120,-1,41,60
0,-25,25,240
0,12,30,240
120,12,40,60
120,-1,39,120
0,-19,28,240
0,6,34,240
120,12,39,120
120,-3,38,120
0,-19,25,240
0,12,30,240
120,8,38,120
120,-3,34,30
0,-12,28,240
0,3,34,240
30,11,34,30
30,-2,38,60
60,-1,38,120
120,1,37,120
0,-17,26,240
0,12,31,240
120,8,38,120
120,-1,47,120
0,-31,51,120
120,29,41,120
120,-2,40,120
0,-20,26,480
0,12,34,480
120,7,39,120
120,-1,38,120
120,1,38,120
120,1,38,120
0,-20,26,240
0,12,31,240
120,10,39,120
120,1,39,120
0,-18,28,240
0,3,34,240
120,16,47,120
120,5,43,120
0,-29,25,240
0,12,30,240
120,13,42,120
120,-1,47,120
0,-33,47,120
120,31,41,120
120,-2,40,120
0,-20,26,480
0,12,34,480
120,7,39,120
120,-1,38,120
120,1,45,120
120,5,47,120
0,-24,26,240
0,12,31,240
120,11,39,120
120,-1,39,120
0,-33,48,120
120,31,39,120
120,-1,39,120
0,-18,25,240
0,11,30,240
120,5,38,120
120,-1,43,9
0,-28,49,120
120,36,49,120
120,-2,40,120
0,-22,26,480
0,12,34,480
120,8,39,120
120,-2,38,120
120,1,38,120
120,1,38,120
0,-20,26,240
0,12,31,240
120,10,39,120
120,1,39,120
0,-18,28,240
0,3,34,240
120,16,49,120
120,5,43,120
0,-29,25,240
0,12,30,240
120,13,42,120
120,-1,48,120
0,-33,50,120
120,31,41,120
120,-2,40,120
0,-20,26,480
0,12,34,480
120,7,39,120
120,-1,38,120
120,1,38,120
120,5,45,120
0,-24,26,240
0,12,31,240
120,11,39,120
120,-1,39,120
0,-33,51,120
120,31,39,120
120,-1,39,120
0,-18,25,240
0,11,30,240
120,5,38,120
120,-1,43,9
0,-28,49,120
120,36,46,120
120,-2,40,120
0,-22,26,480
0,12,34,480
120,8,39,120
120,-2,38,120
120,1,38,120
120,1,38,120
0,-20,26,240
0,12,31,240
120,10,39,120
120,1,39,120
0,-18,28,240
0,3,34,240
120,16,49,120
120,3,43,120
0,-27,25,240
0,12,30,240
120,13,42,120
120,-1,50,120
0,-21,28,240
0,4,39,240
120,15,41,120
120,-2,40,120
0,-20,26,480
0,12,34,480
120,7,39,120
120,-1,36,120
120,1,37,120
120,1,38,120
0,-20,26,240
0,12,31,240
120,10,39,120
120,1,39,120
0,-22,28,240
0,4,34,240
120,19,48,120
120,1,40,120
0,-25,25,240
0,12,30,240
120,11,38,120
120,1,49,120
0,-20,39,240
120,18,41,120
120,-2,40,120
0,-20,26,480
0,12,34,480
120,7,39,120
120,-1,36,120
120,1,37,120
120,1,38,120
0,-20,26,240
0,12,31,240
120,10,39,120
120,1,39,120
0,-18,28,240
0,3,34,240
120,16,50,120
120,3,40,120
0,-27,25,240
0,12,30,240
120,13,38,120
120,-1,49,120
0,-21,28,240
0,4,39,240
120,15,41,120
120,-2,40,120
0,-20,26,480
0,12,34,480
120,7,39,120
120,-1,36,120
120,1,37,120
120,1,38,120
0,-20,26,240
0,12,31,240
120,10,39,120
120,1,39,120
0,-22,28,240
0,4,34,240
120,19,50,120
120,1,40,120
0,-25,25,480
0,12,30,480
120,11,38,120
120,1,50,120
0,-20,34,240
120,18,44,120
120,-2,43,120
120,-1,42,120
120,-1,45,120
0,-12,37,120
120,13,46,120
0,-12,39,120
120,13,50,120
0,-12,43,120
120,14,55,120
0,-12,46,120
120,10,57,120
0,-12,48,120
120,11,57,120
0,-12,48,120
120,10,57,120
0,-12,48,120
120,11,59,120
0,-12,49,120
120,11,58,120
0,-12,48,120
120,13,61,120
0,-12,51,120
120,13,63,120
0,-12,53,120
120,14,65,120
0,-12,55,120
120,6,74,240
0,-12,62,240
120,18,66,120
0,-12,56,120
120,5,71,240
0,-12,60,240
120,19,63,120
0,-12,53,120
120,4,60,120
0,-12,51,120
120,13,63,120
0,-12,53,120
120,13,65,120
0,-12,54,120
120,14,68,120
0,-12,57,120
120,10,70,120
0,-12,60,120
120,11,68,120
0,-12,58,120
120,10,67,120
0,-12,56,120
120,10,65,120
0,-12,55,120
120,11,76,360
0,-12,64,360
120,17,69,120
0,-12,58,120
120,10,70,120
0,-12,58,120
120,8,70,120
0,-12,59,120
120,11,73,360
0,-12,62,360
120,19,70,120
0,-12,58,120
120,10,70,120
0,-12,58,120
120,6,70,120
0,-12,59,120
120,11,79,360
0,-12,66,360
120,17,72,120
0,-12,60,120
120,11,74,120
0,-12,61,120
120,8,75,120
0,-12,63,120
120,10,82,360
0,-12,69,360
120,18,78,120
0,-12,65,120
120,10,81,120
0,-12,68,120
120,8,82,120
0,-12,68,120
120,11,88,240
0,-12,74,240
120,15,82,120
0,-12,70,120
120,7,84,240
0,-12,71,240
120,17,86,120
0,-12,73,120
120,38,82,360
0,8,88,360
0,4,102,360
0,-57,70,120
0,12,84,120
240,16,67,240
0,-9,67,240
0,12,79,240
120,12,79,108
0,9,79,108
0,3,93,108
120,-12,79,240
0,9,79,240
0,3,93,240
0,-19,77,240
0,-8,77,240
0,-4,64,240
180,7,71,60
60,0,71,48
0,-24,72,60
0,12,85,60
48,14,71,48
48,-2,71,48
48,-1,71,48
48,1,71,48
48,5,87,120
0,-24,73,120
0,12,86,120
240,16,74,120
0,8,74,120
0,4,88,120
0,-57,61,240
0,12,73,240
120,34,73,120
0,9,73,120
0,3,86,120
120,-8,79,120
0,8,79,120
0,4,93,120
0,-57,67,240
0,12,79,240
180,31,74,54
0,9,74,54
0,3,88,54
60,-12,74,120
0,9,74,120
0,3,93,120
0,-27,61,240
0,3,73,240
0,-12,61,240
120,23,74,120
0,9,74,120
0,3,88,120
120,-11,74,240
0,9,74,240
0,3,88,240
0,-19,75,240
0,-8,75,240
0,-4,63,240
180,7,70,60
60,0,70,48
0,-24,67,60
0,12,80,60
48,14,70,48
48,-2,70,48
48,-1,70,48
48,1,70,48
48,5,87,120
0,-24,73,120
0,12,86,120
240,28,88,120
0,-12,74,120
0,8,74,120
0,-53,61,240
0,12,73,240
120,46,86,120
0,-12,73,120
0,9,73,120
120,3,79,120
0,4,93,120
0,-12,79,120
0,-45,67,240
0,12,79,240
120,31,74,240
0,9,74,240
0,3,88,60
60,2,81,60
60,-2,93,120
0,-27,61,240
0,3,73,240
0,-12,61,240
120,32,74,120
0,3,88,120
0,-12,74,120
120,11,79,120
0,4,93,120
0,-12,79,120
0,-9,75,240
0,-8,75,240
0,-4,63,240
120,28,74,240
0,3,88,60
0,-12,74,240
60,14,81,60
60,-2,93,120
0,-48,61,120
0,12,73,120
120,23,74,120
0,9,74,120
0,3,88,120
120,-11,74,180
0,9,74,180
0,3,88,180
0,-43,64,120
0,12,77,120
180,19,72,240
0,-36,62,210
30,43,72,210
0,-36,62,180
30,44,85,180
0,-36,74,150
150,-13,62,240
30,34,70,240
0,-27,62,300
30,33,70,210
0,-30,74,180
30,38,83,180
0,-32,74,150
150,15,70,270
0,-19,61,240
30,22,70,240
0,-15,61,210
30,17,70,210
0,-14,73,180
30,21,83,180
0,-15,73,150
180,1,70,240
0,-24,63,300
30,31,70,210
0,-24,75,270
30,32,83,180
0,-24,75,240
240,17,80,80
0,-36,60,240
0,12,71,240
80,12,80,80
80,12,80,80
80,-13,71,240
0,12,84,240
0,-36,60,240
0,12,71,240
240,8,74,240
0,12,79,240
0,-36,58,240
0,12,69,240
240,29,82,360
0,9,82,360
0,3,97,360
0,-56,67,120
0,12,79,120
240,15,79,240
0,-8,67,240
0,12,79,240
120,12,79,108
0,8,79,108
0,4,93,108
120,-12,79,240
0,8,79,240
0,4,93,240
0,-19,77,240
0,-9,77,240
0,-3,64,240
180,7,71,60
60,0,71,48
0,-24,72,60
0,12,85,60
48,13,71,48
48,-1,71,48
48,-1,71,48
48,1,71,48
48,5,87,120
0,-24,73,120
0,12,86,120
240,15,74,120
0,12,88,120
0,-3,74,120
0,-53,61,240
0,12,73,240
120,34,73,120
0,9,73,120
0,3,86,120
120,3,93,120
0,-12,79,120
0,9,79,120
0,-53,67,240
0,12,79,240
180,31,74,54
0,8,74,54
0,4,88,54
60,-4,74,120
0,-8,74,120
0,12,93,120
0,-28,61,240
0,4,73,240
0,-12,61,240
120,23,74,120
0,12,88,120
0,-4,74,120
120,-7,88,240
0,8,74,240
0,4,88,240
0,-19,75,240
0,-9,75,240
0,-3,63,240
180,7,71,60
60,0,71,48
0,-24,67,60
0,12,80,60
48,13,71,48
48,-1,71,48
48,-1,71,48
48,1,71,48
48,5,87,240
0,-24,73,120
0,12,86,120
240,21,81,120
0,12,96,120
0,-6,81,120
0,-51,61,240
0,12,73,240
120,34,80,120
0,12,94,120
120,-8,85,120
0,12,101,120
0,-69,67,120
0,12,79,120
120,48,74,120
0,4,88,120
120,5,93,120
0,-12,79,120
0,-17,60,240
0,-6,60,240
0,11,72,120
0,-9,60,240
120,7,70,120
60,24,92,54
0,-12,78,54
60,0,81,120
0,12,97,120
0,-43,75,120
120,33,70,120
0,3,84,120
120,7,90,120
0,-12,75,120
0,-12,72,120
0,-10,58,240
0,3,69,240
120,5,70,120
60,12,68,54
0,12,80,54
60,-12,79,120
0,12,93,120
0,-41,73,120
120,36,79,120
0,-5,67,120
120,10,88,120
0,-12,74,120
0,-12,72,120
0,-10,56,240
0,5,67,240
120,4,70,120
60,24,79,54
0,-12,67,54
60,0,75,120
0,12,90,120
0,-45,70,120
120,40,78,120
0,-4,66,120
120,-3,72,120
0,12,85,120
0,-24,72,120
0,-11,55,240
0,6,66,240
0,-4,55,240
120,7,70,120
60,24,81,54
0,-12,68,54
60,12,88,120
0,-12,73,120
0,-26,72,120
120,31,75,120
0,-3,64,120
120,-2,69,120
0,12,82,120
0,-24,72,120
0,-10,57,240
0,3,68,240
120,5,70,120
60,12,64,60
0,12,75,60
60,-14,75,120
0,12,90,120
0,-44,62,240
0,12,74,480
120,24,64,120
0,3,75,120
120,5,84,120
0,-12,70,120
0,-12,72,120
0,-5,68,240
120,4,68,120
60,24,71,60
0,-12,61,60
60,-7,88,480
0,-28,59,240
0,12,71,240
240,4,51,240
0,5,59,240
240,9,59,60
0,-31,53,240
0,12,63,240
60,20,60,60
60,-1,61,60
60,1,61,60
60,-3,62,120
0,-13,49,240
0,8,59,240
0,-2,49,240
120,9,64,120
120,1,66,60
0,-39,58,240
0,12,69,240
60,29,67,60
60,-2,69,60
60,2,70,60
60,-3,71,120
0,-14,67,240
0,3,67,240
0,4,67,240
120,8,73,120
120,-7,45,240
0,6,54,240
0,2,77,120
0,-30,51,120
0,12,72,120
120,19,73,120
120,-9,43,240
0,6,51,240
0,5,73,120
0,-21,48,240
0,7,68,240
120,15,74,120
120,-13,57,240
0,8,68,240
0,4,81,240
0,-28,50,240
0,7,50,240
0,5,70,240
240,21,83,180
0,-18,70,180
0,3,70,180
0,3,70,180
0,3,70,180
180,-5,63,54
0,-3,63,54
0,15,75,54
0,-7,63,54
60,-8,71,120
0,15,84,120
0,-12,71,120
0,5,71,120
120,0,79,240
120,12,83,120
0,-36,61,240
0,12,72,240
180,11,64,60
0,12,77,60
60,-14,64,480
0,12,77,480
0,-40,62,240
0,12,74,240
240,4,55,240
0,5,64,240
240,9,70,120
0,-31,63,240
0,12,75,240
120,31,71,40
40,1,72,40
40,-1,71,40
40,-14,61,120
0,12,72,120
0,-19,57,240
0,6,68,9
0,-4,57,240
120,7,61,120
0,12,73,120
120,-11,70,120
0,-39,66,240
0,12,78,240
120,39,71,40
40,2,71,40
40,-2,71,40
40,-13,66,120
0,12,78,120
0,-26,68,240
0,3,70,240
0,4,73,240
0,5,73,240
120,3,67,120
0,12,79,120
120,-11,49,120
0,6,69,120
0,6,82,120
0,-42,64,120
0,12,77,120
120,19,69,120
0,12,77,120
120,-10,45,120
0,7,64,120
0,5,77,120
0,-26,43,240
0,3,43,240
0,2,60,240
0,4,71,240
120,6,64,120
0,12,77,120
120,-13,69,120
0,8,69,120
0,4,82,120
0,-28,60,120
0,7,60,120
0,5,71,120
240,9,70,180
0,3,70,180
0,9,83,180
0,-21,70,180
0,-9,70,180
0,3,70,180
0,9,70,180
180,4,63,54
0,5,63,54
0,7,75,54
0,-19,63,54
0,-8,63,54
0,12,63,54
0,-9,63,54
60,12,71,120
0,5,71,120
0,7,84,120
0,-19,71,120
0,4,71,120
0,-12,71,120
0,3,71,120
150,-10,61,270
30,34,66,60
0,-12,66,60
0,-15,61,240
30,3,61,210
30,10,70,180
0,8,70,180
0,4,83,180
0,-16,72,180
180,3,64,60
0,12,77,60
0,-38,66,240
30,7,66,210
30,17,70,120
0,12,83,120
0,-21,78,180
180,-10,61,240
30,7,61,210
30,12,64,180
0,8,64,180
0,4,77,180
0,-16,72,180
180,6,64,60
0,12,77,60
0,-38,57,240
30,7,57,210
30,20,68,240
0,4,68,240
0,8,81,240
0,-24,68,180
180,-22,57,240
30,7,57,210
30,29,67,180
0,-2,67,180
0,12,79,180
0,-7,67,180
0,-24,68,180
180,18,63,60
0,12,75,60
0,-50,57,240
30,7,57,210
30,29,69,240
0,7,69,240
0,5,82,240
0,-33,68,180
180,-10,56,240
30,7,56,210
30,22,67,180
0,7,67,180
0,5,79,180
0,-10,67,180
0,-16,67,180
180,12,62,60
0,12,74,60
0,-32,61,240
30,7,61,210
30,20,66,120
0,4,78,120
0,-12,66,120
0,-4,72,180
240,-16,64,60
0,-12,55,60
60,13,64,60
0,-12,55,60
60,14,66,60
0,-12,56,60
60,13,67,60
0,-12,56,60
60,14,67,60
0,-12,56,60
60,14,68,60
0,-12,57,60
60,14,69,60
0,-12,58,60
60,14,69,60
0,-12,58,60
60,13,70,60
0,-12,59,60
60,14,71,60
0,-12,60,60
60,13,71,60
0,-12,60,60
60,14,72,60
0,-12,61,60
60,14,73,60
0,-12,61,60
60,14,73,60
0,-12,61,60
60,14,74,60
0,-12,62,60
60,13,74,60
0,-12,62,60
60,14,75,60
0,-12,63,60
60,13,77,60
0,-12,64,60
60,14,77,60
0,-12,64,60
60,14,78,60
0,-12,66,60
60,14,77,60
0,-12,67,60
60,14,77,60
0,-12,65,60
60,13,78,60
0,-12,66,60
60,14,79,60
0,-12,67,60
60,13,80,60
0,-12,68,60
60,14,80,60
0,-12,69,60
60,14,81,60
0,-12,70,60
60,14,82,90
0,-12,71,90
90,14,83,90
0,-12,72,60
90,13,92,120
0,-12,92,120
180,14,85,60
60,-11,77,120
0,9,91,120
0,-3,91,120
0,-64,68,120
0,12,80,120
120,51,85,120
0,-6,72,120
0,9,85,120
120,-8,75,240
0,6,90,240
0,3,90,240
0,-43,61,120
0,12,72,120
240,21,72,240
0,7,85,240
0,5,85,240
0,-24,67,240
0,-5,67,240
0,-4,67,240
0,12,79,240
240,5,74,240
0,4,74,240
0,8,88,240
0,-15,77,240
0,-5,64,240
0,-7,64,240
240,10,72,240
0,5,72,240
0,7,85,240
0,-27,61,240
0,8,61,240
0,4,72,240
240,5,74,240
0,3,74,240
0,9,88,240
0,-16,77,240
0,-5,64,240
0,-7,64,240
240,14,72,240
0,5,72,240
0,7,85,240
0,-27,61,240
0,8,61,240
0,4,72,240
240,0,70,240
0,3,70,240
0,9,83,240
0,-16,73,240
0,-5,60,240
0,-7,60,240
240,12,68,240
0,4,68,240
0,8,80,240
0,-27,57,240
0,12,68,240
240,0,70,240
0,3,70,240
0,9,83,240
0,-16,73,240
0,-5,60,240
0,-7,60,240
240,14,68,240
0,4,68,240
0,8,80,240
0,-24,57,240
0,7,57,240
0,3,68,240
240,-1,68,120
0,8,68,120
0,4,80,120
0,-40,57,120
0,12,68,120
240,19,66,60
0,-12,57,240
0,5,57,240
0,4,68,240
60,5,61,60
60,-2,65,60
60,2,61,60
60,-3,81,240
0,-9,62,240
0,3,62,240
0,3,73,240
240,6,71,80
0,-24,57,120
0,12,68,120
80,15,73,80
80,3,75,80
80,3,77,80
0,-45,62,120
0,12,73,120
80,36,79,80
80,3,81,80
80,3,83,80
0,-55,63,240
0,12,75,240
80,46,85,80
80,12,87,80
80,-11,89,120
0,12,89,120
0,-72,64,120
0,12,76,120
240,31,75,60
0,12,89,60
0,-7,75,60
0,-17,60,60
0,3,60,60
0,2,60,60
0,4,71,60
120,3,70,60
0,12,83,60
0,-7,70,60
0,-17,56,60
0,3,56,60
0,2,56,60
0,4,67,60
120,3,75,120
0,5,75,120
0,7,89,120
0,-24,60,120
0,3,60,120
0,2,60,120
0,4,71,120
240,2,70,120
0,6,70,120
0,6,83,120
0,-23,55,120
0,3,55,120
0,2,55,120
0,3,65,120
120,4,73,120
0,5,73,120
0,7,87,120
0,-24,58,120
0,3,58,120
0,2,58,120
0,4,69,120
120,5,77,240
0,3,77,240
0,9,91,240
0,-26,61,240
0,3,61,240
0,2,61,240
0,5,72,240
240,-1,75,240
0,6,75,240
0,2,75,240
0,4,89,240
0,-21,59,240
0,3,59,240
0,2,59,240
0,7,70,240
240,-2,74,120
0,4,74,120
0,8,88,120
0,-36,62,120
0,12,74,120
240,7,66,60
0,-12,57,240
0,5,57,240
0,4,68,240
60,5,61,60
60,-2,65,60
60,2,61,60
60,-3,81,240
0,-9,62,240
0,3,62,240
0,3,73,240
240,6,71,80
0,-24,57,120
0,12,68,120
80,15,73,80
80,3,75,80
80,3,77,80
0,-45,62,120
0,12,73,120
80,36,79,80
80,3,81,80
80,3,83,80
0,-55,63,240
0,12,75,240
80,46,85,80
80,12,87,80
80,-11,89,120
0,12,89,120
0,-72,64,120
0,12,76,120
240,31,75,60
0,12,89,60
0,-7,75,60
0,-17,60,60
0,3,60,60
0,2,60,60
0,4,71,60
120,3,70,60
0,12,83,60
0,-7,70,60
0,-17,56,60
0,3,56,60
0,2,56,60
0,4,67,60
120,3,75,120
0,5,75,120
0,7,89,120
0,-24,60,120
0,3,60,120
0,2,60,120
0,4,71,120
120,5,63,120
0,3,63,120
0,9,75,120
0,-26,51,120
0,3,51,120
0,2,51,120
0,5,60,120
120,1,70,120
0,6,70,120
0,6,83,120
0,-23,55,120
0,3,55,120
0,2,55,120
0,3,65,120
120,4,73,120
0,5,73,120
0,7,87,120
0,-24,58,120
0,3,58,120
0,2,58,120
0,4,69,120
120,5,77,240
0,3,77,240
0,9,91,240
0,-26,61,240
0,3,61,240
0,2,61,240
0,5,72,240
240,-1,75,240
0,6,75,240
0,2,75,240
0,4,89,240
0,-21,59,240
0,3,59,240
0,2,59,240
0,7,70,240
240,7,85,360
0,-9,78,360
0,4,84,360
0,8,102,360
0,-48,70,120
0,12,84,120
240,-5,67,120
0,12,79,120
120,24,93,108
120,-12,79,300
0,9,79,480
0,3,93,480
0,-19,77,120
0,-12,64,120
240,7,72,60
0,12,85,60
240,-7,73,120
0,12,86,120
240,4,74,120
0,8,74,120
0,4,88,120
0,-21,61,120
0,12,73,120
120,-2,73,120
0,9,73,120
0,3,86,120
120,-8,82,360
0,8,88,360
0,4,102,360
0,-57,70,120
0,12,84,120
240,-5,67,120
0,12,79,120
120,24,79,108
0,9,79,108
0,3,93,108
120,-12,79,480
0,9,79,480
0,3,93,480
0,-31,77,120
0,-12,64,120
240,7,72,60
0,12,85,60
240,-7,73,120
0,12,86,120
240,4,74,120
0,8,74,120
0,4,88,120
0,-21,61,120
0,12,73,120
120,-2,73,120
0,9,73,120
0,3,86,120
120,-8,82,360
0,8,88,360
0,4,102,360
0,-57,70,120
0,12,84,120
240,-5,67,120
0,12,79,120
120,24,79,120
0,9,79,120
0,3,93,120
120,-10,82,360
0,8,88,360
0,4,102,360
0,-33,77,120
0,-12,64,120
240,7,72,60
0,12,85,60
120,12,79,120
0,9,79,120
0,3,93,120
120,-10,82,360
0,8,88,360
0,4,102,360
0,-33,73,120
0,12,86,120
240,-17,61,120
0,12,73,120
120,12,79,120
0,9,79,120
0,3,93,120
120,-10,82,360
0,8,88,360
0,4,102,360
0,-45,70,120
0,12,84,120
240,-17,67,120
0,12,79,120
120,24,79,108
0,9,79,108
0,3,93,108
120,-12,79,480
0,9,79,480
0,3,93,480
0,-55,71,60
0,12,84,60
120,-13,68,60
0,12,80,60
120,-14,68,60
0,12,81,60
120,-14,68,60
0,12,81,60
120,50,93,60
0,-5,79,60
0,-7,79,60
0,-45,64,60
0,12,77,60
120,35,81,120
0,5,81,120
0,7,96,120
0,-60,68,60
0,12,80,60
120,37,85,120
0,4,85,120
0,8,100,120
0,-63,70,60
0,12,83,60
120,41,89,120
0,5,89,240
0,7,105,120
0,-67,73,60
0,12,86,60
120,57,110,240
0,-4,110,240
0,-8,93,240
0,-52,74,240
0,12,89,240
720,8,79,60
0,3,79,60
0,5,93,60
0,4,93,60
0,-28,65,60
0,7,65,60
0,5,77,60
120,4,75,60
0,3,75,60
0,5,89,60
0,4,89,60
0,-28,61,60
0,7,61,60
0,5,72,60
120,4,79,120
0,3,79,120
0,5,93,120
0,4,93,120
0,-28,65,120
0,7,65,120
0,5,77,120
240,4,74,120
0,3,74,120
0,5,88,120
0,4,88,120
0,-28,60,120
0,7,60,120
0,5,71,120
150,4,78,330
30,3,78,300
0,-19,60,300
30,24,92,270
0,-17,60,270
30,21,92,240
0,-16,71,240
390,4,79,330
30,3,79,300
0,-19,60,300
30,24,93,270
0,-17,60,270
30,21,93,240
0,-16,71,240
390,3,79,330
30,4,79,300
0,-16,60,300
30,22,93,270
30,2,93,240
0,-17,71,240
480,10,86,240
0,4,86,240
0,8,102,240
0,-36,67,240