960,69,77,720
480,-3,68,480
0,-16,59,240
240,23,70,240
240,1,71,240
0,-8,60,480
0,-16,52,480
0,7,52,480
0,5,52,480
240,14,71,240
240,2,72,240
0,-12,61,480
0,-16,52,480
0,7,52,480
0,5,52,480
240,17,73,120
120,-1,70,60
60,1,68,60
60,-1,76,480
0,-33,59,240
480,22,62,480
0,9,74,240
0,-24,54,480
0,5,54,480
0,4,54,480
240,13,74,240
240,-7,62,480
0,6,73,240
0,-21,54,480
0,5,54,480
0,4,54,480
240,10,72,240
240,-2,74,240
0,-31,59,240
240,36,70,240
240,-8,62,480
0,8,74,160
0,-24,54,480
0,7,54,480
0,5,54,480
160,14,70,160
160,-2,70,160
160,-8,59,480
0,7,70,240
0,-23,54,480
0,7,54,480
0,5,54,480
240,9,70,240
240,2,73,1440
0,-28,59,240
480,19,44,480
0,5,53,480
0,-12,43,480
480,10,57,480
0,2,68,480
0,-12,56,480
0,7,56,480
480,5,74,240
0,-19,59,240
240,23,70,240
240,1,71,240
0,-8,60,480
0,-9,52,480
0,5,52,480
240,14,71,240
240,2,72,240
0,-12,61,480
0,-16,52,480
0,7,52,480
0,5,52,480
240,17,73,120
120,-1,70,60
60,1,68,60
60,-1,76,480
0,-35,59,240
480,24,62,480
0,9,74,240
0,-17,54,480
0,5,54,480
240,10,74,240
240,-7,62,480
0,6,73,240
0,-21,54,480
0,7,54,480
0,5,54,10
240,7,72,240
240,-2,74,240
0,-24,59,240
240,28,70,240
240,-6,62,480
0,6,74,160
0,-16,54,480
0,7,54,480
160,10,70,160
160,-1,70,160
160,-6,59,480
0,4,70,240
0,-14,54,480
0,7,54,14
240,5,70,240
240,5,73,1440
0,-36,59,240
480,28,53,480
0,-16,36,480
0,7,36,480
0,5,43,480
480,4,47,960
0,-16,39,960
0,7,39,960
0,5,39,960
480,7,40,240
240,4,39,240
240,1,39,240
0,-8,33,480
0,-16,23,480
0,7,23,480
0,5,23,480
240,14,39,240
240,2,40,240
0,-12,33,480
0,-16,23,480
0,7,23,480
0,5,23,480
240,17,40,120
120,-1,39,60
60,1,37,60
60,-1,42,480
0,-33,27,240
480,22,34,480
0,9,40,240
0,-24,24,480
0,5,24,480
0,4,24,480
240,13,40,240
240,-7,34,480
0,6,40,240
0,-21,24,480
0,5,24,480
0,4,24,480
240,10,40,240
240,-2,40,240
0,-31,27,240
240,36,39,240
240,-8,34,480
0,8,40,160
0,-24,24,480
0,7,24,480
0,5,24,480
160,14,39,160
160,-2,39,160
160,-8,32,480
0,7,39,240
0,-23,24,480
0,7,24,480
0,5,24,480
240,9,39,240
240,2,40,1440
0,-28,27,240
480,19,24,480
0,5,29,480
0,-8,20,480
0,-4,20,480
480,10,31,480
0,2,37,480
0,-12,26,960
0,7,26,480
480,5,40,240
0,-19,27,480
240,23,39,240
240,1,39,240
0,-8,33,480
0,-9,23,480
0,5,23,480
240,14,39,240
240,2,40,240
0,-12,33,480
0,-16,23,480
0,7,23,480
0,5,23,480
240,17,40,120
120,-1,39,60
60,1,37,60
60,-1,42,480
0,-35,27,240
480,24,34,480
0,9,40,240
0,-17,24,480
0,5,24,480
240,10,40,240
240,-7,34,480
0,6,40,240
0,-21,24,480
0,7,24,480
0,5,24,9
240,7,40,240
240,-2,40,240
0,-24,27,240
240,28,39,240
240,-6,34,480
0,6,40,160
0,-16,24,480
0,7,24,480
160,10,39,160
160,-1,39,160
160,-6,32,480
0,4,39,240
0,-14,24,480
0,7,24,12
240,5,39,240
240,5,40,1440
0,-36,27,240
480,28,29,480
0,-16,17,480
0,7,17,480
0,5,20,480
480,4,37,480
0,-16,26,480
0,7,26,480
0,5,26,480
480,2,73,7
0,-19,59,240
240,23,70,240
240,1,71,240
0,-8,60,480
0,-16,52,480
0,7,52,480
0,5,52,480
240,14,71,240
240,2,72,240
0,-12,61,480
0,-16,52,480
0,7,52,480
0,5,52,480
240,17,73,120
120,-1,70,60
60,1,68,60
60,-1,76,480
0,-33,59,240
480,22,62,480
0,9,74,240
0,-19,54,480
0,7,54,480
240,10,74,240
240,-7,62,480
0,6,73,240
0,-16,54,480
0,7,54,480
240,7,72,240
240,-2,74,240
0,-31,59,240
240,36,70,240
240,-8,62,480
0,8,74,160
0,-24,54,480
0,7,54,480
0,5,54,480
160,14,70,160
160,-2,70,160
160,-8,59,480
0,7,70,240
0,-23,54,480
0,7,54,480
0,5,54,480
240,9,70,240
240,2,73,1440
0,-28,59,240
480,19,44,480
0,5,53,480
0,-12,43,480
480,10,57,480
0,2,68,480
0,-12,56,480
0,7,56,480
480,5,74,10
0,-19,59,240
240,23,70,240
240,1,71,240
0,-8,60,480
0,-9,52,480
0,5,52,480
240,14,71,240
240,2,72,240
0,-12,61,480
0,-16,52,480
0,7,52,480
0,5,52,480
240,17,73,120
120,-1,70,60
60,1,68,60
60,-1,76,480
0,-35,59,240
480,24,62,480
0,9,74,240
0,-17,54,480
0,5,54,480
240,10,74,240
240,-7,62,480
0,6,73,240
0,-21,54,480
0,7,54,480
0,5,54,480
240,7,72,240
240,-2,74,240
0,-24,59,240
240,28,70,240
240,-6,62,480
0,6,74,160
0,-16,54,480
0,7,54,480
160,10,70,160
160,-1,70,160
160,-6,59,480
0,4,70,240
0,-14,54,480
0,7,54,480
240,5,70,240
240,5,73,1440
0,-36,59,240
480,28,53,480
0,-16,36,480
0,7,36,480
0,5,43,480
480,4,47,960
0,-16,39,960
0,7,39,960
0,5,39,960
480,7,40,16
240,4,39,240
240,1,39,240
0,-8,33,480
0,-16,23,480
0,7,23,480
0,5,23,480
240,14,39,240
240,2,40,240
0,-12,33,480
0,-16,23,480
0,7,23,480
0,5,23,480
240,17,40,120
120,-1,39,60
60,1,37,60
60,-1,42,480
0,-33,27,240
480,22,34,480
0,9,40,240
0,-19,24,480
0,7,24,480
240,10,40,240
240,-7,34,480
0,6,40,240
0,-16,24,480
0,7,24,480
240,7,40,240
240,-2,40,240
0,-31,27,240
240,36,39,240
240,-8,34,480
0,8,40,160
0,-24,24,480
0,7,24,480
0,5,24,480
160,14,39,160
160,-2,39,160
160,-8,32,480
0,7,39,240
0,-23,24,480
0,7,24,480
0,5,24,480
240,9,39,240
240,2,40,1440
0,-28,27,240
480,19,24,480
0,5,29,480
0,-12,20,480
480,10,31,480
0,2,37,480
0,-12,26,960
0,7,26,480
480,5,40,10
0,-19,27,480
240,23,39,240
240,1,39,240
0,-8,33,480
0,-9,23,480
0,5,23,480
240,14,39,240
240,2,40,240
0,-12,33,480
0,-16,23,480
0,7,23,480
0,5,23,480
240,17,40,120
120,-1,39,60
60,1,37,60
60,-1,42,480
0,-35,27,240
480,24,34,480
0,9,40,240
0,-17,24,480
0,5,24,480
240,10,40,240
240,-7,34,480
0,6,40,240
0,-21,24,480
0,7,24,480
0,5,24,480
240,7,40,240
240,-2,40,240
0,-24,27,240
240,28,39,240
240,-6,34,480
0,6,40,160
0,-16,24,480
0,7,24,480
160,10,39,160
160,-1,39,160
160,-6,32,480
0,4,39,240
0,-14,24,480
0,7,24,480
240,5,39,240
240,5,40,1680
0,-36,32,240
480,28,37,480
0,-4,25,480
0,7,30,480
480,3,73,480
0,-6,73,480
0,-4,60,480
0,7,60,480
480,2,78,480
0,-16,67,240
240,23,80,240
240,1,81,240
0,-8,69,480
0,-16,59,480
0,7,59,480
0,5,59,480
240,14,81,240
240,2,82,240
0,-12,70,480
0,-16,59,480
0,7,59,480
0,5,59,480
240,17,83,120
120,-1,80,60
60,1,78,60
60,-1,87,480
0,-33,67,240
480,22,71,480
0,9,85,240
0,-24,62,480
0,5,62,480
0,4,62,480
240,13,85,240
240,-7,71,480
0,6,83,240
0,-21,62,480
0,5,62,480
0,4,62,480
240,10,82,240
240,-2,85,240
0,-31,67,240
240,36,80,240
240,-8,71,480
0,8,85,160
0,-24,62,480
0,7,62,480
0,5,62,480
160,14,80,160
160,-2,80,160
160,-8,67,480
0,7,80,240
0,-23,62,480
0,7,62,480
0,5,62,480
240,9,80,240
240,2,83,1440
0,-28,67,240
480,19,50,480
0,5,60,480
0,-12,49,480
480,10,65,480
0,2,78,480
0,-12,64,480
0,7,64,480
480,5,85,240
0,-19,67,240
240,23,80,240
240,1,81,240
0,-8,69,480
0,-9,59,480
0,5,59,480
240,14,81,240
240,2,82,240
0,-12,70,480
0,-16,59,480
0,7,59,480
0,5,59,480
240,17,83,120
120,-1,80,60
60,1,78,60
60,-1,87,480
0,-35,67,240
480,24,71,480
0,9,85,240
0,-17,62,480
0,5,62,480
240,10,85,240
240,-7,71,480
0,6,83,240
0,-21,62,480
0,7,62,480
0,5,62,6
240,7,82,240
240,-2,85,240
0,-24,67,240
240,28,80,240
240,-6,71,480
0,6,85,160
0,-16,62,480
0,7,62,480
160,10,80,160
160,-1,80,160
160,-6,67,480
0,4,80,240
0,-14,62,480
0,7,62,12
240,5,80,240
240,5,83,1440
0,-36,67,240
480,28,60,480
0,-16,41,480
0,7,41,480
0,5,49,480
480,4,54,960
0,-16,44,960
0,7,44,960
0,5,44,960
480,7,40,240
240,4,39,240
240,1,39,240
0,-8,33,480
0,-16,23,480
0,7,23,480
0,5,23,480
240,14,39,240
240,2,40,240
0,-12,33,480
0,-16,23,480
0,7,23,480
0,5,23,480
240,17,40,120
120,-1,39,60
60,1,37,60
60,-1,42,480
0,-33,27,240
480,22,34,480
0,9,40,240
0,-24,24,480
0,5,24,480
0,4,24,480
240,13,40,240
240,-7,34,480
0,6,40,240
0,-21,24,480
0,5,24,480
0,4,24,480
240,10,40,240
240,-2,40,240
0,-31,27,240
240,36,39,240
240,-8,34,480
0,8,40,160
0,-24,24,480
0,7,24,480
0,5,24,480
160,14,39,160
160,-2,39,160
160,-8,32,480
0,7,39,240
0,-23,24,480
0,7,24,480
0,5,24,480
240,9,39,240
240,2,40,1440
0,-28,27,240
480,19,24,480
0,5,29,480
0,-8,20,480
0,-4,20,480
480,10,31,480
0,2,37,480
0,-12,26,960
0,7,26,480
480,5,40,240
0,-19,27,480
240,23,39,240
240,1,39,240
0,-8,33,480
0,-9,23,480
0,5,23,480
240,14,39,240
240,2,40,240
0,-12,33,480
0,-16,23,480
0,7,23,480
0,5,23,480
240,17,40,120
120,-1,39,60
60,1,37,60
60,-1,42,480
0,-35,27,240
480,24,34,480
0,9,40,240
0,-17,24,480
0,5,24,480
240,10,40,240
240,-7,34,480
0,6,40,240
0,-21,24,480
0,7,24,480
0,5,24,15
240,7,40,240
240,-2,40,240
0,-24,27,240
240,28,39,240
240,-6,34,480
0,6,40,160
0,-16,24,480
0,7,24,480
160,10,39,160
160,-1,39,160
160,-6,32,480
0,4,39,240
0,-14,24,480
0,7,24,14
240,5,39,240
240,5,40,1800
0,-36,27,480
480,28,29,480
0,-16,17,480
0,7,17,480
0,5,20,480
480,4,37,480
0,-16,26,480
0,7,26,480
0,5,26,480
480,3,54,960
0,-19,44,480
360,28,58,120
120,1,62,480
0,-13,40,480
0,-4,33,480
0,-5,33,480
480,17,42,960
0,6,55,480
0,-23,34,480
0,9,41,480
0,-4,34,480
480,21,64,360
0,-38,46,480
360,36,60,120
120,-8,49,240
0,3,64,480
0,-9,43,480
0,-3,35,480
0,-7,35,480
240,14,47,240
240,-2,48,960
0,7,57,480
0,-9,44,480
0,-3,36,480
0,-7,36,480
480,21,64,360
0,-28,49,480
360,28,64,120
120,-9,50,480
0,5,50,480
0,5,69,480
0,-13,45,480
0,-4,37,480
0,-5,37,480
480,12,51,960
0,5,51,480
0,6,61,480
0,-23,38,480
0,9,46,480
0,-4,38,480
480,14,52,480
0,7,71,360
0,-34,51,840
360,32,66,120
120,-12,59,480
0,7,71,960
0,-12,47,360
360,-17,48,120
120,26,67,480
0,8,81,480
0,-36,62,480
480,35,73,240
0,-6,69,240
0,12,86,240
0,-46,55,480
0,12,64,480
360,22,66,120
0,6,69,120
0,6,82,120
120,-12,70,480
0,6,72,480
0,6,85,480
0,-15,64,480
0,-7,55,480
480,10,70,480
0,6,70,480
0,6,83,480
480,-5,73,240
0,-7,73,240
0,12,86,240
0,-41,64,240
360,29,69,120
0,7,69,120
0,5,82,120
0,-23,65,120
120,11,72,480
0,7,72,480
0,5,85,480
0,-22,72,360
360,1,68,120
120,8,67,480
0,8,70,480
0,4,83,480
0,-21,72,480
480,16,64,240
0,-6,64,240
0,11,78,240
0,-33,58,240
360,22,61,120
0,6,61,120
0,5,73,120
0,-22,58,120
120,11,63,480
0,6,63,480
0,5,76,480
0,-21,63,360
360,2,58,120
120,8,60,480
0,6,60,480
0,3,72,480
0,-19,62,480
480,15,58,240
0,-6,58,240
0,10,70,240
0,-26,52,240
360,16,52,120
0,6,52,120
0,4,62,120
0,-20,46,120
120,10,54,480
0,6,54,480
0,4,64,480
0,-19,54,360
360,4,45,120
120,5,46,480
0,6,46,480
0,2,56,480
0,-12,47,480
480,9,61,360
0,-28,44,480
360,28,58,120
120,-9,45,480
0,5,45,480
0,5,62,480
0,-13,40,480
0,-4,33,480
0,-5,33,480
480,12,46,480
0,5,46,480
0,6,55,480
0,-23,34,480
0,9,41,480
0,-4,34,480
480,20,64,360
0,-33,46,480
360,32,60,120
120,-12,53,360
0,7,64,480
0,-9,43,480
0,-3,35,480
0,-7,35,480
360,13,47,120
120,-1,48,480
0,7,57,480
0,-9,44,480
0,-3,36,480
0,-7,36,480
480,20,68,360
0,-27,49,480
360,27,64,120
120,-8,50,480
0,5,50,480
0,5,69,480
0,-14,45,480
0,-3,37,480
0,-5,37,480
480,12,50,480
0,5,50,480
0,6,60,480
0,-23,37,480
0,8,45,480
0,-3,37,480
480,20,74,360
0,-34,53,480
360,33,72,120
120,-4,62,480
0,-5,62,480
0,12,75,480
0,-27,46,360
0,3,46,360
0,9,54,360
0,-4,46,360
360,-15,54,120
120,27,73,480
0,12,89,480
0,-41,67,480
480,28,80,240
0,-6,80,240
0,12,94,240
0,-46,70,480
360,34,75,120
0,6,75,120
0,6,90,120
120,-12,79,480
0,6,79,480
0,6,93,480
0,-15,70,480
0,-7,60,480
480,10,75,480
0,6,75,480
0,6,90,480
480,-5,79,240
0,-7,79,240
0,12,93,240
0,-41,69,240
360,29,73,120
0,7,73,120
0,5,88,120
0,-23,73,120
120,11,77,480
0,7,77,480
0,5,91,480
0,-22,77,360
360,2,72,120
120,7,73,480
0,8,73,480
0,4,88,480
0,-21,75,480
480,16,67,240
0,-6,67,240
0,11,81,240
0,-33,60,240
360,22,63,120
0,6,63,120
0,5,76,120
0,-22,60,120
120,11,59,480
0,6,65,480
0,5,77,480
0,-21,65,360
360,1,63,120
120,9,63,480
0,6,63,480
0,3,74,480
0,-19,64,480
480,10,59,240
0,9,72,240
0,-26,53,240
360,17,53,120
0,2,53,120
0,7,63,120
0,-20,46,120
120,11,55,480
0,2,55,960
0,7,65,480
0,-19,55,360
360,4,45,120
120,5,46,480
0,8,56,480
0,-12,47,480
480,7,52,160
0,6,62,160
0,-33,40,240
160,21,56,160
160,6,47,1120
0,6,56,640
160,-12,66,480
0,-3,35,480
0,-6,29,480
480,9,58,480
0,12,63,480
0,-21,30,480
0,6,36,480
480,10,56,160
0,5,66,160
0,-32,43,240
160,20,59,160
160,7,50,1120
0,5,60,880
160,-12,70,720
0,-5,37,480
0,-3,31,480
480,0,32,480
0,3,38,480
240,4,60,240
0,12,64,240
240,-5,59,160
0,6,70,160
0,-33,45,240
160,21,63,160
160,6,53,1120
0,6,63,640
160,-12,74,480
0,-3,40,480
0,-6,33,480
480,9,65,480
0,12,70,480
0,-21,34,480
0,6,40,480
480,10,62,160
0,5,74,160
0,-32,48,240
160,20,66,160
160,7,56,1120
0,5,67,880
160,-12,78,720
0,-5,42,480
0,-3,35,480
480,0,36,480
0,3,43,480
240,4,67,240
0,12,72,240
240,-5,66,160
0,6,78,160
0,-34,51,240
160,22,70,160
160,6,59,1120
0,6,70,640
160,-12,82,480
0,-3,44,480
0,-7,37,480
480,10,70,480
0,12,76,480
0,-22,37,480
0,7,44,480
480,10,66,160
0,5,78,160
0,-29,51,240
160,17,70,160
160,7,59,1120
0,5,70,880
160,-12,82,720
0,-5,44,480
0,-5,37,480
480,0,37,480
0,5,44,480
240,4,68,240
0,12,73,240
240,-5,66,160
0,6,78,160
0,-34,51,240
160,22,70,160
160,6,59,1120
0,6,70,640
160,-12,82,480
0,-3,44,480
0,-7,37,480
480,10,70,480
0,12,76,480
0,-22,37,480
0,7,44,480
480,10,66,160
0,5,78,160
0,-29,51,240
160,17,70,160
160,7,59,1120
0,5,70,880
160,-12,82,720
0,-5,44,480
0,-5,37,480
480,0,37,480
0,5,44,480
240,4,68,240
0,12,73,240
240,-5,52,160
0,6,62,160
0,-33,40,240
160,21,56,160
160,6,47,1120
0,6,56,640
160,-12,65,480
0,-3,35,480
0,-6,29,480
480,9,56,480
0,12,61,480
0,-21,29,480
0,6,35,480
480,10,54,160
0,5,63,160
0,-32,41,240
160,20,57,160
160,7,48,1120
0,5,58,880
160,-12,68,720
0,-5,36,480
0,-3,30,480
480,0,31,480
0,3,36,480
240,4,57,240
0,12,61,240
240,-5,56,160
0,6,66,160
0,-33,43,240
160,21,59,160
160,6,50,1120
0,6,59,640
160,-12,69,480
0,-3,37,480
0,-6,31,480
480,9,60,480
0,12,65,480
0,-21,31,480
0,6,37,480
480,10,57,160
0,5,67,160
0,-32,44,240
160,20,60,160
160,7,51,1120
0,5,61,880
160,-12,72,720
0,-5,38,480
0,-3,32,480
480,0,32,480
0,3,39,480
240,4,60,240
0,12,64,240
240,-5,59,160
0,6,70,160
0,-34,45,240
160,22,63,160
160,6,53,1120
0,6,63,640
160,-12,73,480
0,-3,39,480
0,-7,33,480
480,10,63,480
0,12,68,480
0,-22,33,480
0,7,39,480
480,10,59,160
0,5,70,160
0,-29,45,240
160,17,63,160
160,7,53,1120
0,5,63,880
160,-12,73,720
0,-5,39,480
0,-5,33,480
480,0,33,480
0,5,39,480
240,4,61,240
0,12,65,240
240,-5,59,160
0,6,70,160
0,-34,45,240
160,22,63,160
160,6,52,1120
0,6,62,640
160,-12,72,480
0,-3,38,480
0,-7,32,480
480,10,59,480
0,12,64,480
0,-22,31,480
0,7,36,480
480,8,54,160
0,7,64,160
0,-29,42,240
160,17,57,160
160,5,47,1120
0,7,56,880
160,-12,65,480
0,2,35,480
0,-7,29,480
480,4,53,480
0,-4,28,480
0,7,34,255
240,9,56,240
240,-4,68,240
0,-19,59,240
240,23,70,240
240,1,71,240
0,-8,60,480
0,-16,52,480
0,7,52,480
0,5,52,480
240,14,71,240
240,2,72,240
0,-12,61,480
0,-16,52,480
0,7,52,480
0,5,52,480
240,17,73,120
120,-1,70,60
60,1,68,60
60,-1,76,480
0,-33,59,240
480,22,62,480
0,9,74,240
0,-24,54,480
0,5,54,480
0,4,54,480
240,13,74,240
240,-7,62,480
0,6,73,240
0,-21,54,480
0,5,54,480
0,4,54,480
240,10,72,240
240,-2,74,240
0,-31,59,240
240,36,70,240
240,-8,62,480
0,8,74,160
0,-24,54,480
0,7,54,480
0,5,54,480
160,14,70,160
160,-2,70,160
160,-8,59,480
0,7,70,240
0,-23,54,480
0,7,54,480
0,5,54,480
240,9,70,240
240,2,73,1440
0,-28,59,240
480,19,44,480
0,5,53,480
0,-12,43,480
480,10,57,480
0,2,68,480
0,-12,56,480
0,7,56,480
480,5,74,240
0,-19,59,240
240,23,70,240
240,1,71,240
0,-8,60,480
0,-9,52,480
0,5,52,480
240,14,71,240
240,2,72,240
0,-12,61,480
0,-16,52,480
0,7,52,480
0,5,52,480
240,17,73,120
120,-1,70,60
60,1,68,60
60,-1,76,480
0,-35,59,240
480,24,62,480
0,9,74,240
0,-17,54,480
0,5,54,480
240,10,74,240
240,-7,62,480
0,6,73,240
0,-21,54,480
0,7,54,480
0,5,54,10
240,7,72,240
240,-2,74,240
0,-24,59,240
240,28,70,240
240,-6,62,480
0,6,74,160
0,-16,54,480
0,7,54,480
160,10,70,160
160,-1,70,160
160,-6,59,480
0,4,70,240
0,-14,54,480
0,7,54,14
240,5,70,240
240,5,73,1440
0,-36,59,240
480,28,53,480
0,-16,36,480
0,7,36,480
0,5,43,480
480,4,47,960
0,-16,39,960
0,7,39,960
0,5,39,960
480,7,40,240
240,4,39,240
240,1,39,240
0,-8,33,480
0,-16,23,480
0,7,23,480
0,5,23,480
240,14,39,240
240,2,40,240
0,-12,33,480
0,-16,23,480
0,7,23,480
0,5,23,480
240,17,40,120
120,-1,39,60
60,1,37,60
60,-1,42,480
0,-33,27,240
480,22,34,480
0,9,40,240
0,-24,24,480
0,5,24,480
0,4,24,480
240,13,40,240
240,-7,34,480
0,6,40,240
0,-21,24,480
0,5,24,480
0,4,24,480
240,10,40,240
240,-2,40,240
0,-31,27,240
240,36,39,240
240,-8,34,480
0,8,40,160
0,-24,24,480
0,7,24,480
0,5,24,480
160,14,39,160
160,-2,39,160
160,-8,32,480
0,7,39,240
0,-23,24,480
0,7,24,480
0,5,24,480
240,9,39,240
240,2,40,1440
0,-28,27,240
480,19,24,480
0,5,29,480
0,-8,20,480
0,-4,20,480
480,10,31,480
0,2,37,480
0,-12,26,960
0,7,26,480
480,5,40,240
0,-19,27,480
240,23,39,240
240,1,39,240
0,-8,33,480
0,-9,23,480
0,5,23,480
240,14,39,240
240,2,40,240
0,-12,33,480
0,-16,23,480
0,7,23,480
0,5,23,480
240,17,40,120
120,-1,39,60
60,1,37,60
60,-1,42,480
0,-35,27,240
480,24,34,480
0,9,40,240
0,-17,24,480
0,5,24,480
240,10,40,240
240,-7,34,480
0,6,40,240
0,-21,24,480
0,7,24,480
0,5,24,15
240,7,40,240
240,-2,40,240
0,-24,27,240
240,28,39,240
240,-6,34,480
0,6,40,160
0,-16,24,480
0,7,24,480
160,10,39,160
160,-1,39,160
160,-6,32,480
0,4,39,240
0,-14,24,480
0,7,24,15
240,5,39,240
240,5,40,1440
0,-36,27,240
480,28,29,480
0,-16,17,480
0,7,17,480
0,5,20,480
480,4,37,480
0,-16,26,480
0,7,26,480
0,5,26,480
480,2,73,13
0,-19,59,240
240,23,70,240
240,1,71,240
0,-8,60,480
0,-16,52,480
0,7,52,480
0,5,52,480
240,14,71,240
240,2,72,240
0,-12,61,480
0,-16,52,480
0,7,52,480
0,5,52,480
240,17,73,120
120,-1,70,60
60,1,68,60
60,-1,76,480
0,-33,59,240
480,22,62,480
0,9,74,240
0,-19,54,480
0,7,54,480
240,10,74,240
240,-7,62,480
0,6,73,240
0,-16,54,480
0,7,54,480
240,7,72,240
240,-2,74,240
0,-31,59,240
240,36,70,240
240,-8,62,480
0,8,74,160
0,-24,54,480
0,7,54,480
0,5,54,480
160,14,70,160
160,-2,70,160
160,-8,59,480
0,7,70,240
0,-23,54,480
0,7,54,480
0,5,54,480
240,9,70,240
240,2,73,1440
0,-28,59,240
480,19,44,480
0,5,53,480
0,-12,43,480
480,10,57,480
0,2,68,480
0,-12,56,480
0,7,56,480
480,5,74,13
0,-19,59,240
240,23,70,240
240,1,71,240
0,-8,60,480
0,-9,52,480
0,5,52,480
240,14,71,240
240,2,72,240
0,-12,61,480
0,-16,52,480
0,7,52,480
0,5,52,480
240,17,73,120
120,-1,70,60
60,1,68,60
60,-1,76,480
0,-35,59,240
480,24,62,480
0,9,74,240
0,-17,54,480
0,5,54,480
240,10,74,240
240,-7,62,480
0,6,73,240
0,-21,54,480
0,7,54,480
0,5,54,480
240,7,72,240
240,-2,74,240
0,-24,59,240
240,28,70,240
240,-6,62,480
0,6,74,160
0,-16,54,480
0,7,54,480
160,10,70,160
160,-1,70,160
160,-6,59,480
0,4,70,240
0,-14,54,480
0,7,54,480
240,5,70,240
240,5,73,1440
0,-36,59,240
480,28,53,480
0,-16,36,480
0,7,36,480
0,5,43,480
480,4,47,960
0,-16,39,960
0,7,39,960
0,5,39,960
480,7,40,16
240,4,39,240
240,1,39,240
0,-8,33,480
0,-16,23,480
0,7,23,480
0,5,23,480
240,14,39,240
240,2,40,240
0,-12,33,480
0,-16,23,480
0,7,23,480
0,5,23,480
240,17,40,120
120,-1,39,60
60,1,37,60
60,-1,42,480
0,-33,27,240
480,22,34,480
0,9,40,240
0,-19,24,480
0,7,24,480
240,10,40,240
240,-7,34,480
0,6,40,240
0,-16,24,480
0,7,24,480
240,7,40,240
240,-2,40,240
0,-31,27,240
240,36,39,240
240,-8,34,480
0,8,40,160
0,-24,24,480
0,7,24,480
0,5,24,480
160,14,39,160
160,-2,39,160
160,-8,32,480
0,7,39,240
0,-23,24,480
0,7,24,480
0,5,24,480
240,9,39,240
240,2,40,1440
0,-28,27,240
480,19,24,480
0,5,29,480
0,-12,20,480
480,10,31,480
0,2,37,480
0,-12,26,960
0,7,26,480
480,5,40,7
0,-19,27,480
240,23,39,240
240,1,39,240
0,-8,33,480
0,-9,23,480
0,5,23,480
240,14,39,240
240,2,40,240
0,-12,33,480
0,-16,23,480
0,7,23,480
0,5,23,480
240,17,40,120
120,-1,39,60
60,1,37,60
60,-1,42,480
0,-35,27,240
480,24,34,480
0,9,40,240
0,-17,24,480
0,5,24,480
240,10,40,240
240,-7,34,480
0,6,40,240
0,-21,24,480
0,7,24,480
0,5,24,480
240,7,40,240
240,-2,40,240
0,-24,27,240
240,28,39,240
240,-6,34,480
0,6,40,160
0,-16,24,480
0,7,24,480
160,10,39,160
160,-1,39,160
160,-6,32,480
0,4,39,240
0,-14,24,480
0,7,24,480
240,5,39,240
240,5,40,1680
0,-36,27,240
480,28,37,480
0,-4,21,480
0,7,25,480
480,3,73,480
0,-6,73,480
0,-4,60,480
0,7,60,480
480,2,78,480
0,-16,67,240
240,23,80,240
240,1,81,240
0,-8,69,480
0,-16,59,480
0,7,59,480
0,5,59,480
240,14,81,240
240,2,82,240
0,-12,70,480
0,-16,59,480
0,7,59,480
0,5,59,480
240,17,83,120
120,-1,80,60
60,1,78,60
60,-1,87,480
0,-33,67,240
480,22,71,480
0,9,85,240
0,-24,62,480
0,5,62,480
0,4,62,480
240,13,85,240
240,-7,71,480
0,6,83,240
0,-21,62,480
0,5,62,480
0,4,62,480
240,10,82,240
240,-2,85,240
0,-31,67,240
240,36,80,240
240,-8,71,480
0,8,85,160
0,-24,62,480
0,7,62,480
0,5,62,480
160,14,80,160
160,-2,80,160
160,-8,67,480
0,7,80,240
0,-23,62,480
0,7,62,480
0,5,62,480
240,9,80,240
240,2,83,1440
0,-28,67,240
480,19,50,480
0,5,60,480
0,-12,49,480
480,10,65,480
0,2,78,480
0,-12,64,480
0,7,64,480
480,5,85,240
0,-19,67,240
240,23,80,240
240,1,81,240
0,-8,69,480
0,-9,59,480
0,5,59,480
240,14,81,240
240,2,82,240
0,-12,70,480
0,-16,59,480
0,7,59,480
0,5,59,480
240,17,83,120
120,-1,80,60
60,1,78,60
60,-1,87,480
0,-35,67,240
480,24,71,480
0,9,85,240
0,-17,62,480
0,5,62,480
240,10,85,240
240,-7,71,480
0,6,83,240
0,-21,62,480
0,7,62,480
0,5,62,14
240,7,82,240
240,-2,85,240
0,-24,67,240
240,28,80,240
240,-6,71,480
0,6,85,160
0,-16,62,480
0,7,62,480
160,10,80,160
160,-1,80,160
160,-6,67,480
0,4,80,240
0,-14,62,480
0,7,62,7
240,5,80,240
240,5,83,1440
0,-36,67,240
480,28,60,480
0,-16,41,480
0,7,41,480
0,5,49,480
480,4,54,960
0,-16,44,960
0,7,44,960
0,5,44,960
480,7,40,240
240,4,39,240
240,1,39,240
0,-8,33,480
0,-16,23,480
0,7,23,480
0,5,23,480
240,14,39,240
240,2,40,240
0,-12,33,480
0,-16,23,480
0,7,23,480
0,5,23,480
240,17,40,120
120,-1,39,60
60,1,37,60
60,-1,42,480
0,-33,27,240
480,22,34,480
0,9,40,240
0,-24,24,480
0,5,24,480
0,4,24,480
240,13,40,240
240,-7,34,480
0,6,40,240
0,-21,24,480
0,5,24,480
0,4,24,480
240,10,40,240
240,-2,40,240
0,-31,27,240
240,36,39,240
240,-8,34,480
0,8,40,160
0,-24,24,480
0,7,24,480
0,5,24,480
160,14,39,160
160,-2,39,160
160,-8,32,480
0,7,39,240
0,-23,24,480
0,7,24,480
0,5,24,480
240,9,39,240
240,2,40,1440
0,-28,27,240
480,19,24,480
0,5,29,480
0,-8,20,480
0,-4,20,480
480,10,31,480
0,2,37,480
0,-12,26,960
0,7,26,480
480,5,40,240
0,-19,27,480
240,23,39,240
240,1,39,240
0,-8,33,480
0,-9,23,480
0,5,23,480
240,14,39,240
240,2,40,240
0,-12,33,480
0,-16,23,480
0,7,23,480
0,5,23,480
240,17,40,120
120,-1,39,60
60,1,37,60
60,-1,42,480
0,-35,27,240
480,24,34,480
0,9,40,240
0,-17,24,480
0,5,24,480
240,10,40,240
240,-7,34,480
0,6,40,240
0,-21,24,480
0,7,24,480
0,5,24,14
240,7,40,240
240,-2,40,240
0,-24,27,240
240,28,39,240
240,-6,34,480
0,6,40,160
0,-16,24,480
0,7,24,480
160,10,39,160
160,-1,39,160
160,-6,32,480
0,4,39,240
0,-14,24,480
0,7,24,16
240,5,39,240
240,5,40,1440
0,-36,27,240
480,28,29,480
0,-16,17,480
0,7,17,480
0,5,20,480
480,4,37,480
0,-16,26,480
0,7,26,480
0,5,26,480
480,12,43,1440
0,-8,47,240
0,-16,26,480
0,7,31,480
240,12,45,240
240,0,49,180
0,-9,27,480
0,-10,23,480
180,21,41,60
60,-2,46,240
240,-1,46,240
0,-18,23,480
0,9,28,480
240,5,45,240
240,10,44,1440
0,-10,50,240
0,-14,26,480
0,5,32,480
240,12,47,240
240,0,51,180
0,-9,28,480
0,-8,24,480
180,19,43,60
60,-2,48,240
240,-1,48,240
0,-16,24,480
0,7,29,480
240,5,43,240
240,12,45,1440
0,-8,50,240
0,-16,27,480
0,7,33,480
240,12,48,240
240,0,52,180
0,-9,29,480
0,-10,24,480
180,21,44,60
60,-2,48,240
240,-1,48,240
0,-18,24,480
0,9,29,480
240,5,44,240
240,10,46,1440
0,-10,53,240
0,-14,28,480
0,5,33,480
240,12,50,240
240,0,53,180
0,-9,30,480
0,-8,25,480
180,19,46,60
60,-2,50,240
240,-1,51,240
0,-16,25,480
0,7,30,480
240,5,44,240
240,7,48,1440
0,-7,53,240
0,-12,29,480
0,4,35,480
240,12,51,240
240,0,55,180
0,-9,31,480
0,-7,26,480
180,17,46,60
60,-1,51,240
240,-2,51,11
0,-14,26,480
0,6,31,480
240,3,46,240
240,10,48,1440
0,-8,55,240
0,-11,29,480
0,2,35,480
240,12,52,240
240,0,55,14
0,-9,31,480
0,-5,26,480
180,16,47,60
60,-2,52,240
240,-2,52,240
0,-12,26,480
0,4,31,480
240,3,46,240
240,12,48,1440
0,-7,53,240
0,-12,29,480
0,4,35,480
240,12,51,240
240,0,54,180
0,-9,30,480
0,-7,25,480
180,17,45,60
60,-1,50,240
240,-2,49,11
0,-14,25,480
0,6,30,480
240,3,45,240
240,10,46,1440
0,-8,53,240
0,-11,28,480
0,2,33,480
240,12,50,240
240,0,52,13
0,-9,29,480
0,-5,24,480
180,16,45,60
60,-2,49,240
240,-2,49,240
0,-12,24,480
0,4,29,480
240,3,41,240
240,5,40,1440
0,-8,44,0
0,-16,24,480
0,7,29,480
240,12,42,240
240,0,45,180
0,-9,25,480
0,-10,21,480
180,21,38,60
60,-2,41,240
240,-1,41,240
0,-18,21,480
0,9,24,480
240,5,35,240
240,10,39,1440
0,-10,44,240
0,-14,23,480
0,5,28,480
240,12,41,240
240,0,44,180
0,-9,24,480
0,-8,20,480
180,19,37,60
60,-2,41,240
240,-1,40,240
0,-16,20,480
0,7,24,480
240,5,34,240
240,12,33,1440
0,-8,36,240
0,-16,20,480
0,7,23,480
240,12,35,240
240,0,38,180
0,-9,20,480
0,-10,17,480
180,21,31,60
60,-2,34,240
240,-1,34,240
0,-18,17,480
0,9,20,480
240,5,30,240
240,10,32,1440
0,-10,37,240
0,-14,19,480
0,5,22,480
240,12,34,240
240,0,37,180
0,-9,20,480
0,-8,17,480
180,19,31,60
60,-2,34,240
240,-1,34,240
0,-16,17,480
0,7,20,480
240,5,30,240
240,0,39,480
0,7,46,480
0,-19,26,480
0,7,31,480
480,17,41,480
0,7,49,480
0,-19,28,480
0,7,34,480
480,17,48,240
0,-12,28,3360
0,7,34,3360
240,12,49,240
240,5,51,120
240,4,53,120
240,2,55,120
240,1,57,120
240,2,59,120
240,2,62,120