0,61,34,1440
0,5,41,1440
0,4,55,1440
0,-28,39,240
240,11,20,240
240,3,25,240
240,-2,21,240
240,4,28,240
240,-9,25,240
240,17,41,1440
0,-5,34,1440
0,9,55,1440
0,-28,39,240
240,11,22,240
240,3,29,240
240,-2,23,240
240,4,31,240
240,-9,27,240
240,12,34,1440
0,9,55,1440
0,-4,41,1440
0,-24,39,240
240,11,25,240
240,3,28,240
240,-2,25,240
240,4,32,240
240,-9,28,240
240,16,41,1440
0,6,55,960
0,-34,39,240
240,18,29,240
240,3,32,240
240,-2,28,240
240,12,49,480
0,-9,32,240
240,-10,27,240
240,17,37,1440
0,4,51,1440
0,-9,32,1440
0,-19,39,240
240,11,25,240
240,3,28,240
240,-2,26,240
240,4,28,240
240,-9,27,240
240,12,35,1440
0,5,43,960
0,4,57,960
0,-28,40,240
240,11,33,240
240,3,38,240
240,-2,33,240
240,16,59,480
0,-4,44,480
0,-8,38,240
240,-9,33,240
240,12,33,1440
0,9,66,288
0,-4,49,288
0,-24,44,240
240,11,33,240
48,18,49,288
0,-3,36,288
192,-12,37,240
96,14,49,288
0,-4,36,288
144,-12,30,240
144,11,36,288
0,3,49,288
96,-10,38,240
192,12,47,288
0,-4,36,288
48,-17,33,240
240,16,32,960
0,8,66,480
0,-3,49,480
0,-33,39,240
240,18,28,240
240,16,49,480
0,-3,36,480
0,-10,33,240
240,-2,28,240
240,3,32,240
240,9,50,240
0,-7,32,240
0,-12,29,240
240,12,34,1440
0,5,46,1440
0,4,55,1440
0,-28,39,240
240,11,26,240
240,3,31,240
240,-2,30,240
240,4,35,240
240,-9,33,240
240,21,55,1440
0,-9,41,1440
0,12,66,1440
0,-31,46,240
240,11,30,240
240,3,43,240
240,-2,37,240
240,4,46,240
240,-9,41,240
240,21,62,1440
0,8,72,1440
0,-12,46,1440
0,-27,53,240
240,18,39,240
240,3,46,240
240,-2,38,240
240,5,43,240
240,-9,34,240
240,19,50,1440
0,4,60,1320
0,-9,37,1440
0,-24,42,240
240,11,28,240
240,3,33,240
240,-2,28,240
240,5,31,240
240,-8,27,180
120,13,36,1560
40,2,42,80
40,9,44,40
40,-2,56,1440
0,-31,39,240
240,11,26,240
240,3,29,240
240,-2,26,240
240,4,29,240
240,-9,25,240
240,14,28,1440
0,8,45,1440
0,-5,37,1440
0,-19,36,240
240,6,26,240
240,3,29,240
240,-2,26,240
240,5,29,240
240,-8,25,240
240,3,33,240
240,-2,26,240
240,5,30,240
240,-8,27,240
240,3,31,240
240,-1,27,240
240,5,30,240
240,-9,28,240
240,9,31,240
240,-11,28,240
240,11,33,240
240,-2,28,120
120,2,27,140
120,8,36,1440
0,4,49,1440
0,-9,27,1440
0,-19,39,240
240,11,21,240
240,3,27,240
240,-2,26,240
240,4,29,240
240,-9,25,240
240,12,34,1440
0,5,41,1440
0,4,55,1440
0,-28,39,240
240,11,23,240
240,3,27,240
240,-2,26,240
240,4,31,240
240,-9,28,240
240,17,41,1440
0,-5,34,2880
0,9,55,1440
0,-28,39,240
240,11,25,240
240,3,28,240
240,-2,25,240
240,4,33,240
240,-9,29,240
240,22,55,1320
0,-6,46,1440
0,-28,39,240
240,18,25,240
240,3,28,240
240,-2,25,240
240,3,28,240
240,-10,25,240
120,19,46,120
120,-2,37,1440
0,-5,32,1440
0,9,51,1440
0,-28,39,240
240,11,25,240
240,3,28,240
240,-2,26,240
240,4,28,240
240,-9,26,240
240,12,41,640
0,9,55,640
0,-4,41,480
0,-24,39,240
240,11,32,240
240,3,36,240
160,5,26,152
0,9,48,152
0,-4,35,152
80,-12,30,240
80,12,36,152
0,4,49,152
0,-9,27,152
160,0,28,152
0,5,36,152
0,4,51,152
0,-12,35,240
160,8,39,152
0,4,52,152
0,-9,29,152
80,-12,31,240
80,21,56,152
0,-4,41,152
0,-5,31,152
160,5,49,480
0,4,66,480
0,-9,36,1440
0,-19,39,240
240,11,32,240
240,15,41,240
0,3,57,240
0,-15,36,240
240,10,43,240
0,4,58,240
0,-16,31,240
240,14,60,240
0,-3,44,240
0,-7,36,240
240,12,60,240
0,-4,45,240
0,-17,31,240
240,21,49,480
0,3,66,480
0,-8,36,960
0,-28,39,240
240,18,30,240
240,13,34,480
0,3,46,480
0,-13,34,240
240,-2,28,240
240,3,34,240
240,2,32,240
0,7,50,240
0,-19,31,240
240,15,46,12
0,-3,34,1440
0,9,55,1440
0,-28,39,240
240,11,26,240
240,3,31,240
240,-2,30,240
240,4,35,240
240,-9,33,240
240,21,66,1320
0,-6,55,12
0,-22,46,240
240,11,30,240
240,3,40,240
240,-2,35,240
240,4,42,240
240,-9,37,240
120,22,62,120
120,-1,59,1440
0,-6,44,12
0,9,71,1440
0,-31,47,240
240,11,34,240
240,3,45,240
240,-2,37,240
240,4,44,240
240,-9,29,240
240,15,45,12
0,11,72,1320
0,-5,60,1440
0,-28,51,240
240,11,38,240
240,3,46,240
240,-2,37,240
240,4,44,240
240,-9,34,240
120,24,60,120
120,0,62,1440
0,-9,34,8
0,6,42,1440
0,-23,39,240
240,7,29,240
240,2,34,240
240,-1,29,240
240,3,29,240
240,-9,25,240
240,19,42,1440
0,3,51,1440
0,-8,32,1440
0,-16,36,240
240,8,26,240
240,3,29,240
240,-2,26,240
240,3,29,240
240,-8,25,240
240,10,50,1440
0,6,56,1440
0,3,56,1440
0,-31,41,240
240,11,30,240
240,2,38,240
240,-1,30,240
240,4,36,240
240,-9,29,240
240,22,50,1440
0,-9,45,1440
0,12,60,1320
0,-27,38,240
240,6,33,240
240,2,37,240
240,-1,29,240
240,5,34,240
240,-12,28,240
120,19,49,120
120,5,57,1440
0,-3,31,2880
0,-6,37,1440
0,-22,39,240
240,11,26,240
240,3,29,240
240,-2,26,240
240,4,29,240
240,-9,25,240
240,26,51,1440
0,-9,33,1440
0,-24,36,240
240,11,26,240
240,3,29,240
240,-2,26,240
240,4,29,240
240,-9,25,240
240,14,33,960
0,8,51,960
0,-24,36,240
240,6,26,240
240,3,29,240
240,-2,26,240
240,5,29,240
240,-12,25,240
240,29,53,1440
0,-8,36,1440
0,-28,34,240
240,18,29,240
240,3,33,240
240,-2,26,240
240,5,29,240
240,-12,25,240
240,12,32,1440
0,9,50,1440
0,-3,41,2880
0,-28,35,240
240,11,23,240
240,3,25,240
240,-2,22,240
240,4,24,240
240,-9,20,240
240,26,42,1440
0,-9,35,960
0,-24,29,240
240,11,20,240
240,3,23,240
240,-2,19,240
240,10,39,480
0,-6,23,240
240,-9,18,240
240,14,24,1920
0,8,38,1920
0,-24,26,240
240,6,19,240
240,3,22,240
240,-2,19,240
240,5,22,240
240,-17,18,240
240,5,26,240
240,6,19,240
240,3,22,240
240,-2,19,240
240,5,22,240
240,-13,18,240
240,37,60,1440
0,-39,31,240
240,27,24,228
0,-15,20,228
0,7,30,228
240,8,26,228
0,-15,22,228
0,7,33,228
240,8,28,228
0,-15,23,228
0,7,36,228
240,8,31,228
0,-15,26,228
0,12,40,228
240,3,28,228
0,-15,23,228
0,7,36,228
240,12,57,960
0,-4,29,228
0,-15,24,228
0,7,37,228
240,8,29,228
0,-15,24,228
0,10,37,228
240,5,28,228
0,-15,23,228
0,9,36,228
240,6,27,228
0,-15,22,228
0,7,34,228
240,8,26,228
0,6,58,480
0,-28,22,228
0,14,33,228
240,8,26,228
0,-22,22,228
0,12,33,228
240,9,30,228
0,7,60,1080
0,-35,30,240
240,28,27,228
0,-9,27,228
0,-12,28,228
240,21,31,228
0,-16,33,228
0,7,31,228
240,9,30,228
0,-14,31,228
0,5,30,228
240,9,26,228
0,-16,28,228
0,7,26,228
120,17,43,120
120,-8,26,228
0,12,42,120
0,-33,28,228
0,12,26,228
120,19,40,120
120,-2,52,1440
0,-8,26,228
0,-16,28,228
0,7,26,228
240,9,26,228
0,-14,28,228
0,5,26,228
240,9,26,228
0,-16,28,228
0,7,26,228
240,9,26,228
0,-11,28,228
0,2,26,228
240,9,26,228
0,-12,28,228
0,3,26,228
240,9,26,228
0,-21,28,228
0,12,26,228
240,20,60,1440
0,-39,31,240
240,27,24,228
0,-15,20,228
0,7,30,228
240,8,26,228
0,-15,22,228
0,7,33,228
240,8,28,228
0,-15,23,228
0,7,36,228
240,8,31,228
0,-15,26,228
0,12,40,228
240,3,28,183
0,-15,23,228
0,7,36,228
240,8,29,228
0,4,57,960
0,-19,24,228
0,7,37,228
240,8,29,228
0,-15,24,228
0,10,37,228
240,5,28,13
0,-15,23,228
0,9,36,228
240,6,27,228
0,-15,22,228
0,7,34,228
240,14,58,480
0,-6,26,9
0,-22,22,228
0,14,33,228
240,8,26,228
0,-22,22,228
0,12,33,228
240,9,30,228
0,7,60,1080
0,-35,30,240
240,28,27,228
0,-9,27,228
0,-12,28,228
240,21,31,228
0,-16,33,228
0,7,31,228
240,9,30,228
0,-14,31,228
0,5,30,228
240,9,26,228
0,-16,28,228
0,7,26,228
120,17,43,120
120,4,42,120
0,-12,26,228
0,-21,28,228
0,12,26,228
120,19,40,120
120,-10,24,228
0,8,45,960
0,-24,28,228
0,7,26,228
240,9,26,228
0,-14,28,228
0,5,26,228
240,9,26,228
0,-16,28,228
0,7,26,228
240,9,26,228
0,-21,28,228
0,12,26,228
240,9,26,228
0,7,56,480
0,-23,28,228
0,7,26,228
240,7,26,228
0,-12,28,228
0,5,26,228
240,5,30,228
0,11,60,480
0,-19,22,228
0,3,30,228
240,5,27,228
0,-5,27,228
0,-3,22,228
240,17,55,600
0,-9,21,228
0,-8,26,228
0,3,31,228
240,5,30,228
0,-8,25,228
0,3,30,228
240,7,26,228
0,-12,22,228
0,5,26,228
120,16,43,120
120,3,42,120
0,-12,26,228
0,-12,22,228
0,5,26,228
120,17,40,120
120,-8,30,228
0,7,60,480
0,-23,22,228
0,7,30,228
240,9,27,228
0,-9,27,228
0,-7,22,228
240,21,54,600
0,-5,21,228
0,-16,26,228
0,7,31,228
240,9,30,228
0,-16,25,228
0,7,30,228
240,7,26,228
0,-12,22,228
0,5,26,228
120,16,40,120
120,-9,26,228
0,12,39,120
0,-24,22,228
0,5,26,228
120,17,38,120
120,-12,33,228
0,11,57,480
0,-19,22,228
0,3,30,228
240,5,29,228
0,-5,27,228
0,-3,22,228
240,17,53,1680
0,-5,40,228
0,-16,26,228
0,7,31,228
240,9,44,228
0,-16,25,228
0,7,30,228
240,11,53,228
0,-18,29,228
0,9,35,228
240,7,42,228
0,-16,24,228
0,9,29,228
240,9,48,240
0,-18,22,228
0,9,30,228
240,7,42,240
0,-9,27,228
0,-7,22,228
240,18,40,240
0,-18,26,228
0,9,31,228
240,7,46,240
0,7,55,240
0,-23,27,228
0,7,32,228
240,7,51,240
0,12,61,240
0,-27,28,228
0,8,34,228
240,16,55,240
0,-9,46,240
0,-12,29,228
0,5,35,228
240,4,30,228
0,8,60,480
0,-15,22,228
0,3,30,228
240,4,34,228
0,-4,27,228
0,-3,22,228
240,12,46,228
0,3,58,480
0,-15,26,228
0,7,31,228
240,5,34,228
0,-12,25,228
0,7,30,228
240,8,57,480
0,-6,48,228
0,3,48,480
0,-19,24,228
0,7,29,228
0,5,35,228
240,4,37,228
0,-16,24,228
0,7,24,228
0,5,29,228
240,12,54,960
0,-2,60,480
0,-7,34,228
0,4,51,480
0,-14,33,228
0,7,39,228
240,3,41,228
0,-3,34,228
0,-7,28,228
240,12,42,480
0,4,56,480
0,-6,50,228
0,-10,31,228
0,7,37,228
240,3,41,228
0,-10,27,228
0,7,32,228
240,7,42,480
0,-4,50,228
0,9,56,480
0,-19,30,228
0,7,36,228
240,3,41,228
0,-10,27,228
0,7,32,228
240,7,42,480
0,5,56,480
0,-9,42,480
0,-10,22,228
0,7,30,228
240,-7,27,228
0,-7,19,228
240,28,52,480
0,-12,39,480
0,3,39,480
0,-19,23,228
0,7,31,228
240,-7,22,228
0,7,30,228
240,14,37,480
0,5,50,480
0,-9,32,480
0,-17,21,228
0,7,35,228
240,-7,21,228
0,11,29,228
240,5,38,1440
0,3,38,1440
0,9,51,1440
0,-28,34,228
0,12,34,228
240,-13,29,240
240,3,32,240
240,-2,29,240
240,4,32,240
240,-9,29,240
240,33,55,1440
0,-6,46,12
0,-34,39,240
240,23,26,240
240,3,31,240
240,-2,30,240
240,4,35,240
240,-9,33,240
240,21,66,1320
0,-6,55,12
0,-22,46,240
240,11,30,240
240,3,40,240
240,-2,35,240
240,4,42,240
240,-9,37,240
120,22,62,120
120,-1,59,1440
0,3,71,1440
0,-9,44,12
0,-22,47,240
240,11,34,240
240,3,45,240
240,-2,37,240
240,4,44,240
240,-9,29,240
240,26,67,1320
0,-11,30,12
0,14,67,1440
0,-8,45,1440
0,-28,48,240
240,11,33,240
240,3,39,240
240,-2,34,240
240,4,38,240
240,-9,34,240
120,24,66,120
120,5,69,1440
0,-14,30,9
0,9,48,1440
0,-26,44,240
240,6,29,240
240,3,33,240
240,-2,29,240
240,4,32,240
240,-9,27,240
240,22,50,1440
0,4,61,2880
0,-12,37,1440
0,-16,39,240
240,6,28,240
240,3,31,240
240,-2,28,240
240,5,31,240
240,-12,26,240
240,14,50,1440
0,6,50,1440
0,4,56,1440
0,-32,41,240
240,11,30,240
240,2,38,240
240,-1,30,240
240,4,36,240
240,-9,29,240
240,22,47,1440
0,-9,42,1440
0,12,57,1320
0,-27,38,240
240,6,33,240
240,2,37,240
240,-1,29,240
240,5,34,240
240,-12,28,240
120,19,49,120
120,5,59,1440
0,-3,47,1440
0,-6,42,1440
0,-22,39,240
240,40,54,2640
0,-29,26,240
240,3,29,240
240,-2,26,240
240,4,29,240
240,-9,25,240
240,21,42,960
0,-6,37,960
0,9,51,960
0,-31,36,240
240,11,26,240
240,3,29,240
240,-2,26,240
240,21,51,480
0,-9,42,480
0,-8,29,240
240,-9,25,240
240,14,42,960
0,8,54,960
0,-24,36,240
240,36,59,1200
0,-30,26,240
240,3,29,240
240,-2,26,240
240,5,29,240
240,-12,25,240
240,21,40,1440
0,8,57,1440
0,-3,45,1440
0,-33,34,240
240,45,61,1200
0,-30,29,240
240,3,33,240
240,-2,26,240
240,8,29,240
240,-15,25,240
240,15,34,2880
0,6,38,2880
0,3,51,1440
0,-31,35,240
240,40,58,2520
0,-29,23,240
240,3,25,240
240,-2,22,240
240,4,24,240
240,-9,20,240
240,26,56,1440
0,-33,29,240
240,11,20,240
240,3,23,240
240,-2,19,240
240,7,23,240
240,-19,18,240
120,41,54,120
120,-12,42,2880
0,-8,27,2880
0,-28,26,240
240,48,57,2640
0,-30,19,240
240,3,22,240
240,-2,19,240
240,5,22,240
240,-17,18,240
240,5,26,240
240,6,19,240
240,3,22,240
240,-2,19,240
240,5,22,240
240,-17,18,240
240,-7,33,240
240,28,30,228
0,-16,25,228
0,9,25,228
240,7,33,228
0,-16,27,228
0,9,27,228
240,7,34,228
0,-16,28,228
0,9,28,228
240,12,37,228
0,-21,30,228
0,9,30,228
240,7,40,228
0,-16,26,228
0,9,26,228
240,7,25,228
0,12,52,960
0,-28,26,228
0,9,26,228
240,10,38,228
0,-19,26,228
0,9,26,228
240,8,37,228
0,-17,25,228
0,9,25,228
240,7,30,228
0,-16,25,228
0,7,25,228
240,9,18,228
0,11,40,120
0,-27,21,228
0,7,21,228
120,21,35,120
120,3,40,120
0,-15,18,228
0,-16,17,228
0,7,17,228
120,22,35,120
120,-1,33,2880
0,-12,30,2880
0,-16,20,2880