1,43,52,119
119,7,45,120
120,5,48,120
120,2,40,120
120,2,48,140
120,-2,44,140
120,-2,44,140
120,9,52,127
120,-2,52,140
120,-2,45,140
120,-1,41,140
120,-2,42,140
120,-2,49,140
120,2,41,140
120,2,45,140
120,-9,41,140
120,-7,52,120
120,7,45,120
120,5,48,120
120,2,40,120
120,2,48,140
120,-2,44,140
120,-2,44,140
120,9,52,136
120,-2,52,140
120,-2,45,140
120,-1,41,140
120,-2,42,140
120,-2,49,140
120,2,41,140
120,2,45,140
120,-9,41,140
120,12,77,720
0,-19,52,120
120,7,45,120
120,5,48,120
120,2,40,120
120,2,48,120
120,-2,44,120
120,-2,44,120
120,9,52,120
120,7,77,720
0,-4,69,720
0,-5,52,120
120,-2,45,120
120,-1,41,120
120,-2,42,120
120,-2,49,120
120,2,41,120
120,2,45,120
120,13,66,120
0,4,74,120
0,-26,41,120
120,21,73,1440
0,3,82,1440
0,-31,52,120
120,7,46,120
120,5,50,120
120,2,44,120
120,2,55,120
120,-2,53,120
120,-2,55,120
120,9,68,120
120,-2,70,120
120,-2,61,120
120,-1,55,120
120,-2,56,120
120,-2,66,120
120,2,55,120
120,2,60,120
120,17,78,120
0,8,92,120
0,-34,55,120
120,24,74,1920
0,9,89,1920
0,-40,68,120
120,7,58,120
120,5,60,120
120,2,49,120
120,2,58,120
120,-2,52,120
120,-2,52,120
120,9,60,120
120,-2,60,120
120,-2,50,120
120,-1,45,120
120,-2,45,120
120,-2,52,120
120,2,42,120
120,2,46,120
120,-9,41,120
120,29,74,960
0,-8,62,960
0,-28,46,120
120,7,40,120
120,5,42,120
120,2,38,120
120,2,46,120
120,-2,42,120
120,-2,44,120
120,9,53,120
120,-2,55,140
120,-2,48,140
120,-1,41,140
120,-2,42,140
120,-2,48,140
120,2,39,140
120,2,41,140
120,-9,37,140
120,17,53,1920
0,2,53,1920
0,4,61,1920
0,5,77,1800
0,-33,46,120
120,7,40,120
120,5,42,120
120,2,34,120
120,2,42,120
120,-2,39,120
120,-2,39,120
120,9,46,120
120,-2,46,11
120,-2,40,120
120,-1,36,120
120,-2,37,120
120,-2,44,120
120,2,36,120
120,2,40,120
120,15,67,60
0,-24,36,120
60,14,55,540
30,8,60,510
30,7,69,960
0,-43,46,120
120,7,40,120
120,5,42,120
120,2,34,120
120,2,42,140
120,-2,39,140
120,-2,39,140
120,9,46,140
120,-2,46,140
120,-2,40,140
120,-1,36,140
120,-2,37,140
120,-2,44,140
120,2,36,140
120,2,40,140
120,-7,36,140
120,22,55,1920
0,4,55,1920
0,-6,55,1920
0,11,69,1800
0,-33,46,120
120,7,40,120
120,5,42,120
120,2,34,120
120,2,44,120
120,-2,40,120
120,-2,41,120
120,9,49,120
120,-2,50,12
120,-2,44,120
120,-1,40,120
120,-2,41,120
120,-2,50,120
120,2,41,120
120,2,46,120
120,15,60,60
0,-24,42,120
60,14,49,540
30,6,56,510
30,9,72,960
0,-43,41,120
120,7,38,120
120,5,38,120
120,2,37,120
120,2,45,140
120,-2,41,140
120,-2,41,140
120,9,41,140
120,-2,46,140
120,-2,41,140
120,-1,37,140
120,-2,39,140
120,-2,45,140
120,2,36,140
120,2,40,140
120,-9,36,140
120,-7,46,120
120,7,40,120
120,5,42,120
120,2,34,120
120,2,42,120
120,-2,39,120
120,-2,39,120
120,31,55,120
0,3,66,120
0,-25,46,120
120,17,70,720
0,-4,58,720
0,-15,46,120
120,-2,40,120
120,-1,36,120
120,-2,37,120
120,-2,44,120
120,2,36,120
120,2,40,120
120,18,55,120
0,2,66,120
0,-29,36,120
120,17,77,720
0,-19,52,120
120,7,45,120
120,5,48,120
120,2,40,120
120,2,48,120
120,-2,44,120
120,-2,44,120
120,9,52,120
120,7,77,720
0,-4,69,720
0,-5,52,120
120,-2,45,120
120,-1,41,120
120,-2,42,120
120,-2,49,120
120,2,41,120
120,2,45,120
120,13,66,120
0,4,74,120
0,-26,41,120
120,21,73,1440
0,3,82,1440
0,-31,52,120
120,7,46,120
120,5,50,120
120,2,44,120
120,2,55,120
120,-2,53,120
120,-2,55,120
120,9,68,120
120,-2,70,120
120,-2,61,120
120,-1,55,120
120,-2,56,120
120,-2,66,120
120,2,55,120
120,2,60,120
120,17,81,120
0,8,96,120
0,-34,55,120
120,24,74,1920
0,9,89,1920
0,-40,68,120
120,7,58,120
120,5,60,120
120,2,49,120
120,2,58,120
120,-2,52,120
120,-2,52,120
120,9,60,120
120,-2,60,120
120,-2,50,120
120,-1,45,120
120,-2,45,120
120,-2,52,120
120,2,42,120
120,2,46,120
120,-9,41,120
120,29,74,960
0,-8,62,960
0,-28,46,120
120,7,40,120
120,5,42,120
120,2,38,120
120,2,46,120
120,-2,42,120
120,-2,44,120
120,9,53,120
120,-2,55,140
120,-2,48,140
120,-1,41,140
120,-2,42,140
120,-2,48,140
120,2,39,140
120,2,41,140
120,-9,37,140
120,21,61,1920
0,6,75,960
0,-34,41,120
120,7,36,120
120,5,38,120
120,2,30,120
120,2,38,120
120,-2,34,120
120,-2,34,120
120,9,42,120
120,13,70,840
0,-15,42,120
120,-2,37,120
120,-1,31,120
120,-2,34,120
120,-2,41,120
120,2,34,120
120,2,38,120
120,18,75,120
0,-27,34,120
120,27,75,720
0,-6,61,1920
0,-28,44,120
120,7,39,120
120,5,41,120
120,2,31,120
120,2,41,120
120,-2,38,120
120,20,64,60
0,-22,38,120
60,24,59,60
60,-2,62,120
0,-13,42,120
120,12,68,840
0,-14,45,120
120,-2,40,120
120,-1,37,120
120,-2,38,120
120,-2,44,120
120,2,38,120
120,2,41,120
120,16,72,60
0,-32,38,120
60,21,46,70
20,3,50,3880
20,5,51,3860
20,4,66,3840
0,-40,44,120
120,7,39,140
120,5,46,140
120,2,41,140
120,2,49,140
120,-2,45,140
120,-2,45,140
120,9,53,140
120,-2,53,140
120,-2,45,140
120,-1,40,140
120,-2,41,140
120,-2,49,140
120,2,40,140
120,2,44,140
120,-9,40,140
120,-7,50,140
120,7,44,140
120,5,45,140
120,2,37,140
120,2,45,140
120,-2,41,140
120,-2,40,140
120,9,49,140
120,-2,48,140
120,-2,41,140
120,-1,37,140
120,-2,37,140
120,-2,44,140
120,2,36,140
120,2,40,140
120,-9,36,140
120,21,58,972
0,3,60,1920
0,5,75,960
0,-36,46,120
120,7,40,120
120,5,42,120
120,2,34,120
120,2,42,120
120,-2,39,120
120,-2,39,120
120,9,48,120
120,15,75,840
0,-17,48,120
120,-2,41,120
120,-1,37,120
120,-2,39,120
120,-2,46,120
120,2,39,120
120,2,42,120
120,20,81,120
0,-29,39,120
120,21,53,10
0,3,60,1920
0,5,78,1680
0,-36,50,120
120,7,44,120
120,5,48,120
120,2,40,120
120,2,50,120
120,-2,48,120
120,-2,49,120
120,9,63,120
120,-2,63,120
120,-2,52,120
120,-1,46,120
120,-2,46,120
120,-2,55,120
120,2,44,120
120,2,48,120
120,19,75,120
0,-28,42,120
120,24,56,3840
0,-3,53,9
0,7,74,1920
0,-35,56,120
120,7,48,120
120,5,50,120
120,2,41,120
120,2,49,140
120,-2,45,140
120,-2,45,140
120,9,53,140
120,-2,53,140
120,-1,45,140
120,-2,40,140
120,-2,41,140
120,-2,49,140
120,2,40,140
120,2,44,140
120,-9,40,140
120,26,72,1800
0,-33,50,120
120,7,44,120
120,5,45,120
120,2,37,120
120,2,45,140
120,-2,41,140
120,-2,40,140
120,9,49,140
120,-2,48,140
120,-1,41,140
120,-2,37,140
120,-2,37,140
120,-2,44,140
120,2,36,140
120,2,40,140
120,19,70,60
0,-28,36,140
60,14,46,540
30,5,49,1950
30,5,68,1920
0,-29,50,120
120,7,44,120
120,3,45,120
120,2,37,120
120,2,45,120
120,-2,41,120
120,-2,40,120
120,11,49,120
120,-2,48,140
120,-2,41,140
120,-3,37,140
120,-2,37,140
120,-2,44,140
120,2,36,140
120,2,40,140
120,-7,36,140
120,21,74,1800
0,-6,49,1920
0,2,62,1920
0,-24,50,120
120,7,44,120
120,5,45,120
120,2,37,120
120,2,45,140
120,-2,41,140
120,-2,40,140
120,9,49,140
120,-2,48,140
120,-2,41,140
120,-1,37,140
120,-2,37,140
120,-2,44,140
120,2,36,140
120,2,40,140
120,13,67,120
0,-22,36,140
120,14,49,620
0,3,52,1100
0,5,73,1920
0,-24,50,120
120,7,44,120
120,5,45,120
120,2,37,120
120,2,45,140
120,-2,41,140
120,-2,40,140
120,9,49,140
120,-2,48,140
120,-2,41,140
120,-1,37,140
120,-2,37,140
120,-2,44,140
120,2,36,140
120,2,40,140
120,-9,36,140
120,-7,50,120
120,7,44,120
120,5,45,120
120,2,37,120
120,2,45,120
120,-2,41,120
120,-2,40,120
120,9,49,120
120,-2,48,120
120,-2,41,120
120,-1,37,120
120,-2,37,120
120,-2,44,120
120,2,36,120
120,2,40,120
120,-9,36,120
120,9,46,108
0,-16,40,108
120,19,40,108
0,-12,34,108
120,17,41,108
0,-12,37,108
120,14,34,108
0,-12,30,108
120,14,41,108
0,-12,37,108
120,10,39,108
0,-12,33,108
120,10,39,108
0,-12,33,108
120,21,46,108
0,-12,40,108
120,10,46,108
0,-12,40,108
120,10,40,108
0,-12,34,108
120,11,36,108
0,-12,31,108
120,10,37,108
0,-12,33,108
120,10,42,108
0,-12,38,108
120,14,36,108
0,-12,31,108
120,14,40,108
0,-12,34,108
120,3,36,108
0,-12,31,108
120,9,46,108
0,-16,40,108
120,19,40,108
0,-12,34,108
120,17,41,108
0,-12,37,108
120,14,34,108
0,-12,30,108
120,14,41,108
0,-12,37,108
120,10,39,108
0,-12,33,108
120,10,39,108
0,-12,33,108
120,21,46,108
0,-12,40,108
120,10,46,108
0,-12,40,108
120,10,40,108
0,-12,34,108
120,11,36,108
0,-12,31,108
120,10,37,108
0,-12,33,108
120,10,42,108
0,-12,38,108
120,14,36,108
0,-12,31,108
120,14,40,108
0,-12,34,108
120,3,36,108
0,-12,31,108
120,9,46,108
0,-16,40,108
120,19,40,108
0,-12,34,108
120,17,41,108
0,-12,37,108
120,14,34,108
0,-12,30,108
120,10,41,108
0,-12,37,108
120,14,39,108
0,-12,33,108
120,14,39,108
0,-12,33,108
120,3,46,108
0,-12,40,108
120,9,46,108
0,-16,40,108
120,19,40,108
0,-12,34,108
120,17,36,108
0,-12,31,108
120,14,37,108
0,-12,33,108
120,10,42,108
0,-12,38,108
120,14,36,108
0,-12,31,108
120,14,40,108
0,-12,34,108
120,3,36,108
0,-12,31,108
120,9,46,108
0,-16,40,108
120,19,40,108
0,-12,34,108
120,17,41,108
0,-12,37,108
120,14,34,108
0,-12,30,108
120,10,41,108
0,-12,37,108
120,14,38,108
0,-12,33,108
120,14,37,108
0,-12,31,108
120,15,42,108
0,-12,38,108
120,17,42,120
0,-12,37,120
120,14,38,120
0,-12,31,120
120,14,40,120
0,-12,38,120
120,15,34,120
0,-12,31,120
120,17,39,120
0,-12,34,120
120,14,38,120
0,-12,33,120
120,14,37,120
0,-12,31,120
120,15,37,120
0,-12,30,120
120,9,50,480
0,-12,40,480
780,-40,31,1140
30,7,33,1110
30,5,36,1080
30,4,34,1050
30,3,37,1020
30,5,40,990
30,4,44,960
960,-28,27,1920
30,7,30,1890
30,5,35,1860
30,4,33,1830
30,3,35,1800
30,5,37,1770