0,51,29,160
0,-12,24,160
160,19,26,160
0,-12,21,160
160,8,27,160
0,-12,22,160
160,17,33,160
0,-12,27,160
160,4,30,160
0,-12,25,160
160,20,32,160
0,-12,26,160
160,3,36,160
0,-12,30,160
160,21,29,160
0,-12,24,160
160,6,29,160
0,-12,24,160
160,17,32,160
0,-12,26,160
160,4,28,160
0,-12,23,160
160,20,27,160
0,-12,23,160
160,5,33,160
0,-12,27,160
160,19,30,160
0,-12,24,160
160,8,30,160
0,-12,24,160
160,17,37,160
0,-12,32,160
160,4,34,160
0,-12,28,160
160,20,36,160
0,-12,30,160
160,3,41,160
0,-12,35,160
160,21,36,160
0,-12,28,160
160,6,33,160
0,-12,26,160
160,17,38,160
0,-12,32,160
160,4,34,160
0,-12,28,160
160,20,32,160
0,-12,24,160
160,5,37,160
0,-12,32,160
160,19,34,160
0,-12,28,160
160,8,35,160
0,-12,29,160
160,17,44,160
0,-12,36,160
160,4,41,160
0,-12,34,160
160,21,44,160
0,-12,37,160
160,5,48,160
0,-12,40,160
160,19,45,160
0,-12,36,160
160,8,45,160
0,-12,33,160
166,19,49,160
0,-12,40,160
165,6,44,160
0,-12,33,160
149,16,39,160
0,-12,29,160
160,5,42,160
0,-12,35,160
160,19,37,160
0,-12,31,160
160,9,38,160
0,-12,32,160
160,17,49,160
0,-12,41,160
160,3,45,160
0,-12,38,160
160,22,49,160
0,-12,41,160
160,5,54,160
0,-12,45,160
160,19,50,160
0,-12,38,160
160,8,51,160
0,-12,39,160
160,18,54,160
0,-12,43,160
160,7,43,160
0,-12,36,160
160,16,40,160
0,-12,32,160
160,5,47,160
0,-12,39,160
160,19,42,160
0,-12,36,160
160,8,44,160
0,-12,37,160
160,17,45,160
0,-12,46,160
160,4,52,160
0,-12,43,160
160,20,54,160
0,-12,45,160
160,3,56,160
0,-12,44,160
160,21,50,160
0,-12,40,160
160,6,47,160
0,-12,40,160
160,17,48,160
0,-12,42,160
160,4,45,160
0,-12,37,160
160,20,45,160
0,-12,36,160
160,5,48,160
0,-12,40,160
160,19,45,160
0,-12,37,160
160,8,46,160
0,-12,39,160
160,17,57,160
0,-12,47,160
160,3,53,160
0,-12,44,160
160,21,55,160
0,-12,46,160
160,2,65,160
0,-12,55,160
160,22,60,160
0,-12,50,160
160,8,52,160
0,-12,43,160
160,15,54,160
0,-12,46,160
160,6,50,160
0,-12,42,160
160,18,47,160
0,-12,40,160
160,3,69,160
0,-12,57,160
160,20,58,160
0,-12,48,160
160,7,57,160
0,-12,48,160
160,15,62,160
0,-12,51,160
160,6,51,160
0,-12,42,160
160,18,52,160
0,-12,44,160
160,5,55,160
0,-12,46,160
160,19,49,160
0,-12,41,160
160,8,49,160
0,-12,40,160
160,19,50,160
0,-12,42,160
160,2,56,160
0,-12,47,160
160,20,55,160
0,-12,47,160
160,2,67,160
0,-12,55,160
160,20,59,160
0,-12,49,160
160,6,58,160
0,-12,49,160
160,16,63,160
0,-12,52,160
160,6,52,160
0,-12,43,160
160,18,53,160
0,-12,45,160
160,5,56,160
0,-12,47,160
160,19,50,160
0,-12,42,160
160,8,49,160
0,-12,41,160
160,18,51,160
0,-12,44,160
160,3,56,160
0,-12,48,160
160,20,58,160
0,-12,48,160
160,6,70,160
0,-12,54,160
160,20,59,160
0,-12,49,160
160,7,59,160
0,-12,50,160
160,15,63,160
0,-12,53,160
160,6,53,160
0,-12,44,160
160,18,54,160
0,-12,46,160
160,5,57,160
0,-12,48,160
160,19,51,160
0,-12,43,160
160,8,51,160
0,-12,42,160
160,19,53,160
0,-12,45,160
160,2,58,160
0,-12,48,160
160,20,59,160
0,-12,48,160
160,2,71,160
0,-12,61,160
160,20,61,160
0,-12,51,160
160,6,60,160
0,-12,50,160
160,16,61,160
0,-12,50,160
160,6,53,160
0,-12,45,160
160,18,54,160
0,-12,45,160
160,5,56,160
0,-12,47,160
160,19,51,160
0,-12,44,160
160,8,51,160
0,-12,44,160
160,17,66,160
0,-12,56,160
160,8,58,160
0,-12,50,160
160,16,60,160
0,-12,50,160
160,5,75,160
0,-12,64,160
160,19,68,160
0,-12,57,160
160,8,69,160
0,-12,58,160
160,17,78,160
0,-12,66,160
160,7,75,160
0,-12,63,160
160,17,77,160
0,-12,65,160
160,3,80,160
0,-12,67,160
160,21,67,160
0,-12,54,160
160,6,65,160
0,-12,53,160
160,17,67,160
0,-12,57,160
160,4,59,160
0,-12,50,160
160,20,58,160
0,-12,49,160
160,5,67,160
0,-12,56,160
160,19,59,160
0,-12,49,160
160,8,61,160
0,-12,51,160
160,17,80,160
0,-12,65,160
160,8,74,160
0,-12,57,160
160,16,75,160
0,-12,58,160
160,3,83,160
0,-12,71,160
160,21,73,160
0,-12,62,160
160,7,74,160
0,-12,63,160
160,16,80,160
0,-12,67,160
160,7,72,160
0,-12,61,160
160,17,69,160
0,-12,58,160
160,5,71,160
0,-12,59,160
160,19,63,160
0,-12,54,160
160,8,63,160
0,-12,54,160
160,17,78,160
0,-12,65,160
160,4,73,160
0,-12,60,160
160,20,73,160
0,-12,61,160
160,6,85,160
0,-12,70,160
160,20,76,160
0,-12,66,160
160,8,76,160
0,-12,62,160
160,16,86,160
0,-12,71,160
160,4,82,160
0,-12,69,160
160,20,78,160
0,-12,67,160
160,5,78,160
0,-12,65,160
160,19,71,160
0,-12,59,160
160,8,72,160
0,-12,60,160
160,17,83,160
0,-12,70,160
160,4,77,160
0,-12,66,160
160,20,79,160
0,-12,66,160
160,8,90,160
0,-12,77,160
160,17,83,160
0,-12,70,160
160,3,82,160
0,-12,68,160
160,22,97,160
0,-12,81,160
160,3,90,160
0,-12,77,160
160,22,85,160
0,-12,75,160
160,3,84,160
0,-12,73,160
160,15,74,160
0,-12,63,160
160,7,73,160
0,-12,62,160
160,17,80,160
0,-12,68,160
160,6,71,160
0,-12,60,160
160,18,70,160
0,-12,59,160
160,4,79,160
0,-12,67,160
160,17,70,160
0,-12,59,160
160,6,70,160
0,-12,59,160
160,16,73,160
0,-12,62,160
160,9,67,160
0,-12,56,160
160,15,66,160
0,-12,55,160
160,2,75,160
0,-12,62,160
160,22,64,160
0,-12,53,160
160,9,62,160
0,-12,51,160
160,15,65,160
0,-12,56,160
160,2,58,160
0,-12,49,160
160,22,57,160
0,-12,48,160
160,4,64,160
0,-12,54,160
160,20,56,160
0,-12,47,160
160,9,55,160
0,-12,46,160
160,15,58,160
0,-12,49,160
160,4,50,160
0,-12,42,160
160,20,49,160
0,-12,41,160
160,9,56,160
0,-12,48,160
160,19,49,160
0,-12,41,160
160,5,48,160
0,-12,40,160
160,20,51,160
0,-12,43,160
160,4,45,160
0,-12,38,160
160,22,43,160
0,-12,36,160
160,2,48,160
0,-12,41,160
160,19,43,160
0,-12,36,160
160,5,42,160
0,-12,36,160
160,20,45,160
0,-12,37,160
160,4,39,160
0,-12,32,160
160,22,38,160
0,-12,32,160
160,2,43,160
0,-12,36,160
160,22,37,160
0,-12,32,160
160,2,36,160
0,-12,31,160
160,20,39,160
0,-12,32,160
160,4,35,160
0,-12,28,160
160,19,35,160
0,-12,28,160
160,5,37,160
0,-12,31,160
160,17,34,160
0,-12,28,160
160,7,32,160
0,-12,27,160
160,19,34,160
0,-12,28,160
160,5,30,160
0,-12,25,160
160,19,29,160
0,-12,24,160
160,5,36,480