0,37,76,1680
0,12,90,1680
1680,-21,76,240
0,12,90,240
240,-12,76,1920
0,12,90,1920
960,9,76,960
0,12,90,960
0,-5,76,960
960,-7,72,120
120,0,65,1800
120,2,79,3600
120,6,81,3480
120,-28,85,3360
0,12,85,3360
0,20,85,1440
1440,-13,64,1920
0,12,64,1920
1920,-26,44,120
0,12,52,120
120,7,29,120
120,-4,22,120
0,12,26,120
0,-3,22,120
120,-17,33,120
120,-7,25,120
0,12,29,120
120,7,29,120
120,-4,23,120
0,12,27,120
0,-3,23,120
120,-17,35,120
120,-7,27,120
0,12,33,120
120,7,30,120
120,-4,24,120
0,12,29,120
0,-3,24,120
120,-17,35,120
120,-7,28,120
0,12,34,120
120,7,35,120
120,-4,26,120
0,12,31,120
0,-3,26,120
120,-17,39,120
120,-7,30,120
0,12,38,120
120,7,35,120
120,-4,28,120
0,12,34,120
0,-3,28,120
120,-17,39,120
120,-7,29,120
0,12,35,120
120,7,34,120
120,-4,25,120
0,12,30,120
0,-3,25,120
120,-17,36,120
120,-7,27,120
0,12,33,120
120,7,30,120
120,-4,24,120
0,12,29,120
0,-3,24,120
120,-17,35,120
120,-7,25,120
0,12,29,120
120,7,29,120
120,-4,24,120
0,12,28,120
0,-3,24,120
120,-5,33,120
120,20,54,120
0,-27,35,120
120,24,51,60
0,-17,34,120
120,8,30,120
0,-3,30,120
120,14,51,120
0,-19,31,120
120,20,54,120
0,-27,35,120
120,24,51,60
0,-17,33,120
120,8,31,120
0,-3,31,120
120,-5,31,120
120,20,54,120
0,-27,35,120
120,24,51,60
0,-17,34,120
120,8,31,120
0,-3,31,120
120,14,51,120
0,-19,31,120
120,20,54,120
0,-27,35,120
120,24,51,60
0,-17,33,120
120,8,31,120
0,-3,31,120
120,-5,31,120
120,20,54,120
0,-27,35,120
120,24,51,60
0,-17,33,120
120,8,31,120
0,-3,31,120
120,14,61,120
0,-19,33,120
120,20,66,120
0,-27,37,120
120,36,64,60
0,-29,35,120
120,8,34,120
0,-3,34,120
120,-5,34,120
120,28,61,120
0,-33,35,120
120,24,57,60
0,-18,34,120
120,9,30,120
0,-6,30,120
120,16,49,120
0,-19,31,120
120,21,52,120
0,-27,35,120
120,24,49,60
0,-18,33,120
120,9,31,120
0,-6,31,120
120,-3,31,120
120,24,55,120
0,-30,35,120
120,24,49,60
0,-21,34,120
120,12,30,120
0,-6,30,120
120,16,49,120
0,-22,31,120
120,24,52,120
0,-27,35,120
120,24,49,60
0,-18,33,120
120,9,31,120
0,-6,31,120
120,-3,31,120
120,24,55,120
0,-30,35,120
120,24,49,60
0,-21,34,120
120,12,30,120
0,-6,30,120
120,16,49,120
0,-22,31,120
120,24,52,120
0,-27,35,120
120,24,49,60
0,-18,33,120
120,9,31,120
0,-6,31,120
120,-3,31,120
120,24,58,120
0,-30,35,120
120,24,51,60
0,-21,35,120
120,12,34,120
0,-6,34,120
120,16,65,120
0,-22,35,120
120,24,71,120
0,-27,39,120
120,36,64,60
0,-30,37,120
120,9,37,120
0,-6,37,120
120,-3,38,120
120,30,61,240
0,-35,35,120
120,24,57,60
0,-20,34,120
120,12,30,120
0,-8,30,120
120,18,49,120
0,-22,31,120
120,29,52,240
0,-5,52,120
0,-28,35,120
120,24,49,60
0,-20,33,120
120,12,31,120
0,-7,31,120
120,-5,31,120
120,32,82,120
0,-12,69,120
0,-21,56,120
120,32,75,60
0,-5,63,60
0,-18,53,120
120,6,50,120
120,6,61,120
0,9,72,120
0,-30,51,120
120,29,78,120
0,-4,64,120
0,-24,56,120
120,19,57,60
0,12,68,60
0,-24,52,120
120,9,58,120
120,-16,51,120
120,13,46,120
0,12,55,120
0,-33,33,120
120,27,42,60
0,5,50,60
0,-23,30,120
120,9,29,120
120,3,40,120
0,9,49,120
0,-30,29,120
120,28,52,120
0,-3,44,120
0,-24,33,120
120,19,40,60
0,12,49,60
0,-24,30,120
120,8,29,120
120,-15,29,120
120,27,69,120
0,12,82,120
0,-33,56,120
120,32,75,60
0,-5,63,60
0,-18,53,120
120,6,50,120
120,6,61,120
0,9,72,120
0,-30,51,120
120,25,64,120
0,4,78,120
0,-28,56,120
120,19,57,60
0,12,68,60
0,-24,52,120
120,9,58,120
120,-16,51,120
120,13,46,120
0,12,55,120
0,-33,33,120
120,32,50,60
0,-5,42,60
0,-18,30,120
120,9,29,120
120,3,40,120
0,9,49,120
0,-30,29,120
120,29,52,120
0,-4,44,120
0,-24,33,120
120,31,49,60
0,-4,40,60
0,-8,40,60
0,-12,30,120
120,8,29,120
120,-15,29,120
120,36,75,120
0,-5,75,120
0,12,89,120
0,-46,56,120
120,45,83,60
0,-12,70,60
0,-28,53,120
120,1,50,120
120,24,62,120
0,12,72,120
0,-27,49,120
120,18,68,120
0,8,80,120
0,-12,68,120
0,-29,52,120
120,39,75,60
0,-12,62,60
0,-22,49,120
120,1,49,120
120,9,49,120
120,12,68,120
0,12,80,120
0,-39,47,120
120,37,73,60
0,-4,61,60
0,-28,45,120
120,1,42,120
120,18,57,120
0,12,68,120
0,-21,44,120
120,17,59,120
0,3,69,120
0,-33,49,120
120,21,55,60
0,6,64,60
0,-22,44,120
120,1,46,120
120,9,44,120
120,8,57,120
0,12,68,120
0,-33,47,120
120,27,52,60
0,5,62,60
0,-27,45,120
120,1,42,120
120,12,51,120
0,12,61,120
0,-15,44,120
120,10,53,120
0,3,63,120
0,-27,49,120
120,15,44,60
0,4,52,60
0,-13,39,120
120,1,40,120
120,8,39,120
120,9,57,120
0,3,67,120
0,-29,52,120
120,20,59,60
0,-3,49,60
0,-10,45,120
120,1,41,120
120,9,42,120
120,12,62,120
0,-3,53,120
0,-27,52,120
120,18,46,60
0,2,56,60
0,-13,41,120
120,1,42,120
120,10,41,120
120,10,68,120
0,-27,51,120
120,15,40,120
0,4,40,120
0,5,59,120
0,-17,44,120
120,5,47,120
120,14,67,120
0,-31,48,120
120,32,68,120
0,-27,51,120
120,15,40,120
0,4,40,120
0,5,60,120
0,-17,43,120
120,5,48,120
120,-17,48,120
120,32,68,120
0,-27,51,120
120,19,40,120
0,-4,40,120
0,9,60,120
0,-17,44,120
120,5,48,120
120,14,68,120
0,-31,48,120
120,32,68,120
0,-27,51,120
120,15,40,120
0,4,40,120
0,5,60,120
0,-17,43,120
120,5,48,120
120,-17,48,120
120,32,68,120
0,-27,51,120
120,15,46,120
0,4,46,120
0,5,67,120
0,-17,49,120
120,5,48,120
120,14,73,120
0,-31,49,120
120,32,84,120
0,-27,54,120
120,24,52,120
0,7,52,120
0,5,76,120
0,-29,51,120
120,8,50,120
120,-12,50,120
120,32,76,120
0,-33,51,120
120,21,46,120
0,3,67,120
0,-18,44,120
120,9,47,120
120,10,67,120
0,-25,48,120
120,27,68,120
0,-21,51,120
120,12,40,120
0,3,40,120
0,3,60,120
0,-15,43,120
120,6,48,120
120,-15,48,120
120,30,71,120
0,-27,51,120
120,18,40,120
0,-3,40,120
0,6,59,120
0,-15,44,120
120,6,47,120
120,10,67,120
0,-25,48,120
120,27,68,120
0,-21,51,120
120,12,40,120
0,3,40,120
0,3,60,120
0,-15,43,120
120,6,48,120
120,-15,48,120
120,30,71,120
0,-27,51,120
120,15,40,120
0,3,40,120
0,3,59,120
0,-15,44,120
120,6,47,120
120,10,67,120
0,-25,48,120
120,27,68,120
0,-21,51,120
120,12,40,120
0,3,40,120
0,3,60,120
0,-15,43,120
120,6,48,120
120,-15,48,120
120,30,74,120
0,-27,52,120
120,15,42,120
0,3,42,120
0,3,63,120
0,-15,46,120
120,6,50,120
120,10,78,120
0,-25,51,120
120,27,88,120
0,-21,57,120
120,18,54,120
0,6,54,120
0,6,78,120
0,-27,54,120
120,6,54,120
120,-15,55,120
120,36,73,120
0,-35,51,120
120,23,50,120
0,1,72,120
0,-16,50,120
120,8,47,120
120,10,64,120
0,-22,48,120
120,24,69,120
0,-19,51,120
120,12,44,120
0,12,69,120
0,-9,44,120
0,-12,49,120
120,4,48,120
120,-16,48,120
120,36,85,120
0,-33,61,120
120,21,71,120
0,11,84,120
0,-5,71,120
0,-18,59,120
120,6,55,120
120,15,80,120
0,-30,57,120
120,29,86,120
0,-28,61,120
120,24,67,120
0,-5,67,120
0,12,80,120
0,-24,58,120
120,9,57,120
120,-16,57,120
120,25,67,120
0,-33,48,120
120,21,55,120
0,11,66,120
0,-5,55,120
0,-18,44,120
120,9,44,120
120,12,64,120
0,-30,44,120
120,29,69,120
0,-28,48,120
120,24,53,120
0,7,64,120
0,-4,53,120
0,-8,53,120
0,-12,44,120
120,8,44,120
120,-15,44,120
120,39,85,120
0,-33,61,120
120,21,71,120
0,11,84,120
0,-5,71,120
0,-18,59,120
120,6,55,120
120,15,80,120
0,-30,57,120
120,29,86,120
0,-28,61,120
120,24,67,120
0,-5,67,120
0,12,80,120
0,-24,58,120
120,9,57,120
120,-16,57,120
120,30,84,120
0,-33,61,120
120,21,65,120
0,11,77,120
0,-5,65,120
0,-18,58,120
120,6,55,120
120,15,80,120
0,-30,55,120
120,29,86,120
0,-28,61,120
120,27,63,120
0,-8,63,120
0,12,75,120
0,-24,57,120
120,8,55,120
120,-15,55,120
120,27,83,720
0,-9,83,240
0,12,99,240
0,-42,69,120
120,7,59,120
120,24,66,240
0,12,79,240
0,-24,71,120
120,-12,59,120
120,23,75,240
0,12,89,240
0,-40,69,120
120,5,59,120
120,36,79,240
0,-12,66,240
0,7,66,240
0,-19,69,120
120,-12,59,120
120,23,78,240
0,8,78,240
0,4,92,240
0,-39,69,120
120,4,59,120
120,29,67,480
0,-5,67,240
0,12,80,240
0,-24,68,120
120,-12,59,120
120,23,74,240
0,12,89,240
0,-38,68,120
120,8,59,120
120,19,67,240
0,3,67,240
0,9,80,240
0,-19,68,120
120,-12,59,120
120,15,84,120
0,-5,79,120
0,12,100,120
0,-29,52,120
0,7,57,120
0,7,68,120
240,2,65,120
0,6,73,120
0,6,86,120
0,-28,39,120
0,7,46,120
0,5,56,120
480,14,66,240
0,-9,56,240
0,5,58,240
0,-10,56,240
0,-22,38,240
0,12,46,240
240,10,58,480
0,14,68,480
0,-8,58,480
0,4,56,480
0,-31,41,480
0,12,49,480
480,21,62,360
0,-5,53,360
0,3,62,360
0,-10,53,360
0,-20,39,360
0,12,46,360
360,5,49,120
120,0,41,960
0,8,41,960
0,7,49,960
0,-31,31,960
0,12,37,1440
960,7,41,480
0,5,41,480
0,4,49,480
480,1,44,480
0,-8,37,480
0,5,37,480
0,-21,39,480
480,12,31,1920
0,6,37,1920
0,5,46,960
0,-21,36,1200
960,19,41,960
240,-18,37,240
240,1,39,240
240,-2,37,240
120,9,41,600
60,8,41,1020
60,7,49,480
0,-31,33,960
480,19,41,480
0,9,49,480
480,1,49,240
0,-8,41,240
0,3,41,480
0,-12,39,480
240,7,39,240
0,9,47,240
240,-2,41,480
0,-3,37,240
0,8,44,240
0,-26,39,480
240,16,35,240
0,8,41,240
240,-12,29,1920
0,6,36,1920
0,5,45,960
0,-21,29,1200
960,19,41,960
240,-18,37,240
240,3,35,160
160,-2,34,160
160,-2,34,160
160,24,52,480
0,-7,40,960
0,-8,41,480
0,-16,41,480
480,27,44,11
0,6,51,480
0,-15,44,480
480,8,44,480
0,9,52,480
0,-28,37,960
0,10,44,480
480,19,58,360
0,-7,49,480
0,-8,44,360
360,14,53,120
0,3,60,120
0,-19,49,120
120,9,42,480
0,8,47,480
0,4,61,480
0,-28,39,480
0,7,42,480
480,8,44,9
0,-3,44,480
0,9,51,480
0,-15,44,480
480,5,44,420
0,3,44,960
0,9,52,420
0,-28,37,480
0,10,44,960
420,4,56,540
60,15,58,360
0,-31,37,420
360,33,60,120
60,-34,41,540
60,24,53,480
0,7,53,960
0,5,63,480
0,-20,49,480
480,18,60,480
0,-10,53,960
0,-32,40,480
0,12,48,480
480,16,53,480
0,9,63,480
0,3,63,480
0,-39,41,480
0,12,49,480
480,18,53,17
0,4,53,360
0,4,63,360
0,-36,41,360
0,12,49,360
360,17,57,120
0,5,57,120
0,-33,37,120
0,12,45,120
120,10,51,480
0,6,56,480
0,3,61,480
0,-30,41,480
0,12,49,480
480,13,59,360
0,-9,47,360
0,4,49,360
0,8,59,360
0,-27,41,360
0,12,49,360
360,5,47,120
0,5,56,120
0,4,56,120
0,-24,37,120
0,12,45,120
120,10,59,720
0,-5,49,480
0,3,59,480
0,-19,41,480
0,12,49,480
480,0,47,360
0,6,53,360
0,-16,45,480
240,20,60,120
120,1,55,1080
60,8,60,1020
60,7,72,960
0,-43,39,160
160,18,33,160
160,1,31,160
160,2,37,160
160,-2,31,160
160,-12,31,160
160,24,49,480
0,5,49,480
0,4,60,480
0,-28,39,160
160,6,35,160
160,1,35,160
160,9,34,240
0,3,39,240
0,-10,37,160
160,-2,33,160
80,14,41,240
0,5,41,240
0,3,55,240
80,-34,33,160
160,33,65,720
0,-11,38,960
0,6,45,960
0,-21,39,160
160,4,35,160
160,1,35,160
160,2,37,160
160,-2,33,160
80,19,55,240
80,-31,33,160
160,26,58,240
0,-16,39,160
160,1,35,160
80,13,52,240
80,-12,35,160
160,5,61,240
0,-3,37,160
160,-2,33,160
80,7,55,120
80,-19,33,160
40,21,62,120
120,0,55,480
0,8,57,960
0,7,68,480
0,-31,39,120
240,6,34,120
120,1,33,120
120,12,49,480
0,9,62,480
0,-19,37,120
120,-2,31,108
120,0,37,120
120,-12,37,120
120,34,66,240
0,-5,57,480
0,-3,55,240
0,-21,39,120
240,19,46,240
0,9,55,240
0,-22,35,120
120,1,35,120
120,12,48,160
0,9,57,160
0,-19,37,120
120,-2,33,108
40,16,46,160
0,8,55,160
80,-24,37,120
80,14,46,160
0,8,55,160
40,-34,31,120
120,33,61,720
0,-11,32,960
0,6,38,960
0,-21,39,120
240,4,35,120
120,1,35,120
120,2,37,120
120,-2,33,108
120,19,60,240
0,-19,37,120
120,-12,33,120
120,26,60,160
0,-16,39,240
160,14,51,160
80,-13,35,120
80,15,51,160
40,-14,35,120
120,12,58,160
0,-10,39,120
120,-2,35,108
40,5,53,160
80,-5,39,120
80,7,53,160
40,-19,35,120
120,24,59,480
0,5,58,960
0,7,73,960
0,-31,44,120
120,7,39,120
120,2,39,120
120,-2,39,120
120,14,57,480
0,12,68,480
0,-17,44,120
120,-9,40,120
120,2,40,120
120,-2,41,120
120,28,73,480
0,-4,61,960
0,-2,61,960
0,-6,61,480
0,-28,45,120
120,12,40,120
120,2,41,120
120,-2,41,120
120,17,68,360
0,12,75,360
0,-19,47,120
120,-10,44,120
120,2,44,120
120,17,70,120
0,12,73,120
0,-31,44,120
120,24,66,960
0,-3,66,960
0,12,78,480
0,-40,48,120
120,7,42,120
120,2,42,120
120,-2,42,120
120,26,73,480
0,-12,61,480
0,-5,49,120
120,-9,46,120
120,2,46,120
120,-2,46,120
120,22,66,480
0,2,66,480
0,-8,66,480
0,12,78,480
0,-40,50,120
120,12,46,120
120,2,46,120
120,-2,46,120
120,17,66,360
0,12,79,360
0,-19,52,120
120,-10,49,120
120,2,49,120
120,17,64,120
0,12,77,120
0,-31,49,120
120,28,66,960
0,3,74,960
0,-10,70,480
0,12,81,480
0,-44,57,120
120,7,51,120
120,1,51,120
120,7,51,120
120,18,66,720
0,12,78,720
0,-33,58,120
120,7,53,120
120,1,53,120
120,7,53,120
120,10,74,960
0,3,74,960
0,-39,59,120
120,6,52,120
120,37,77,240
0,-12,64,240
0,-24,52,120
120,8,53,120
120,15,63,240
0,12,75,240
0,-30,60,120
120,6,55,120
120,13,63,240
0,12,75,240
0,-24,55,120
120,8,56,120
120,7,72,480
0,10,71,960
0,2,85,480
0,-5,57,960
0,-39,61,120
120,7,55,120
120,1,55,120
120,7,55,120
120,19,70,720
0,12,84,720
0,-34,62,120
120,7,57,120
120,1,57,120
120,7,57,120
120,14,81,480
0,-39,62,120
120,7,56,120
120,35,80,240
0,-12,67,240
0,-22,57,120
120,7,57,120
120,13,70,360
0,12,84,360
0,-8,62,480
0,-20,63,120
120,7,58,120
120,1,59,120
120,19,78,120
0,-12,66,120
120,5,73,480
0,-2,73,240
0,12,86,240
0,-53,59,120
120,7,52,120
120,32,60,240
0,12,72,240
0,-39,52,120
120,7,52,120
120,31,72,240
0,-7,54,480
0,-5,57,240
0,-36,59,120
120,5,52,120
120,28,60,240
0,12,72,240
0,-36,52,120
120,6,52,120
120,26,54,480
0,7,81,240
0,-12,69,240
0,-35,62,120
120,4,52,120
120,41,71,240
0,-12,60,240
0,-24,52,120
120,7,52,120
120,18,55,480
0,6,72,240
0,-12,61,240
0,-27,61,120
120,6,52,120
120,36,67,240
0,-12,56,240
0,-21,52,120
120,6,52,120
120,12,66,240
0,7,61,480
0,5,80,240
0,-38,59,120
120,5,52,120
120,31,73,240
0,-12,61,240
0,-15,52,120
120,8,52,120
120,12,73,480
0,-7,61,240
0,-5,61,0
0,-15,58,120
120,3,52,120
120,17,62,240
0,12,74,240
0,-24,52,120
120,7,52,120
120,0,67,480
0,14,80,480
0,-9,67,480
0,7,67,480
0,-29,52,120
120,7,47,120
120,5,47,120
120,5,47,120
120,4,63,240
0,12,75,240
0,-5,51,480
0,-30,55,120
120,6,47,120
120,18,60,240
0,12,70,240
0,-27,47,120
120,5,47,120
120,17,47,480
0,-3,62,240
0,12,77,240
0,-41,55,120
120,3,47,120
120,25,51,240
0,12,68,240
0,-32,47,120
120,7,47,120
120,24,77,160
0,-7,53,160
0,-5,64,160
0,-22,56,120
120,3,47,120
40,24,70,320
0,-12,60,160
80,-7,47,120
80,12,60,160
0,12,70,160
40,-17,47,120
120,12,66,480
0,2,80,240
0,-9,66,480
0,-3,66,240
0,-18,55,120
120,4,47,120
120,16,57,120
0,12,68,120
0,-23,47,120
120,9,53,120
0,12,63,120
0,-14,47,120
120,1,61,120
0,10,61,480
0,2,73,120
0,-30,51,120
120,19,57,120
0,12,68,120
0,-24,47,120
120,14,61,120
0,12,73,120
0,-17,47,120
120,6,58,120
0,12,69,120
0,-36,47,120
120,31,67,320
0,-6,70,160
0,12,83,160
0,-38,56,120
120,3,47,120
40,36,79,160
0,-12,66,160
80,-19,46,120
80,28,69,160
0,12,77,160
40,-33,46,120
120,22,70,320
0,-3,70,160
0,12,82,160
0,-41,53,120
120,3,45,120
40,24,62,160
0,12,73,160
80,-31,44,120
80,19,64,160
0,5,80,160
0,-12,68,160
40,-5,44,120
120,12,69,480
0,2,82,900
0,-12,69,480
0,5,69,720
0,-24,50,120
120,7,42,120
120,5,42,120
120,5,41,120
120,5,61,240
0,6,61,240
0,-28,49,120
120,7,41,120
120,5,40,120
120,4,40,120
60,13,73,60
60,-8,72,160
0,8,85,160
0,-24,56,160
0,7,56,160
0,5,66,160
160,2,62,80
0,7,73,80
0,-19,42,80
0,4,42,80
0,6,51,80
160,2,62,80
0,7,73,80
0,-19,42,80
0,4,42,80
0,6,51,80
160,2,62,160
0,7,75,160
0,-19,46,160
0,4,46,160
0,6,56,160
160,7,71,80
0,-12,42,80
0,4,51,80
160,12,62,80
0,6,74,80
0,-22,42,80
0,12,51,80
0,-5,42,80
160,9,63,160
0,6,75,160
0,-22,46,160
0,7,46,160
0,5,56,160
160,5,62,80
0,4,74,80
0,-16,42,80
0,7,51,80
160,7,62,80
0,7,74,80
0,-15,51,80
0,-4,42,80
0,10,51,80
160,2,64,160
0,7,78,160
0,-19,46,160
0,4,56,160
0,6,56,160
160,7,73,80
0,-12,42,80
0,4,51,80
160,18,73,80
0,-6,62,80
0,-16,42,80
0,7,42,80
0,5,51,80
160,4,64,160
0,6,78,160
0,-22,46,160
0,7,46,160
0,5,56,160
160,5,62,80
0,4,73,80
0,-16,42,80
0,7,51,80
160,2,73,80
0,-7,62,80
0,-12,44,80
0,10,52,80
0,-6,44,80
160,8,62,160
0,7,75,160
0,-19,46,160
0,4,46,160
0,6,56,160
160,7,72,80
0,-12,44,80
0,4,52,80
160,0,62,80
0,6,74,80
0,-22,44,80
0,7,44,80
0,5,52,80
160,10,75,160
0,-6,62,160
0,-16,46,160
0,7,46,160
0,5,56,160
160,5,60,80
0,4,71,80
0,-16,44,80
0,7,52,80
160,2,74,80
0,-7,62,80
0,-8,44,80
0,-4,44,80
0,10,52,80
160,2,64,160
0,7,78,160
0,-19,46,160
0,4,46,160
0,6,56,160
160,7,74,80
0,-12,44,80
0,4,52,80
160,0,62,80
0,6,74,80
0,-15,44,80
0,-7,44,80
0,12,52,80
160,4,64,160
0,6,78,160
0,-22,46,160
0,7,46,160
0,5,56,160
160,9,67,80
0,-4,56,80
0,-12,39,80
0,7,47,80
160,8,49,80
0,5,59,80
0,-14,36,80
0,6,41,80
160,3,51,160
0,5,62,160
0,-14,37,160
0,6,44,160
160,2,49,80
0,5,58,80
0,-12,34,80
0,4,41,80
160,12,44,80
0,6,52,80
0,-22,29,80
0,12,36,80
0,-5,29,80
160,9,46,160
0,6,55,160
0,-22,33,160
0,7,33,160
0,5,39,160
160,5,44,80
0,4,52,80
0,-16,29,80
0,7,36,80
160,13,52,80
0,-5,44,80
0,-9,36,80
0,6,36,80
160,3,46,160
0,5,55,160
0,-14,39,160
0,6,39,160
160,2,41,80
0,5,51,80
0,-12,29,80
0,4,36,80
160,12,39,80
0,6,46,80
0,-22,26,80
0,7,26,80
0,5,31,80
160,4,40,160
0,6,49,160
0,-22,29,160
0,7,29,160
0,5,35,160
160,5,39,80
0,4,46,80
0,-16,26,80
0,7,31,80
160,-4,47,80
0,5,55,80
0,-8,39,80
0,-6,33,80
160,9,49,160
0,5,59,160
0,-14,35,160
0,6,41,160
160,2,45,80
0,5,56,80
0,-12,33,80
0,4,39,80
160,0,47,80
0,6,56,80
0,-22,33,80
0,7,33,80
0,5,39,80
160,4,49,160
0,6,59,160
0,-22,35,160
0,7,35,160
0,5,41,160
160,5,47,80
0,4,55,80
0,-16,33,80
0,7,39,80
160,-4,45,80
0,5,54,80
0,-14,33,80
0,6,39,80
160,3,49,160
0,5,59,160
0,-14,35,160
0,6,41,160
160,2,45,80
0,5,56,80
0,-12,33,80
0,4,39,80
160,3,52,80
0,-3,52,80
0,6,62,80
0,-22,41,80
0,12,49,80
160,7,49,160
0,-3,49,160
0,6,59,160
0,-22,39,160
0,12,47,160
160,8,42,80
0,-4,41,80
0,7,49,80
0,-24,33,80
0,12,39,80
160,17,56,80
0,-10,49,80
0,4,47,80
0,-11,38,80
0,2,45,80
160,5,49,160
0,4,49,160
0,6,59,160
0,-17,39,160
0,2,47,160
160,5,42,80
0,5,41,80
0,4,48,80
0,-16,31,80
0,4,39,80
160,6,47,80
0,2,47,80
0,4,47,80
0,6,56,80
0,-22,36,80
0,7,44,80
160,9,49,160
0,-6,49,160
0,2,49,160
0,10,59,160
0,-22,39,160
0,7,47,160
160,5,46,80
0,5,44,80
0,4,52,80
0,-16,34,80
0,-5,34,80
0,9,41,80
160,20,56,80
0,-10,49,80
0,4,47,80
0,-6,49,80
0,-17,44,80
0,7,44,80
0,7,44,80
160,3,49,160
0,12,59,160
0,-10,49,160
0,4,49,160
0,-23,47,160
0,7,47,160
0,7,47,160
160,2,46,80
0,8,41,80
0,4,51,80
0,-28,44,80
0,7,34,80
0,5,41,80
160,10,49,80
0,2,49,80
0,4,47,80
0,6,55,80
0,-34,47,80
0,7,36,80
0,5,44,80
160,10,49,160
0,2,49,160
0,4,49,160
0,6,59,160
0,-34,39,160
0,7,39,160
0,5,47,160
160,7,63,160
0,-4,45,160
0,-8,34,160
0,6,49,160
160,3,66,160
0,9,80,160
0,-27,61,160
160,20,68,160
0,4,74,160
0,-21,47,160
0,9,56,160
160,9,71,160
0,9,84,160
0,-33,62,160
160,26,66,160
0,4,79,160
0,-24,49,160
0,6,59,160
160,15,74,160
0,9,89,160
0,-39,64,160
160,36,85,160
0,-4,72,160
0,-26,50,160
0,6,60,160
160,30,92,160
0,-9,78,160
0,-36,69,160
160,38,73,160
0,4,86,160
0,-36,53,160
0,6,64,160
160,27,79,160
0,9,94,160
0,-51,77,160
160,42,77,160
0,12,90,160
0,-66,69,160
0,12,69,160
160,43,85,160
0,12,101,160
0,-56,42,160
0,-12,42,160
160,32,64,160
0,7,64,160
0,5,77,160
0,-32,36,160
0,12,50,160
160,15,64,160
0,-7,64,160
0,12,77,160
0,-32,40,160
0,12,48,160
160,8,55,160
0,8,55,160
0,4,77,160
0,-32,40,160
0,12,48,160
160,8,63,160
0,8,63,160
0,4,75,160
0,-32,40,160
0,12,48,160
160,8,63,160
0,8,63,160
0,4,75,160
0,-32,41,160
0,12,49,160
160,20,80,160
0,-12,57,160
0,8,57,160
0,-28,38,160
0,12,55,160
160,8,64,160
0,8,64,160
0,4,77,160
0,-33,44,160
0,12,52,160
160,9,64,160
0,8,64,160
0,4,77,160
0,-33,44,160
0,12,52,160
160,9,68,160
0,8,68,160
0,4,81,160
0,-33,47,160
0,12,56,160
160,21,79,160
0,-12,67,160
0,8,67,160
0,-28,44,160
0,12,52,160
160,8,67,160
0,8,67,160
0,4,79,160
0,-32,44,160
0,12,52,160
160,8,67,80
0,8,67,80
0,4,80,80
0,-32,46,80
0,12,56,80
160,8,68,80
0,9,68,80
0,3,81,80
0,-32,47,80
0,12,57,80
160,8,69,80
0,9,69,80
0,3,82,80
0,-32,48,80
0,12,58,80
160,17,71,80
0,-9,71,80
0,12,83,80
0,-32,49,80
0,12,58,80
160,9,71,80
0,8,71,80
0,4,84,80
0,-33,50,80
0,12,59,80
160,9,71,80
0,8,71,80
0,4,85,80
0,-33,51,80
0,12,61,80
160,9,72,80
0,8,72,80
0,4,86,80
0,-33,52,80
0,12,62,80
160,21,88,80
0,-12,73,80
0,8,73,80
0,-30,52,80
0,12,62,80
160,10,75,80
0,8,75,80
0,4,90,80
0,-34,53,80
0,12,63,80
160,10,77,80
0,8,77,80
0,4,91,80
0,-34,53,80
0,12,64,80
160,10,78,80
0,7,78,80
0,5,92,80
0,-33,55,80
0,12,66,80
160,21,93,80
0,-12,79,80
0,6,79,80
0,-27,56,80
0,12,67,80
160,9,73,80
0,7,86,80
0,5,102,80
0,-32,52,80
0,12,74,80
160,12,68,160
0,3,80,160
0,9,95,160
0,-21,50,160
0,-7,50,160
0,12,71,160
160,4,68,160
0,3,80,160
0,9,95,160
0,-21,51,160
0,-7,51,160
0,12,72,160
160,4,72,160
0,3,85,160
0,9,101,160
0,-28,53,160
0,7,53,160
0,5,75,160
160,14,95,160
0,-12,68,160
160,-2,68,160
0,12,95,160
160,-43,68,160
0,12,96,160
160,23,68,160
0,5,80,160
0,7,95,160
0,-23,50,160
0,-5,50,160
0,12,71,160
160,4,68,160
0,5,80,160
0,7,95,160
0,-23,51,160
0,-5,51,160
0,12,72,160
160,4,72,160
0,5,85,160
0,7,101,160
0,-28,53,160
0,5,53,160
0,7,75,160
160,14,95,160
0,-12,68,160
160,-2,68,160
0,12,95,160
160,-41,68,160
0,12,96,160
160,21,68,160
0,3,80,160
0,9,95,160
0,-21,50,160
0,-7,50,160
0,12,71,160
160,4,68,160
0,3,80,160
0,9,95,160
0,-21,51,160
0,-7,51,160
0,12,72,160
160,4,72,160
0,3,85,160
0,9,101,160
0,-28,53,160
0,7,53,160
0,5,75,160
160,14,95,160
0,-12,68,160
160,-2,68,160
0,12,95,160
160,-39,68,160
0,12,96,160
160,19,68,160
0,2,80,160
0,10,95,160
0,-19,50,160
0,-7,50,160
0,10,71,160
160,4,68,160
0,2,80,160
0,10,95,160
0,-19,51,160
0,-7,51,160
0,10,72,160
160,4,72,160
0,2,85,160
0,10,101,160
0,-26,53,160
0,7,53,160
0,3,75,160
160,14,95,160
0,-12,68,160
160,-2,68,160
0,12,95,160
160,-22,84,1920
0,4,84,1920
0,6,95,1920
0,2,101,1920
0,-36,59,1920
0,12,70,1920
1920,15,80,1920
0,6,80,1920
0,5,95,1920
0,-33,56,1920
0,12,66,1920
1920,-10,44,120
0,12,52,120
120,7,29,120
120,-4,22,120
0,12,26,120
0,-3,22,120
120,-17,33,120
120,-7,25,120
0,12,29,120
120,7,29,120
120,-4,23,120
0,12,27,120
0,-3,23,120
120,-17,35,120
120,-7,27,120
0,12,33,120
120,7,30,120
120,-4,24,120
0,12,29,120
0,-3,24,120
120,-17,35,120
120,-7,28,120
0,12,34,120
120,7,35,120
120,-4,26,120
0,12,31,120
0,-3,26,120
120,-17,39,120
120,-7,30,120
0,12,38,120
120,7,35,120
120,-4,28,120
0,12,34,120
0,-3,28,120
120,-17,39,120
120,-7,29,120
0,12,35,120
120,7,34,120
120,-4,25,120
0,12,30,120
0,-3,25,120
120,-17,36,120
120,-7,27,120
0,12,33,120
120,7,30,120
120,-4,24,120
0,12,29,120
0,-3,24,120
120,-17,35,120
120,-7,25,120
0,12,29,120
120,7,29,120
120,-4,24,120
0,12,28,120
0,-3,24,120
120,-5,33,120
120,20,54,120
0,-27,35,120
120,24,51,60
0,-17,34,120
120,8,30,120
0,-3,30,120
120,14,51,120
0,-19,31,120
120,20,54,120
0,-27,35,120
120,24,51,60
0,-17,33,120
120,8,31,120
0,-3,31,120
120,-5,31,120
120,20,54,120
0,-27,35,120
120,24,51,60
0,-17,34,120
120,8,31,120
0,-3,31,120
120,14,51,120
0,-19,31,120
120,20,54,120
0,-27,35,120
120,24,51,60
0,-17,33,120
120,8,31,120
0,-3,31,120
120,-5,31,120
120,20,54,120
0,-27,35,120
120,24,51,60
0,-17,33,120
120,8,31,120
0,-3,31,120
120,14,61,120
0,-19,33,120
120,20,66,120
0,-27,37,120
120,36,64,60
0,-29,35,120
120,8,34,120
0,-3,34,120
120,-5,34,120
120,28,64,120
0,-33,35,120
120,24,59,60
0,-18,34,120
120,9,30,120
0,-6,30,120
120,16,51,120
0,-19,31,120
120,21,54,120
0,-27,35,120
120,24,51,60
0,-18,33,120
120,9,31,120
0,-6,31,120
120,-3,31,120
120,24,57,120
0,-30,35,120
120,24,51,60
0,-21,34,120
120,12,30,120
0,-6,30,120
120,16,51,120
0,-22,31,120
120,24,54,120
0,-27,35,120
120,24,51,60
0,-18,33,120
120,9,31,120
0,-6,31,120
120,-3,31,120
120,24,57,120
0,-30,35,120
120,24,51,60
0,-21,34,120
120,12,30,120
0,-6,30,120
120,16,51,120
0,-22,31,120
120,24,54,120
0,-27,35,120
120,24,51,60
0,-18,33,120
120,9,31,120
0,-6,31,120
120,-3,31,120
120,24,60,120
0,-30,35,120
120,24,53,60
0,-21,35,120
120,12,34,120
0,-6,34,120
120,16,65,120
0,-22,35,120
120,24,71,120
0,-27,39,120
120,36,64,60
0,-30,37,120
120,9,37,120
0,-6,37,120
120,-3,38,120
120,30,61,240
0,-35,35,120
120,24,57,60
0,-20,34,120
120,12,30,120
0,-8,30,120
120,18,49,120
0,-22,31,120
120,29,52,240
0,-5,52,120
0,-28,35,120
120,24,49,60
0,-20,33,120
120,12,31,120
0,-7,31,120
120,-5,31,120
120,20,69,120
0,12,82,120
0,-33,56,120
120,32,75,60
0,-5,63,60
0,-18,53,120
120,6,50,120
120,6,61,120
0,9,72,120
0,-30,51,120
120,29,78,120
0,-4,64,120
0,-24,56,120
120,19,57,60
0,12,68,60
0,-24,52,120
120,9,58,120
120,-16,51,120
120,13,46,120
0,12,55,120
0,-33,33,120
120,32,50,60
0,-5,42,60
0,-18,30,120
120,9,29,120
120,3,40,120
0,9,49,120
0,-30,29,120
120,28,52,120
0,-3,44,120
0,-24,33,120
120,19,40,60
0,12,49,60
0,-24,30,120
120,8,29,120
120,-15,29,120
120,27,69,120
0,12,82,120
0,-33,56,120
120,32,75,60
0,-5,63,60
0,-18,53,120
120,6,50,120
120,6,61,120
0,9,72,120
0,-30,51,120
120,29,78,120
0,-4,64,120
0,-24,56,120
120,19,57,60
0,12,68,60
0,-24,52,120
120,9,58,120
120,-16,51,120
120,13,46,120
0,12,55,120
0,-33,33,120
120,32,50,60
0,-5,42,60
0,-18,30,120
120,9,29,120
120,3,40,120
0,9,49,120
0,-30,29,120
120,29,52,120
0,-4,44,120
0,-24,33,120
120,27,40,60
0,-8,40,60
0,12,49,60
0,-24,30,120
120,8,29,120
120,-15,29,120
120,36,75,120
0,-5,75,120
0,12,89,120
0,-46,56,120
120,45,83,60
0,-12,70,60
0,-28,53,120
120,1,50,120
120,24,62,120
0,12,75,120
0,-27,49,120
120,17,68,120
0,9,80,120
0,-12,68,120
0,-29,52,120
120,27,62,60
0,12,75,60
0,-34,49,120
120,1,49,120
120,9,49,120
120,12,68,120
0,12,80,120
0,-39,47,120
120,37,73,60
0,-4,61,60
0,-28,45,120
120,1,42,120
120,18,57,120
0,12,68,120
0,-21,44,120
120,17,59,120
0,3,69,120
0,-33,49,120
120,21,53,60
0,6,62,60
0,-22,44,120
120,1,46,120
120,9,44,120
120,8,57,120
0,12,68,120
0,-33,47,120
120,32,62,60
0,-5,52,60
0,-22,45,120
120,1,42,120
120,12,51,120
0,12,61,120
0,-15,44,120
120,10,53,120
0,3,63,120
0,-27,49,120
120,15,44,60
0,4,52,60
0,-13,39,120
120,1,40,120
120,8,39,120
120,9,57,120
0,3,67,120
0,-29,52,120
120,20,59,60
0,-3,49,60
0,-10,45,120
120,1,41,120
120,9,42,120
120,9,53,120
0,3,62,120
0,-30,52,120
120,18,46,60
0,2,56,60
0,-13,41,120
120,1,42,120
120,10,41,120
120,10,68,120
0,-27,51,120
120,15,40,120
0,4,40,120
0,5,59,120
0,-17,44,120
120,5,47,120
120,14,67,120
0,-31,48,120
120,32,68,120
0,-27,51,120
120,15,40,120
0,4,40,120
0,5,60,120
0,-17,43,120
120,5,48,120
120,-17,48,120
120,32,68,120
0,-27,51,120
120,15,40,120
0,4,40,120
0,5,60,120
0,-17,44,120
120,5,48,120
120,14,68,120
0,-31,48,120
120,32,68,120
0,-27,51,120
120,15,40,120
0,4,40,120
0,5,60,120
0,-17,43,120
120,5,48,120
120,-17,48,120
120,32,68,120
0,-27,51,120
120,15,46,120
0,4,46,120
0,5,67,120
0,-17,49,120
120,5,48,120
120,14,73,120
0,-31,49,120
120,32,84,120
0,-27,54,120
120,24,52,120
0,7,52,120
0,5,76,120
0,-29,51,120
120,8,50,120
120,-12,50,120
120,32,76,120
0,-33,51,120
120,21,46,120
0,3,67,120
0,-18,44,120
120,9,47,120
120,10,67,120
0,-25,48,120
120,27,68,120
0,-21,51,120
120,12,40,120
0,3,40,120
0,3,60,120
0,-15,43,120
120,6,48,120
120,-15,48,120
120,30,71,120
0,-27,51,120
120,15,40,120
0,3,40,120
0,3,59,120
0,-15,44,120
120,6,47,120
120,10,67,120
0,-25,48,120
120,27,68,120
0,-21,51,120
120,12,40,120
0,3,40,120
0,3,60,120
0,-15,43,120
120,6,48,120
120,-15,48,120
120,30,71,120
0,-27,51,120
120,15,40,120
0,3,40,120
0,3,59,120
0,-15,44,120
120,6,47,120
120,10,67,120
0,-25,48,120
120,27,68,120
0,-21,51,120
120,12,40,120
0,3,40,120
0,3,60,120
0,-15,43,120
120,6,48,120
120,-15,48,120
120,30,74,120
0,-27,52,120
120,15,42,120
0,3,42,120
0,3,63,120
0,-15,46,120
120,6,50,120
120,10,82,120
0,-25,51,120
120,27,88,120
0,-21,57,120
120,18,54,120
0,6,54,120
0,6,78,120
0,-27,54,120
120,6,54,120
120,-15,55,120
120,36,73,120
0,-35,51,120
120,23,50,120
0,1,72,120
0,-16,50,120
120,8,47,120
120,10,64,120
0,-22,48,120
120,24,69,120
0,-19,51,120
120,12,44,120
0,12,69,120
0,-9,44,120
0,-12,49,120
120,4,48,120
120,-16,48,120
120,36,85,120
0,-33,61,120
120,21,71,120
0,11,84,120
0,-5,71,120
0,-18,59,120
120,6,55,120
120,15,80,120
0,-30,57,120
120,29,86,120
0,-28,61,120
120,24,67,120
0,-5,67,120
0,12,80,120
0,-24,58,120
120,9,57,120
120,-16,57,120
120,25,67,120
0,-33,48,120
120,21,55,120
0,11,66,120
0,-5,55,120
0,-18,44,120
120,9,44,120
120,12,64,120
0,-30,44,120
120,29,69,120
0,-28,48,120
120,24,53,120
0,3,53,120
0,-8,53,120
0,12,64,120
0,-24,44,120
120,8,44,120
120,-15,44,120
120,39,85,120
0,-33,61,120
120,21,71,120
0,11,84,120
0,-5,71,120
0,-18,59,120
120,6,55,120
120,15,80,120
0,-30,57,120
120,29,86,120
0,-28,61,120
120,24,67,120
0,-5,67,120
0,12,80,120
0,-24,58,120
120,9,57,120
120,-16,57,120
120,30,84,120
0,-33,61,120
120,21,65,120
0,11,77,120
0,-5,65,120
0,-18,58,120
120,6,55,120
120,15,80,120
0,-30,55,120
120,29,86,120
0,-28,61,120
120,27,63,120
0,-8,63,120
0,12,75,120
0,-24,57,120
120,8,55,120
120,-15,55,120
120,27,83,720
0,-9,83,240
0,12,99,240
0,-42,69,120
120,7,59,120
120,24,66,240
0,12,79,240
0,-24,71,120
120,-12,59,120
120,23,75,240
0,12,89,240
0,-40,69,120
120,5,59,120
120,24,66,240
0,7,66,240
0,5,79,240
0,-24,69,120
120,-12,59,120
120,23,78,240
0,8,78,240
0,4,92,240
0,-39,69,120
120,4,59,120
120,29,67,480
0,-5,67,240
0,12,80,240
0,-24,68,120
120,-12,59,120
120,23,74,240
0,12,89,240
0,-38,68,120
120,8,59,120
120,19,67,240
0,3,67,240
0,9,80,240
0,-19,68,120
120,-12,59,120
120,10,79,120
0,5,84,120
0,7,100,120
0,-29,51,120
0,7,57,120
0,7,68,120
240,2,66,120
0,6,73,120
0,6,86,120
0,-28,39,120
0,7,46,120
0,5,56,120
480,0,56,240
0,5,56,240
0,5,58,240
0,4,66,240
0,-36,38,240
0,12,46,240
240,10,58,480
0,6,58,480
0,4,56,480
0,4,68,480
0,-35,41,480
0,12,49,480
480,9,53,360
0,7,53,360
0,3,62,360
0,2,62,360
0,-32,39,360
0,12,46,360
360,5,49,120
120,0,41,960
0,8,41,960
0,7,49,960
0,-31,31,960
0,12,37,1440
960,7,41,480
0,5,41,480
0,4,49,480
480,-7,37,480
0,5,37,480
0,3,44,480
0,-24,39,480
480,12,34,1920
0,6,36,1920
0,5,47,960
0,-21,39,1200
960,19,41,960
240,-18,37,240
240,1,39,240
240,-2,37,240
120,9,41,600
60,8,41,1020
60,7,49,480
0,-31,33,960
0,12,39,1440
480,7,41,480
0,9,49,480
480,-7,41,240
0,3,41,480
0,5,49,240
240,-10,39,240
0,9,47,240
240,-2,41,480
0,-3,37,240
0,8,44,240
0,-26,39,480
240,16,35,240
0,8,41,240
240,-12,31,1920
0,6,36,1920
0,5,45,960
0,-21,29,1200
960,19,41,960
240,-18,37,240
240,3,35,160
160,-2,34,160
160,-2,34,160
160,17,40,960
0,-8,41,480
0,15,53,480
0,-31,41,480
480,27,44,12
0,6,51,480
0,-15,44,480
480,8,44,480
0,9,52,480
0,-28,37,960
0,10,44,480
480,19,58,360
0,-7,49,480
0,-8,44,360
360,14,53,120
0,3,60,120
0,-19,49,120
120,9,43,480
0,8,46,480
0,4,61,480
0,-28,39,480
0,7,45,480
480,5,44,480
0,3,44,10
0,6,51,480
0,-15,44,480
480,5,44,420
0,3,44,960
0,9,52,420
0,-28,37,480
0,10,44,960
420,4,56,540
60,15,58,360
0,-31,37,420
360,33,60,120
60,-34,41,540
60,24,53,480
0,7,53,960
0,5,63,480
0,-20,49,480
480,8,53,960
0,10,60,480
0,-42,40,480
0,12,48,480
480,16,53,480
0,9,63,480
0,3,63,480
0,-39,41,480
0,12,49,480
480,18,53,18
0,4,53,360
0,4,63,360
0,-36,41,360
0,12,49,360
360,17,57,120
0,5,57,120
0,-33,37,120
0,12,45,120
120,10,51,480
0,6,56,480
0,3,61,480
0,-30,41,480
0,12,49,480
480,4,49,360
0,4,49,360
0,5,59,360
0,3,59,360
0,-27,41,360
0,12,49,360
360,5,47,120
0,5,56,120
0,4,56,120
0,-24,37,120
0,12,45,120
120,10,59,720
0,-5,49,480
0,3,59,480
0,-19,41,480
0,12,49,480
480,0,47,360
0,6,53,360
0,-16,45,480
240,20,60,120
120,1,55,1080
60,8,60,1020
60,7,72,960
0,-43,39,160
160,18,33,160
160,1,31,160
160,2,37,160
160,-2,31,160
160,-12,31,160
160,24,49,480
0,5,49,480
0,4,60,480
0,-28,39,160
160,6,35,160
160,1,35,160
160,9,34,240
0,3,39,240
0,-10,37,160
160,-2,33,160
80,14,41,240
0,5,41,240
0,3,55,240
80,-34,33,160
160,33,68,720
0,-11,33,960
0,6,42,960
0,-21,39,160
160,4,35,160
160,1,35,160
160,2,37,160
160,-2,33,160
80,19,55,240
80,-31,33,160
160,26,58,240
0,-16,39,160
160,1,35,160
80,13,52,240
80,-12,35,160
160,5,61,240
0,-3,37,160
160,-2,33,160
80,7,55,120
80,-19,33,160
40,21,62,120
120,0,55,480
0,8,57,960
0,7,68,480
0,-31,39,120
240,6,34,120
120,1,33,120
120,12,49,480
0,9,62,480
0,-19,37,120
120,-2,31,108
120,0,37,120
120,-12,37,120
120,29,57,480
0,-3,55,240
0,8,66,240
0,-29,39,120
240,19,46,240
0,9,55,240
0,-22,35,120
120,1,35,120
120,12,48,160
0,9,57,160
0,-19,37,120
120,-2,33,108
40,16,46,160
0,8,55,160
80,-24,37,120
80,14,46,160
0,8,55,160
40,-34,31,120
120,33,61,720
0,-11,32,960
0,6,36,960
0,-21,39,120
240,4,35,120
120,1,35,120
120,2,37,120
120,-2,33,108
120,19,60,240
0,-19,37,120
120,-12,33,120
120,26,60,160
0,-16,39,240
160,14,51,160
80,-13,35,120
80,15,51,160
40,-14,35,120
120,12,58,160
0,-10,39,120
120,-2,35,108
40,5,53,160
80,-5,39,120
80,7,53,160
40,-19,35,120
120,24,61,480
0,5,58,960
0,7,73,960
0,-31,44,120
120,7,39,120
120,2,39,120
120,-2,39,120
120,14,57,480
0,12,68,480
0,-17,44,120
120,-9,40,120
120,2,40,120
120,-2,41,120
120,24,61,960
0,-2,61,960
0,-6,61,480
0,12,73,480
0,-40,45,120
120,12,40,120
120,2,41,120
120,-2,41,120
120,17,68,360
0,12,75,360
0,-19,47,120
120,-10,44,120
120,2,44,120
120,17,70,120
0,12,73,120
0,-31,44,120
120,24,66,960
0,-3,66,960
0,12,78,480
0,-40,48,120
120,7,42,120
120,2,42,120
120,-2,42,120
120,26,73,480
0,-12,61,480
0,-5,49,120
120,-9,46,120
120,2,46,120
120,-2,46,120
120,16,66,480
0,12,78,480
0,-4,66,480
0,-2,66,480
0,-34,50,120
120,12,46,120
120,2,46,120
120,-2,46,120
120,29,79,360
0,-12,66,360
0,-7,52,120
120,-10,49,120
120,2,49,120
120,17,64,120
0,12,77,120
0,-31,49,120
120,28,66,960
0,3,74,960
0,-10,70,480
0,12,81,480
0,-44,57,120
120,7,51,120
120,1,51,120
120,7,51,120
120,18,66,720
0,12,78,720
0,-33,58,120
120,7,53,120
120,1,53,120
120,7,53,120
120,10,74,960
0,3,74,960
0,-39,59,120
120,6,52,120
120,25,64,240
0,12,77,240
0,-36,52,120
120,8,53,120
120,15,63,240
0,12,75,240
0,-30,60,120
120,6,55,120
120,13,63,240
0,12,75,240
0,-24,55,120
120,8,56,120
120,14,57,960
0,3,71,960
0,2,85,480
0,-12,72,480
0,-32,61,120
120,7,55,120
120,1,55,120
120,7,55,120
120,19,70,720
0,12,84,720
0,-34,62,120
120,7,57,120
120,1,57,120
120,7,57,120
120,14,81,480
0,-39,62,120
120,7,56,120
120,23,67,240
0,12,80,240
0,-34,57,120
120,7,57,120
120,13,70,360
0,12,84,360
0,-8,62,480
0,-20,63,120
120,7,58,120
120,1,59,120
120,19,78,120
0,-12,66,120
120,5,73,480
0,-2,73,240
0,12,86,240
0,-53,59,120
120,7,52,120
120,32,60,240
0,12,72,240
0,-39,52,120
120,7,52,120
120,24,53,480
0,-5,59,240
0,12,72,240
0,-48,59,120
120,5,52,120
120,28,60,240
0,12,72,240
0,-36,52,120
120,6,52,120
120,26,61,480
0,7,81,240
0,-12,69,240
0,-35,62,120
120,4,52,120
120,41,71,240
0,-12,60,240
0,-24,52,120
120,7,52,120
120,18,53,480
0,6,72,240
0,-12,61,240
0,-27,61,120
120,6,52,120
120,36,67,240
0,-12,56,240
0,-21,52,120
120,6,52,120
120,19,64,480
0,-7,66,240
0,12,80,240
0,-38,59,120
120,5,52,120
120,31,73,240
0,-12,61,240
0,-15,52,120
120,8,52,120
120,12,73,480
0,-7,61,240
0,-5,61,0
0,-15,58,120
120,3,52,120
120,17,62,240
0,12,74,240
0,-24,52,120
120,7,52,120
120,0,67,480
0,5,67,480
0,7,67,480
0,2,80,480
0,-31,52,120
120,7,47,120
120,5,47,120
120,5,47,120
120,4,59,240
0,12,75,240
0,-5,51,480
0,-30,55,120
120,6,47,120
120,18,60,240
0,12,70,240
0,-27,47,120
120,5,47,120
120,17,46,480
0,-3,60,240
0,12,77,240
0,-41,55,120
120,3,47,120
120,25,50,240
0,12,70,240
0,-32,47,120
120,7,47,120
120,17,53,160
0,-5,64,160
0,12,77,160
0,-34,56,120
120,3,47,120
40,24,70,320
0,-12,60,160
80,-7,47,120
80,12,60,160
0,12,70,160
40,-17,47,120
120,2,66,240
0,12,80,240
0,-9,66,480
0,7,66,480
0,-28,55,120
120,4,47,120
120,16,57,120
0,12,68,120
0,-23,47,120
120,9,53,120
0,12,63,120
0,-14,47,120
120,11,61,480
0,-10,61,120
0,12,73,120
0,-30,51,120
120,19,57,120
0,12,68,120
0,-24,47,120
120,14,61,120
0,12,73,120
0,-17,47,120
120,6,58,120
0,12,69,120
0,-36,47,120
120,31,70,320
0,-6,70,160
0,12,83,160
0,-38,56,120
120,3,47,120
40,24,66,160
0,12,79,160
80,-31,46,120
80,28,69,160
0,12,77,160
40,-33,46,120
120,22,70,320
0,-3,70,160
0,12,82,160
0,-41,53,120
120,3,45,120
40,24,62,160
0,12,73,160
80,-31,44,120
80,19,64,160
0,5,80,160
0,-12,68,160
40,-5,44,120
120,14,82,900
0,-12,69,480
0,5,69,720
0,5,69,480
0,-29,50,120
120,7,42,120
120,5,42,120
120,5,41,120
120,5,61,240
0,6,61,240
0,-28,49,120
120,7,41,120
120,5,40,120
120,4,40,120
60,13,73,60
60,-8,72,160
0,8,85,160
0,-12,66,160
0,-12,56,160
0,7,56,160
160,7,62,80
0,7,73,80
0,-19,42,80
0,4,42,80
0,6,51,80
160,9,73,80
0,-7,62,80
0,-2,51,80
0,-6,42,80
0,-4,42,80
160,12,62,160
0,7,75,160
0,-9,56,160
0,-6,46,160
0,-4,46,160
160,17,71,80
0,-12,42,80
0,4,51,80
160,12,62,80
0,6,74,80
0,-15,42,80
0,5,51,80
0,-12,42,80
160,16,63,160
0,6,75,160
0,-10,56,160
0,-12,46,160
0,7,46,160
160,10,62,80
0,4,74,80
0,-16,42,80
0,7,51,80
160,7,62,80
0,7,74,80
0,-9,51,80
0,-10,42,80
0,4,51,80
160,15,78,160
0,-7,64,160
0,-12,46,160
0,4,56,160
0,6,56,160
160,7,73,80
0,-12,42,80
0,4,51,80
160,18,73,80
0,-6,62,80
0,-4,51,80
0,-5,42,80
0,-7,42,80
160,16,64,160
0,6,78,160
0,-22,46,160
0,12,56,160
0,-5,46,160
160,10,62,80
0,4,73,80
0,-9,51,80
0,-7,42,80
160,9,73,80
0,-7,62,80
0,-12,44,80
0,10,52,80
0,-6,44,80
160,8,62,160
0,7,75,160
0,-9,56,160
0,-6,46,160
0,-4,46,160
160,17,72,80
0,-12,44,80
0,4,52,80
160,0,62,80
0,6,74,80
0,-22,44,80
0,7,44,80
0,5,52,80
160,10,75,160
0,-6,62,160
0,-4,56,160
0,-5,46,160
0,-7,46,160
160,17,60,80
0,4,71,80
0,-9,52,80
0,-7,44,80
160,9,74,80
0,-7,62,80
0,-2,52,80
0,-10,44,80
0,4,44,80
160,8,64,160
0,7,78,160
0,-9,56,160
0,-6,46,160
0,-4,46,160
160,17,74,80
0,-12,44,80
0,4,52,80
160,0,62,80
0,6,74,80
0,-10,52,80
0,-12,44,80
0,7,44,80
160,9,64,160
0,6,78,160
0,-10,56,160
0,-5,46,160
0,-7,46,160
160,21,67,80
0,-4,56,80
0,-12,39,80
0,7,47,80
160,13,59,80
0,-5,49,80
0,-9,36,80
0,6,41,80
160,8,62,160
0,-5,51,160
0,-9,37,160
0,6,44,160
160,2,49,80
0,5,58,80
0,-12,34,80
0,4,41,80
160,12,44,80
0,6,52,80
0,-15,29,80
0,5,36,80
0,-12,29,80
160,16,46,160
0,6,55,160
0,-10,39,160
0,-5,33,160
0,-7,33,160
160,17,44,80
0,4,52,80
0,-16,29,80
0,7,36,80
160,8,44,80
0,5,52,80
0,-14,36,80
0,6,36,80
160,8,55,160
0,-5,46,160
0,-9,39,160
0,6,39,160
160,2,41,80
0,5,51,80
0,-8,36,80
0,-4,29,80
160,16,39,80
0,6,46,80
0,-22,26,80
0,7,26,80
0,5,31,80
160,4,40,160
0,6,49,160
0,-10,35,160
0,-5,29,160
0,-7,29,160
160,17,39,80
0,4,46,80
0,-16,26,80
0,7,31,80
160,1,55,80
0,-5,47,80
0,-3,39,80
0,-6,33,80
160,9,49,160
0,5,59,160
0,-14,35,160
0,6,41,160
160,7,56,80
0,-5,45,80
0,-7,33,80
0,4,39,80
160,0,47,80
0,6,56,80
0,-10,39,80
0,-5,33,80
0,-7,33,80
160,16,49,160
0,6,59,160
0,-15,35,160
0,5,41,160
0,-12,35,160
160,17,47,80
0,4,55,80
0,-16,33,80
0,7,39,80
160,1,56,80
0,-5,47,80
0,-9,33,80
0,6,39,80
160,3,49,160
0,5,59,160
0,-14,35,160
0,6,41,160
160,7,56,80
0,-5,45,80
0,-7,33,80
0,4,39,80
160,3,52,80
0,-3,52,80
0,6,62,80
0,-22,41,80
0,12,49,80
160,7,49,160
0,-3,49,160
0,6,59,160
0,-22,39,160
0,12,47,160
160,8,42,80
0,-4,41,80
0,7,49,80
0,-24,33,80
0,12,39,80
160,7,49,80
0,4,47,80
0,6,56,80
0,-17,38,80
0,2,45,80
160,9,49,160
0,6,59,160
0,-10,49,160
0,-5,47,160
0,-2,39,160
160,7,42,80
0,5,41,80
0,4,48,80
0,-12,39,80
0,-4,31,80
160,10,47,80
0,2,47,80
0,4,47,80
0,6,56,80
0,-15,44,80
0,-7,36,80
160,10,49,160
0,2,49,160
0,10,59,160
0,-6,49,160
0,-9,47,160
0,-7,39,160
160,12,46,80
0,5,44,80
0,4,52,80
0,-21,34,80
0,5,34,80
0,4,41,80
160,20,56,80
0,-10,49,80
0,4,47,80
0,-6,49,80
0,-3,44,80
0,-14,44,80
0,7,44,80
160,10,49,160
0,2,49,160
0,4,49,160
0,6,59,160
0,-15,47,160
0,-14,47,160
0,7,47,160
160,17,41,80
0,4,51,80
0,-12,46,80
0,-9,34,80
0,5,41,80
0,-12,44,80
160,22,49,80
0,2,49,80
0,4,47,80
0,6,55,80
0,-27,36,80
0,-7,47,80
0,12,44,80
160,10,49,160
0,2,49,160
0,4,49,160
0,6,59,160
0,-34,39,160
0,12,47,160
0,-5,39,160
160,12,63,160
0,-4,45,160
0,-2,49,160
0,-6,34,160
160,9,66,160
0,9,80,160
0,-27,61,160
160,20,68,160
0,4,74,160
0,-12,56,160
0,-9,47,160
160,18,71,160
0,9,84,160
0,-33,62,160
160,26,66,160
0,4,79,160
0,-24,49,160
0,6,59,160
160,15,74,160
0,9,89,160
0,-39,64,160
160,36,85,160
0,-4,72,160
0,-26,50,160
0,6,60,160
160,30,92,160
0,-9,78,160
0,-36,69,160
160,38,73,160
0,4,86,160
0,-36,53,160
0,6,64,160
160,27,79,160
0,9,94,160
0,-51,77,160
160,42,77,160
0,12,90,160
0,-66,69,160
0,12,69,160
160,43,85,160
0,12,101,160
0,-56,42,160
0,-12,42,160
160,32,64,160
0,7,64,160
0,5,77,160
0,-20,50,160
0,-12,36,160
160,27,64,160
0,-7,64,160
0,12,77,160
0,-20,48,160
0,-12,40,160
160,20,55,160
0,8,55,160
0,4,77,160
0,-20,48,160
0,-12,40,160
160,20,63,160
0,8,63,160
0,4,75,160
0,-32,40,160
0,12,48,160
160,8,63,160
0,8,63,160
0,4,75,160
0,-32,41,160
0,12,49,160
160,20,80,160
0,-12,57,160
0,8,57,160
0,-28,38,160
0,12,55,160
160,8,64,160
0,8,64,160
0,4,77,160
0,-33,44,160
0,12,52,160
160,9,64,160
0,8,64,160
0,4,77,160
0,-33,44,160
0,12,52,160
160,9,68,160
0,8,68,160
0,4,81,160
0,-33,47,160
0,12,56,160
160,21,79,160
0,-12,67,160
0,8,67,160
0,-28,44,160
0,12,52,160
160,8,67,160
0,8,67,160
0,4,79,160
0,-20,52,160
0,-12,44,160
160,20,67,80
0,8,67,80
0,4,80,80
0,-32,46,80
0,12,56,80
160,8,68,80
0,9,68,80
0,3,81,80
0,-32,47,80
0,12,57,80
160,8,69,80
0,9,69,80
0,3,82,80
0,-32,48,80
0,12,58,80
160,17,71,80
0,-9,71,80
0,12,83,80
0,-32,49,80
0,12,58,80
160,9,71,80
0,8,71,80
0,4,84,80
0,-33,50,80
0,12,59,80
160,9,71,80
0,8,71,80
0,4,85,80
0,-21,61,80
0,-12,51,80
160,21,72,80
0,8,72,80
0,4,86,80
0,-33,52,80
0,12,62,80
160,21,88,80
0,-12,73,80
0,8,73,80
0,-30,52,80
0,12,62,80
160,18,75,80
0,4,90,80
0,-12,75,80
0,-22,53,80
0,12,63,80
160,10,77,80
0,12,91,80
0,-4,77,80
0,-18,64,80
0,-12,53,80
160,22,78,80
0,12,92,80
0,-5,78,80
0,-16,66,80
0,-12,55,80
160,21,79,80
0,6,79,80
0,6,93,80
0,-21,67,80
0,-12,56,80
160,21,73,80
0,12,102,80
0,-5,86,80
0,-15,74,80
0,-12,52,80
160,24,68,160
0,3,80,160
0,9,95,160
0,-21,50,160
0,-7,50,160
0,12,71,160
160,4,68,160
0,3,80,160
0,9,95,160
0,-21,51,160
0,-7,51,160
0,12,72,160
160,4,72,160
0,3,85,160
0,9,101,160
0,-28,53,160
0,7,53,160
0,5,75,160
160,2,68,160
0,12,95,160
160,-2,95,160
0,-12,68,160
160,-31,68,160
0,12,96,160
160,23,68,160
0,5,80,160
0,7,95,160
0,-28,50,160
0,5,50,160
0,7,71,160
160,4,68,160
0,5,80,160
0,7,95,160
0,-23,51,160
0,-5,51,160
0,12,72,160
160,4,72,160
0,5,85,160
0,7,101,160
0,-28,53,160
0,5,53,160
0,7,75,160
160,2,68,160
0,12,95,160
160,-2,95,160
0,-12,68,160
160,-29,68,160
0,12,96,160
160,21,68,160
0,3,80,160
0,9,95,160
0,-21,50,160
0,5,71,160
0,-12,50,160
160,16,68,160
0,3,80,160
0,9,95,160
0,-16,72,160
0,-12,51,160
0,7,51,160
160,9,72,160
0,3,85,160
0,9,101,160
0,-16,75,160
0,-5,53,160
0,-7,53,160
160,14,68,160
0,12,95,160
160,-2,95,160
0,-12,68,160
160,-27,68,160
0,12,96,160
160,19,68,160
0,2,80,160
0,10,95,160
0,-19,50,160
0,-7,50,160
0,10,71,160
160,4,68,160
0,2,80,160
0,10,95,160
0,-16,72,160
0,-10,51,160
0,7,51,160
160,7,72,160
0,2,85,160
0,10,101,160
0,-16,75,160
0,-3,53,160
0,-7,53,160
160,12,68,160
0,12,95,160
160,-2,95,160
0,-12,68,160
160,-10,84,1920
0,4,84,1920
0,8,101,1920
0,-2,95,1920
0,-34,59,1920
0,12,70,1920
1920,15,80,1920
0,11,95,1860
0,-5,80,1920
0,-28,56,1920
0,12,66,1920
1860,22,86,60
60,-12,79,960
0,7,79,960
0,5,93,960
0,-21,66,120
0,-12,56,120
120,9,60,120
0,-12,50,120
240,2,56,120
0,12,66,120
120,-11,52,120
0,12,62,120
120,-15,52,120
0,12,62,120
360,-9,37,120
0,12,44,120
120,-15,33,120
0,12,39,120
240,-10,37,120
0,12,44,120
120,-11,33,120
0,12,39,120
120,-15,33,120
0,12,39,120
360,-9,37,120
0,12,44,120
120,-15,34,120
0,12,39,120
240,-10,37,120
0,12,44,120
120,-11,34,120
0,12,39,120
120,-3,34,120
0,12,39,120
360,6,31,960
0,2,32,1320
0,7,47,480
0,-15,41,480
480,16,44,480
0,-32,34,480
480,21,39,960
0,12,47,360
0,-28,30,960
0,7,30,960
0,5,37,960
360,7,40,120
120,0,44,480
480,-24,33,360
0,12,39,360
360,-19,29,120
0,12,35,120
120,-12,30,480
0,12,37,480
480,-5,39,120
120,-7,36,120
240,2,39,120
120,2,36,120
120,-4,36,120
360,19,41,120
0,-12,35,120
120,5,39,120
0,-12,31,120
240,14,42,120
0,-12,36,120
120,14,39,120
0,-12,33,120
120,8,39,120
0,-12,33,120
360,19,46,120
0,-12,38,120
120,6,42,120
0,-12,36,120
240,13,47,120
0,-12,40,120
120,14,42,120
0,-12,36,120
120,9,45,120
0,-12,37,120
360,18,58,120
0,-12,48,120
120,6,53,120
0,-12,45,120
240,13,60,120
0,-12,49,120
120,14,53,120
0,-12,46,120
120,9,56,120
0,-12,47,120
360,18,63,120
0,-12,52,120
120,9,58,120
0,-12,49,120
240,14,67,120
0,-12,57,120
120,13,60,120
0,-12,51,120
120,21,62,120
0,-12,52,120
360,15,41,960
0,2,41,969
0,7,49,480
0,-15,40,480
480,16,47,480
0,-32,36,480
480,21,41,1920
0,12,49,360
0,-28,33,960
0,7,33,480
0,5,39,960
360,8,44,120
120,0,47,1440
0,-12,33,1440
480,-20,33,120
0,12,39,120
120,-16,29,120
0,12,36,120
240,-10,33,120
0,12,39,120
120,-10,29,120
0,12,35,120
120,-16,29,120
0,12,35,120
360,24,40,360
0,-4,39,960
0,12,56,360
0,-28,31,960
0,8,38,480
360,13,55,120
120,0,58,480
0,-12,39,480
480,12,51,360
0,-4,51,960
0,12,61,360
0,-27,35,960
0,7,41,480
360,13,57,120
120,0,60,480
0,-12,42,480
480,10,58,960
0,2,58,960
0,8,75,730
0,-40,35,120
0,12,41,120
120,-16,31,120
0,12,38,120
240,-10,38,120
0,12,46,120
120,-10,35,120
0,12,41,120
120,-16,36,120
0,12,42,120
120,31,68,240
240,-11,54,480
0,4,58,480
0,7,73,370
0,-38,35,120
0,12,41,120
120,-17,31,120
0,12,38,120
240,29,51,480
0,-36,38,120
0,12,46,120
120,17,44,480
0,-27,35,120
0,12,41,120
120,-19,36,120
0,12,42,120
240,27,61,120
120,-10,50,960
0,3,58,960
0,7,68,370
0,-31,29,120
0,12,35,120
120,-20,26,120
0,12,31,120
240,25,55,120
0,-30,29,120
0,12,35,120
120,18,61,170
0,-29,26,120
0,12,30,120
120,-7,26,120
0,12,30,120
40,16,62,170
160,-2,61,170
160,-11,49,960
0,9,64,490
0,-27,29,120
0,12,35,120
120,-15,26,120
0,12,31,120
240,-11,29,120
0,12,35,120
120,16,58,240
0,-26,26,120
0,12,30,120
120,-3,26,120
0,12,30,120
120,5,67,240
0,12,70,240
240,-21,55,120
0,12,64,120
0,-30,42,160
120,21,49,120
0,8,58,120
40,-24,39,320
160,10,39,160
40,2,51,120
0,10,61,120
120,-5,56,120
0,4,67,120
0,-12,44,160
120,3,51,120
0,12,61,120
40,-24,40,160
160,-7,40,160
40,22,52,120
0,12,63,120
120,-12,57,120
0,12,68,120
0,-31,44,160
120,22,52,120
0,8,63,120
40,-24,38,320
160,10,39,160
40,2,52,120
0,10,62,120
120,-5,57,120
0,4,68,120
0,-12,44,160
120,3,52,120
0,12,62,120
40,-24,39,160
160,-7,39,160
40,22,53,120
0,12,64,120
120,-12,59,120
0,12,70,120
0,-31,46,160
120,22,55,120
0,8,64,120
40,-24,40,160
160,10,40,160
40,2,52,120
0,10,62,120
120,-5,55,160
0,4,64,160
0,-28,49,160
160,19,58,160
0,12,68,160
0,-24,42,160
160,21,61,160
0,3,72,160
0,-15,42,160
160,6,62,8
0,12,75,160
0,-33,53,160
160,30,66,160
0,3,78,160
0,-24,58,160
160,18,67,160
0,12,81,160
0,-21,60,160
160,19,72,160
0,5,86,160
0,-41,66,160
160,32,75,160
0,12,84,160
0,-36,69,160
160,36,77,160
0,12,86,160
0,-39,74,160
160,-1,61,960
0,4,69,11
0,8,82,730
0,-40,49,120
0,12,59,120
120,-16,44,120
0,12,53,120
240,-10,51,120
0,12,62,120
120,-10,46,120
0,12,56,120
120,-16,47,120
0,12,57,120
120,18,52,240
0,12,72,240
240,-12,64,480
0,2,53,960
0,5,56,960
0,5,77,480
0,-38,49,120
0,12,59,120
120,-15,44,120
0,12,53,120
240,-10,51,120
0,12,62,120
120,13,55,360
0,12,73,360
0,-36,46,120
0,12,56,120
120,-15,47,120
0,12,57,120
240,15,49,120
0,12,67,120
120,-7,58,480
0,-5,52,360
0,8,61,800
0,4,70,360
0,-34,38,120
0,12,46,120
120,-15,35,120
0,12,42,120
240,12,58,120
0,12,60,120
0,-35,41,120
0,12,51,120
120,11,58,117
0,12,68,170
0,-33,39,120
0,12,46,120
120,-3,40,120
0,12,47,120
40,-2,44,160
0,12,63,170
160,-13,30,160
0,12,60,160
160,-9,45,480
0,8,58,960
0,4,71,490
0,-31,36,120
0,12,44,120
120,-15,31,120
0,12,39,120
240,-11,36,120
0,12,44,120
120,8,42,240
0,12,62,240
0,-30,31,120
0,12,38,120
120,0,31,120
0,12,38,120
120,9,59,240
0,12,68,240
240,-21,60,120
0,12,70,120
0,-33,55,160
120,27,53,120
0,5,63,120
40,-24,42,320
160,10,42,160
40,2,56,120
0,10,67,120
120,-5,61,120
0,4,73,120
0,-12,48,160
120,3,56,120
0,12,67,120
40,-24,44,160
160,-7,44,160
40,22,57,120
0,12,69,120
120,-12,62,120
0,12,74,120
0,-33,48,160
120,27,57,120
0,5,69,120
40,-24,41,320
160,10,42,160
40,2,57,120
0,10,68,120
120,-5,62,120
0,4,74,120
0,-12,48,160
120,3,57,120
0,12,68,120
40,-24,42,160
160,-7,42,160
40,22,58,120
0,12,70,120
120,-12,64,120
0,12,77,120
0,-33,50,160
120,27,60,120
0,5,70,120
40,-24,44,320
160,10,44,160
40,2,57,120
0,10,68,120
120,-5,60,160
0,4,70,160
0,-28,53,160
160,19,63,160
0,12,74,160
0,-24,46,160
160,21,67,160
0,3,79,160
0,-15,46,160
160,6,68,160
0,12,82,160
0,-33,58,160
160,30,71,160
0,3,85,160
0,-24,63,160
160,15,73,160
0,12,89,160
0,-18,66,160
160,15,80,160
0,3,94,160
0,-33,71,160
160,26,82,160
0,12,97,160
0,-32,74,160
160,24,85,160
0,12,104,160
0,-28,81,160
160,24,88,120
0,5,104,120
0,-57,73,160
0,12,86,160
120,33,79,120
0,3,93,120
40,-32,61,160
0,8,72,160
160,-3,68,160
0,7,80,160
40,22,94,120
0,-3,80,120
120,1,84,120
0,4,100,120
0,-28,68,160
0,9,80,160
120,7,80,120
0,5,94,120
40,-24,63,160
0,7,75,160
240,-36,56,80
0,12,66,80
80,44,88,120
0,4,104,120
0,-60,73,160
0,12,86,160
120,36,79,120
0,5,93,120
40,-29,61,160
0,8,72,160
160,-3,63,160
0,7,75,160
40,19,89,120
0,-3,75,120
120,1,80,120
0,3,94,120
0,-24,63,160
0,9,75,160
120,19,75,120
0,5,89,120
40,-36,60,160
0,7,71,160
160,-12,52,160
0,8,62,160
160,27,84,120
0,4,101,120
0,-43,70,160
0,12,82,160
120,19,75,120
0,5,90,120
40,-29,59,160
0,8,70,160
160,-3,66,160
0,7,77,160
40,19,91,120
0,-3,77,120
120,1,81,120
0,3,96,120
0,-24,66,160
0,9,77,160
120,3,77,120
0,4,91,120
40,-19,61,160
0,7,72,160
240,-28,53,80
0,12,63,80
80,36,82,120
0,4,99,120
0,-52,70,160
0,12,82,160
120,28,75,120
0,5,90,120
40,-29,59,160
0,8,70,160
160,-3,61,160
0,7,72,160
40,19,85,120
0,-3,72,120
120,1,77,120
0,3,91,120
0,-24,61,160
0,9,72,160
120,19,72,120
0,5,85,120
40,-36,58,160
0,7,69,160
160,-12,50,160
0,8,60,160
160,23,88,120
0,5,104,120
0,-57,73,160
0,12,86,160
120,33,79,120
0,3,93,120
40,-27,61,160
0,7,72,160
160,-4,68,160
0,9,80,160
40,17,91,120
0,-3,77,120
120,1,77,120
0,4,96,120
0,-24,68,160
0,8,80,160
120,4,77,120
0,5,91,120
40,-21,63,160
0,9,75,160
260,-29,66,80
0,-12,56,80
60,56,88,120
0,4,104,120
0,-60,73,20
0,12,86,20
120,36,79,120
0,5,93,120
40,-24,61,160
0,7,72,160
160,-4,63,160
0,9,75,160
40,14,89,120
0,-3,75,120
120,1,80,120
0,3,94,120
0,-20,63,160
0,8,75,160
120,16,75,120
0,5,89,120
40,-33,60,160
0,9,71,160
160,-12,52,160
0,7,62,160
160,24,90,120
0,4,107,120
0,-44,73,160
0,12,86,160
120,20,79,120
0,4,93,120
40,-28,61,160
0,8,72,160
160,-4,68,160
0,8,80,160
40,18,91,120
0,-3,77,120
120,1,78,120
0,4,94,120
0,-24,68,160
0,8,80,160
120,4,77,120
0,4,91,120
40,-20,63,160
0,8,75,160
260,-16,66,80
0,-12,56,80
60,44,88,120
0,4,104,120
0,-48,73,20
0,12,86,20
120,24,79,120
0,4,93,120
40,-24,61,160
0,8,72,160
160,-4,63,160
0,8,75,160
40,15,89,120
0,-3,75,120
120,0,80,120
0,4,94,120
0,-20,63,160
0,8,75,160
120,16,75,120
0,4,89,120
40,-32,60,160
0,8,71,160
160,-12,52,160
0,8,62,160
160,23,88,120
0,5,104,120
0,-45,73,160
0,12,86,160
120,21,79,120
0,3,93,120
40,-24,61,160
0,9,72,160
160,-5,68,160
0,8,80,160
40,14,91,120
0,-3,77,120
120,1,81,120
0,4,96,120
0,-19,68,20
0,7,80,160
120,0,77,120
0,5,91,120
40,-17,63,160
0,8,75,160
260,-20,66,80
0,-12,56,80
60,44,88,120
0,4,104,120
0,-48,73,20
0,12,86,20
120,24,79,120
0,5,93,120
40,-21,61,160
0,9,72,160
160,-5,63,160
0,8,75,160
40,11,89,120
0,-3,75,120
120,1,80,120
0,3,94,120
0,-15,63,19
0,7,75,160
120,12,75,120
0,5,89,120
40,-29,60,160
0,8,71,160
160,-12,52,160
0,9,62,160
160,19,88,120
0,3,104,120
0,-43,73,160
0,12,86,160
120,19,79,120
0,5,93,120
40,-29,61,160
0,9,72,160
160,-4,68,160
0,7,80,160
40,19,91,120
0,-3,77,120
120,1,81,120
0,4,96,120
0,-24,68,160
0,8,80,160
120,4,77,120
0,3,91,120
40,-19,63,160
0,7,75,160
260,-19,66,80
0,-12,56,80
60,52,88,120
0,3,104,120
0,-55,73,20
0,12,86,20
120,31,79,120
0,5,93,120
40,-29,61,160
0,9,72,160
160,-4,63,160
0,7,75,160
40,19,89,120
0,-3,75,120
120,1,80,120
0,4,94,120
0,-24,63,160
0,8,75,160
120,19,75,120
0,5,89,120
40,-36,60,160
0,7,71,160
160,-12,52,160
0,9,62,160
160,22,88,120
0,5,104,120
0,-44,73,160
0,12,86,160
120,20,79,120
0,4,93,120
40,-28,61,160
0,7,72,160
160,-3,68,160
0,8,80,160
40,17,91,120
0,-3,77,120
120,2,81,120
0,3,96,120
0,-24,68,160
0,9,80,160
120,3,77,120
0,5,91,120
40,-20,63,160
0,8,75,160
160,-12,56,160
0,7,66,160
160,20,88,120
0,4,104,120
0,-40,73,160
0,12,86,160
120,16,79,120
0,5,93,120
40,-24,61,160
0,7,72,160
160,-4,63,160
0,9,75,160
40,14,89,120
0,-3,75,120
120,1,80,120
0,3,94,120
0,-20,63,160
0,8,75,160
120,16,75,120
0,5,89,120
40,-33,60,160
0,9,71,160
160,-12,52,160
0,7,62,160
160,24,78,160
0,3,78,160
0,5,92,160
0,-48,64,160
0,12,77,160
160,25,86,160
0,-30,55,160
0,9,64,160
160,24,75,160
0,3,90,160
0,-7,75,160
0,-24,60,160
0,7,71,160
160,17,83,160
0,-5,77,160
0,-15,60,160
0,8,71,160
160,7,77,160
0,5,77,160
0,4,91,160
0,-28,57,160
0,7,68,160
160,9,82,160
80,-40,49,80
0,12,59,80
80,28,78,160
0,3,78,160
0,5,92,160
0,-48,64,160
0,12,77,160
160,25,86,160
0,-18,55,160
0,9,64,160
160,12,71,160
0,3,85,160
0,-7,71,160
0,-12,57,160
0,7,67,160
160,0,78,160
0,-3,57,157
160,0,69,160
0,3,69,160
0,5,81,160
0,-24,51,160
160,24,73,160
0,-12,73,160
0,-24,53,160
160,25,73,120
0,12,86,120
0,-39,57,240
0,12,57,240
120,24,69,120
120,-2,68,120
120,-2,59,120
120,7,57,120
0,5,68,120
0,-32,46,120
120,20,52,120
0,4,62,120
0,-21,39,120
120,12,39,120
120,7,55,120
0,3,66,120
0,-17,39,120
120,19,69,120
0,-3,58,120
0,-21,47,120
120,33,67,120
0,-4,56,120
0,-24,42,120
120,12,42,120
120,-8,44,120
120,24,60,120
0,3,72,120
0,-31,49,120
120,19,55,120
0,5,66,120
0,-20,42,120
120,12,44,120
120,7,59,120
0,3,70,120
0,-19,44,120
120,17,62,120
0,4,74,120
0,-24,50,120
120,32,70,120
0,-5,58,120
0,-24,42,120
120,12,44,120
120,-7,44,120
120,24,66,120
0,4,79,120
0,-33,56,120
120,21,62,120
0,3,74,120
0,-19,48,120
120,12,48,120
120,5,64,120
0,6,75,120
0,-19,48,120
120,15,68,120
0,5,80,120
0,-24,56,120
120,31,75,120
0,-3,63,120
0,-24,51,120
120,12,51,120
120,-9,52,120
120,13,74,160
0,3,89,160
0,-30,62,120
120,6,56,120
40,21,67,160
0,6,67,160
0,6,79,160
80,-24,56,120
80,12,67,160
0,6,67,160
0,6,79,160
40,-30,56,120
120,18,72,120
0,4,72,120
0,8,85,120
0,-40,62,120
120,27,67,120
0,12,79,120
0,-36,53,120
120,12,53,120
120,-7,53,120
120,7,57,120
0,5,68,120
0,-32,46,120
120,20,52,120
0,4,62,120
0,-21,39,120
120,12,39,120
120,7,55,120
0,3,66,120
0,-17,39,120
120,19,69,120
0,-3,58,120
0,-21,47,120
120,33,67,120
0,-4,56,120
0,-24,42,120
120,12,42,120
120,-8,44,120
120,24,60,120
0,3,72,120
0,-31,49,120
120,19,55,120
0,5,66,120
0,-20,42,120
120,12,44,120
120,7,59,120
0,3,70,120
0,-19,44,120
120,17,62,120
0,4,74,120
0,-24,50,120
120,32,70,120
0,-5,58,120
0,-24,42,120
120,12,44,120
120,-7,44,120
120,24,66,120
0,4,79,120
0,-33,56,120
120,21,62,120
0,3,74,120
0,-19,48,120
120,12,48,120
120,5,64,120
0,6,75,120
0,-19,48,120
120,15,68,120
0,5,80,120
0,-24,56,120
120,31,75,120
0,-3,63,120
0,-24,51,120
120,12,51,120
120,-9,52,120
120,13,74,160
0,3,89,160
0,-30,62,120
120,6,56,120
40,21,67,160
0,6,67,160
0,6,79,160
80,-24,56,120
80,12,67,160
0,6,67,160
0,6,79,160
40,-30,56,120
120,19,85,160
0,4,85,160
0,8,85,160
0,-51,62,160
160,40,80,160
0,6,80,160
0,6,80,160
0,-45,52,160
160,10,56,160
0,12,66,160
0,-21,41,160
0,5,34,320
160,3,49,160
0,12,58,160
0,-21,38,160
160,15,52,160
0,3,61,160
0,-25,39,160
160,20,58,160
0,12,70,160
0,-22,36,320
0,7,42,160
160,2,53,160
0,12,63,160
0,-15,39,160
160,6,53,160
0,3,63,160
0,-25,41,160
160,17,60,160
0,12,72,160
0,-21,46,160
0,5,39,320
160,3,55,160
0,12,64,160
0,-21,44,160
160,15,57,160
0,3,68,160
0,-25,44,160
160,20,62,160
0,12,74,160
0,-22,41,320
0,7,48,160
160,2,57,160
0,12,68,160
0,-15,46,160
160,6,60,160
0,3,71,160
0,-25,46,160
160,25,66,160
0,12,79,160
0,-20,51,160
0,5,42,320
160,2,58,160
0,12,70,160
0,-20,47,160
160,15,61,160
0,3,72,160
0,-22,47,160
160,17,67,160
0,12,80,160
0,-16,46,320
0,-5,53,160
160,8,61,160
0,12,73,160
0,-21,49,160
160,15,63,160
0,3,75,160
0,-25,50,160
160,20,72,160
0,12,85,160
0,-22,48,320
0,7,56,160
160,14,75,160
0,-12,63,160
0,-3,50,160
160,9,81,160
0,-3,68,160
0,-22,51,160
160,37,89,320
0,-12,74,320
0,-8,49,160
0,5,59,320
160,-6,58,160
160,15,63,160
0,5,75,160
160,-11,62,160
0,10,74,160
160,-4,64,160
0,3,77,160
160,-9,62,160
0,8,73,160
160,-5,58,160
0,4,70,160
160,-10,62,160
0,9,73,160
0,-19,56,480
160,13,58,160
0,5,68,160
160,-8,55,160
0,7,66,160
160,-4,58,160
0,3,69,160
0,-16,55,480
160,7,53,160
0,8,63,160
160,-1,63,160
0,-4,53,160
160,-6,52,160
0,9,62,160
0,-13,49,960
160,7,49,160
0,5,59,160
160,-8,49,160
0,7,59,160
160,-4,49,160
0,3,59,160
160,-12,45,160
0,11,53,160
160,-5,46,160
0,4,53,160
160,-10,53,160
0,9,53,160
0,-19,40,480
160,16,49,160
0,2,49,160
160,-8,49,160
0,11,49,160
160,-5,52,160
0,3,52,160
0,-19,34,420
160,16,53,160
0,10,53,160
160,-4,49,100
0,2,49,100
100,-15,39,60
0,-28,39,60
60,28,41,960
0,8,41,960
0,7,49,960
0,-31,31,1440
0,7,37,960
960,12,41,480
0,5,41,480
0,4,49,480
0,-16,37,960
480,9,37,480
0,5,37,480
0,3,44,480
0,-24,39,480
420,-10,29,1980
60,22,39,1920
0,11,47,960
0,-21,39,1200
960,19,41,960
240,-18,33,240
240,1,35,240
240,-2,33,240
240,9,41,480
0,8,41,480
0,7,49,480
0,-31,33,960
480,24,41,480
0,-5,41,480
0,9,49,480
480,-7,41,240
0,3,41,480
0,5,49,240
0,-17,39,480
240,7,39,240
0,9,47,240
240,-3,37,240
0,-3,37,240
0,9,44,240
0,-26,39,480
240,21,35,240
0,-5,35,240
0,8,41,240
240,-12,31,1920
0,6,36,1920
0,5,45,960
0,-21,29,240
240,1,37,240
240,3,35,160
160,-2,34,160
160,-2,34,160
160,19,41,960
0,-31,29,240
240,1,37,240
240,3,35,160
160,-2,34,160
160,-2,34,160
160,29,40,480
0,-8,42,480
0,15,53,480
0,-43,39,240
480,33,37,480
0,3,40,480
0,9,51,480
0,-18,36,480
0,3,44,10
480,5,44,480
0,6,44,960
0,6,52,480
0,-21,37,960
0,-7,37,960
0,10,44,480
480,7,51,360
0,12,58,360
0,-15,44,360
360,5,53,120
0,9,53,120
0,3,60,120
0,-19,40,60
60,-19,39,540
30,7,39,30
30,21,48,480
0,8,51,480
0,4,61,480
0,-21,46,480
480,2,44,480
0,3,44,480
0,3,44,480
0,6,51,480
0,-15,44,11
480,5,44,420
0,3,44,480
0,9,52,420
0,-18,37,480
0,-3,37,480
0,-7,37,480
0,12,44,480
420,2,56,540
30,5,56,30
30,10,58,360
0,-31,37,480
0,4,37,480
0,5,37,480
0,3,37,480
360,21,60,120
120,-10,53,480
0,7,53,480
0,5,63,480
0,-26,41,480
0,-3,41,480
0,-7,41,480
0,16,49,480
480,6,50,480
0,9,53,480
0,-7,53,480
0,10,60,480
0,-54,36,480
0,12,42,480
480,32,53,480
0,-4,53,480
0,9,63,480
0,3,63,480
0,-51,41,480
0,12,49,480
480,30,53,360
0,4,53,360
0,4,63,360
0,-48,41,360
0,12,49,360
360,22,54,120
0,7,57,120
0,5,57,120
0,-45,37,120
0,12,45,120
120,19,51,480
0,2,51,480
0,7,56,480
0,3,61,480
0,-42,41,480
0,12,49,480
480,16,49,360
0,4,49,360
0,5,59,360
0,3,59,360
0,-39,41,360
0,12,49,360
360,18,47,120
0,4,56,120
0,4,56,120
0,-36,37,120
0,12,45,120
120,10,52,960
0,12,59,960
0,-5,49,480
0,3,59,480
0,-31,41,480
0,12,49,480
480,14,45,240
0,4,49,240
0,-28,41,480
0,12,46,480
240,10,43,240
0,4,50,240
240,-5,45,960
0,8,49,960
0,7,64,960
0,-43,39,160
160,18,33,160
160,1,31,160
160,2,37,160
160,-2,31,160
160,-12,31,160
160,24,49,480
0,5,49,480
0,4,60,480
0,-28,39,160
160,6,35,160
160,1,35,160
160,9,34,240
0,3,39,240
0,-10,37,160
160,-2,33,160
80,14,41,240
0,5,41,240
0,3,55,240
80,-34,33,160
160,33,68,720
0,-11,35,960
0,6,42,960
0,-21,39,160
160,4,35,160
160,1,35,160
160,2,37,160
160,-2,33,160
80,19,55,240
80,-31,33,160
160,26,58,240
0,-16,39,160
160,1,35,160
80,13,52,240
80,-12,35,160
160,5,61,240
0,-3,37,160
160,-2,33,160
80,7,55,240
80,-19,33,160
160,21,55,480
0,8,54,960
0,7,68,480
0,-43,39,240
240,18,34,120
120,1,33,120
120,12,49,480
0,9,62,480
0,-19,37,120
120,-2,31,108
120,0,37,120
120,-12,37,120
120,29,57,960
0,-3,55,240
0,8,66,240
0,-29,39,240
240,19,46,240
0,9,55,240
0,-22,35,120
120,1,35,120
120,12,48,160
0,9,57,160
0,-19,37,120
120,-2,33,108
40,16,46,160
0,8,55,160
80,-24,37,120
80,14,46,160
0,8,55,160
40,-34,31,120
120,33,64,720
0,-11,42,960
0,6,41,960
0,-40,39,240
240,23,35,120
120,1,35,120
120,2,37,120
120,-2,33,108
120,19,58,240
0,-19,37,120
120,-12,33,120
120,26,60,160
0,-16,39,240
160,14,51,160
80,-13,35,120
80,15,51,160
40,-14,35,120
120,12,58,160
0,-10,39,120
120,-2,35,108
40,5,53,160
80,-5,39,120
80,7,53,100
40,-19,35,120
60,21,51,540
30,8,61,990
30,7,73,480
0,-31,44,120
120,7,39,120
120,2,39,120
120,-2,39,120
120,14,57,480
0,12,68,480
0,-17,44,120
120,-9,40,120
120,2,40,120
120,-2,41,120
120,24,61,960
0,0,56,960
0,-2,56,960
0,-6,57,480
0,12,73,480
0,-40,45,120
120,12,40,120
120,2,41,120
120,-2,41,120
120,17,72,360
0,12,75,360
0,-19,47,120
120,-10,44,120
120,2,44,120
120,17,70,120
0,12,73,120
0,-31,44,120
120,24,68,480
0,-3,66,960
0,12,80,480
0,-40,48,120
120,7,42,120
120,2,42,120
120,-2,42,120
120,26,73,480
0,-12,61,480
0,-5,49,120
120,-9,46,120
120,2,46,120
120,-2,46,120
120,16,66,480
0,12,78,480
0,-4,66,960
0,-2,66,960
0,-34,50,120
120,12,46,120
120,2,46,120
120,-2,46,120
120,29,81,360
0,-12,68,360
0,-7,52,120
120,-10,49,120
120,2,49,120
120,17,64,120
0,12,77,120
0,-31,49,120
120,28,66,960
0,3,74,960
0,-10,73,480
0,12,88,480
0,-44,57,120
120,7,51,120
120,1,51,120
120,7,51,120
120,18,78,720
0,12,91,720
0,-33,58,120
120,7,53,120
120,1,53,120
120,7,53,120
120,10,74,960
0,3,74,960
0,-39,59,120
120,6,52,120
120,25,67,240
0,12,80,240
0,-36,52,120
120,8,53,120
120,15,66,240
0,12,79,240
0,-30,60,120
120,6,55,120
120,13,66,240
0,12,79,240
0,-24,55,120
120,8,56,120
120,11,57,960
0,3,57,960
0,3,71,960
0,2,90,480
0,-12,72,480
0,-32,61,120
120,7,55,120
120,1,55,120
120,7,55,120
120,19,70,720
0,12,84,720
0,-34,62,120
120,7,57,120
120,1,57,120
120,7,57,120
120,14,85,480
0,-39,62,120
120,7,56,120
120,23,64,240
0,12,77,240
0,-34,57,120
120,7,57,120
120,13,70,360
0,12,84,360
0,-8,62,480
0,-20,63,120
120,7,58,120
120,1,59,120
120,19,78,120
0,-12,66,120
120,5,67,480
0,-2,74,240
0,12,88,240
0,-53,59,120
120,7,52,120
120,32,62,240
0,12,76,240
0,-39,52,120
120,7,52,120
120,24,59,480
0,-5,61,240
0,12,73,240
0,-48,59,120
120,5,52,120
120,28,55,240
0,12,68,240
0,-33,52,120
120,5,52,120
120,24,59,480
0,7,79,240
0,-12,67,240
0,-35,62,120
120,4,52,120
120,41,69,240
0,-12,58,240
0,-24,52,120
120,7,52,120
120,18,57,480
0,6,72,240
0,-12,61,240
0,-27,61,120
120,6,52,120
120,36,67,480
0,-12,56,480
0,-21,52,120
120,6,52,120
120,17,64,480
0,3,64,480
0,-34,59,120
120,7,52,120
120,33,71,480
0,-12,57,480
0,-18,52,120
120,6,52,120
120,18,73,480
0,-5,61,480
0,-27,58,120
120,3,52,120
120,21,57,480
0,12,72,480
0,-28,52,120
120,7,52,120
120,14,67,480
0,3,80,480
0,-30,52,120
120,3,47,120
120,18,57,480
0,12,71,480
0,-27,47,120
120,9,47,120
120,15,73,480
0,-6,59,480
0,-21,55,120
120,3,47,120
120,14,60,480
0,12,70,480
0,-20,47,120
120,6,47,120
120,7,53,240
0,-20,46,240
0,12,55,240
0,-4,46,240
240,12,56,240
0,-4,56,240
0,12,72,240
0,-16,46,240
0,-4,38,240
0,-8,38,240
240,20,53,240
0,-3,64,240
0,12,77,240
0,-28,42,240
0,7,42,240
0,5,51,240
240,2,56,240
0,5,56,240
0,7,72,240
0,-24,38,240
0,5,38,240
0,4,46,240
240,7,60,240
0,3,69,240
0,-9,50,240
0,-9,42,240
240,11,52,240
0,3,55,240
0,6,68,240
0,-27,39,240
0,12,47,240
240,4,59,240
0,4,62,240
0,8,70,240
0,-27,44,240
0,12,52,240
240,6,57,240
0,3,68,240
0,-18,40,240
0,12,47,240
240,2,60,240
0,5,69,240
0,-20,36,240
0,3,39,240
0,9,50,240
0,-4,38,240
240,5,56,240
0,3,56,240
0,6,67,240
0,-27,36,240
0,12,42,240
240,5,54,240
0,3,58,240
0,9,70,240
0,-28,49,240
0,12,49,240
240,0,58,180
0,3,58,180
0,6,69,180
0,-27,37,180
0,12,45,180
180,6,50,60
60,2,58,960
0,-2,58,480
0,5,58,960
0,7,69,480
0,-42,44,240
0,12,52,240
240,1,48,720
0,-12,40,480
240,28,51,480
0,12,61,480
0,-14,55,240
240,-2,51,400
240,9,65,160
0,8,77,160
0,-24,53,160
6,12,65,160
154,3,62,80
0,5,73,80
0,-14,42,80
0,6,51,6
160,3,62,80
0,5,73,80
0,-14,42,80
0,6,51,80
160,3,62,160
0,5,75,160
0,-14,46,160
0,6,56,160
160,2,61,80
0,5,66,80
0,-12,38,80
0,4,45,80
160,12,62,80
0,6,74,80
0,-22,42,80
0,12,51,80
0,-5,42,80
160,9,62,160
0,6,75,160
0,-22,46,160
0,7,46,160
0,5,56,160
160,5,62,80
0,4,74,80
0,-16,42,80
0,7,51,80
160,8,62,80
0,5,74,80
0,-14,51,80
0,6,51,80
160,3,62,160
0,5,75,160
0,-14,56,160
0,6,56,160
160,2,63,80
0,5,69,80
0,-12,40,80
0,4,48,80
160,12,62,80
0,6,73,80
0,-22,42,80
0,7,42,80
0,5,51,80
160,4,64,160
0,6,78,160
0,-22,46,160
0,7,46,160
0,5,56,160
160,5,62,80
0,4,73,80
0,-16,42,80
0,7,51,80
160,1,73,80
0,-5,62,80
0,-3,52,80
0,-6,44,80
160,9,64,160
0,5,78,160
0,-14,46,160
0,6,56,160
160,2,62,80
0,5,70,80
0,-12,41,80
0,4,49,80
160,0,62,80
0,6,74,80
0,-22,44,80
0,7,44,80
0,5,52,80
160,4,64,160
0,6,78,160
0,-22,46,160
0,7,46,160
0,5,56,160
160,5,59,80
0,4,69,80
0,-16,41,80
0,7,49,80
160,1,74,80
0,-5,62,80
0,-9,44,80
0,6,52,80
160,3,62,160
0,5,75,160
0,-14,46,160
0,6,56,160
160,2,59,80
0,5,66,80
0,-12,39,80
0,4,46,80
160,0,62,80
0,6,74,80
0,-15,44,80
0,-7,44,80
0,12,52,80
160,4,62,160
0,6,75,160
0,-22,46,160
0,12,56,160
0,-5,46,160
160,10,53,80
0,4,63,80
0,-9,46,80
0,-7,39,80
160,14,49,80
0,7,59,80
0,-19,36,80
0,4,36,80
0,6,41,80
160,2,51,160
0,7,62,160
0,-19,37,160
0,4,37,160
0,6,44,160
160,7,58,80
0,-12,34,80
0,4,41,80
160,12,44,80
0,6,52,80
0,-22,29,80
0,12,36,80
0,-5,29,80
160,9,46,160
0,6,55,160
0,-22,33,160
0,7,33,160
0,5,39,160
160,5,44,80
0,4,52,80
0,-16,29,80
0,7,36,80
160,7,44,80
0,7,52,80
0,-19,36,80
0,4,36,80
0,6,36,80
160,2,46,160
0,7,55,160
0,-19,39,160
0,4,39,160
0,6,39,160
160,7,51,80
0,-12,29,80
0,4,36,80
160,12,39,80
0,6,46,80
0,-22,26,80
0,7,26,80
0,5,31,80
160,4,40,160
0,6,49,160
0,-22,29,160
0,7,29,160
0,5,35,160
160,5,39,80
0,4,46,80
0,-16,26,80
0,7,31,80
160,2,55,80
0,-7,47,80
0,-12,33,80
0,10,39,80
0,-6,33,80
160,8,49,160
0,7,59,160
0,-19,35,160
0,4,35,160
0,6,41,160
160,7,56,80
0,-12,33,80
0,4,39,80
160,0,47,80
0,6,56,80
0,-22,33,80
0,7,33,80
0,5,39,80
160,4,49,160
0,6,59,160
0,-22,35,160
0,7,35,160
0,5,41,160
160,5,47,80
0,4,55,80
0,-16,33,80
0,7,39,80
160,2,56,80
0,-7,47,80
0,-12,33,80
0,4,33,80
0,6,39,80
160,2,49,160
0,7,59,160
0,-19,35,160
0,4,35,160
0,6,41,160
160,7,56,80
0,-12,33,80
0,4,39,80
160,3,52,80
0,-3,52,80
0,6,62,80
0,-22,41,80
0,12,49,80
160,7,49,160
0,-3,49,160
0,6,59,160
0,-22,39,160
0,12,47,160
160,8,46,80
0,-4,44,80
0,7,52,80
0,-24,35,80
0,12,41,80
160,5,49,80
0,2,49,80
0,4,47,80
0,6,56,80
0,-17,38,80
0,2,45,80
160,3,49,160
0,2,49,160
0,4,49,160
0,6,59,160
0,-17,39,160
0,2,47,160
160,2,46,80
0,8,44,80
0,4,51,80
0,-16,34,80
0,7,41,80
160,3,47,80
0,2,47,80
0,4,47,80
0,6,56,80
0,-22,36,80
0,7,44,80
160,3,49,160
0,2,49,160
0,4,49,160
0,6,59,160
0,-22,39,160
0,7,47,160
160,2,46,80
0,8,44,80
0,4,52,80
0,-16,34,80
0,-5,34,80
0,12,41,80
160,5,49,80
0,2,49,80
0,4,47,80
0,6,56,80
0,-29,44,80
0,7,44,80
0,7,44,80
160,3,49,160
0,2,49,160
0,4,49,160
0,6,59,160
0,-29,47,160
0,7,47,160
0,7,47,160
160,2,46,80
0,8,41,80
0,4,51,80
0,-28,44,80
0,7,34,80
0,5,41,80
160,10,49,80
0,2,49,80
0,4,47,80
0,6,55,80
0,-24,36,80
0,-10,47,80
0,12,44,80
0,-5,36,80
160,15,49,160
0,2,49,160
0,4,49,160
0,6,59,160
0,-24,39,160
0,-3,39,160
0,-7,39,160
0,12,47,160
160,3,45,160
0,4,63,160
0,-12,34,160
0,6,49,160
160,3,66,160
0,9,80,160
0,-27,61,160
160,20,68,160
0,4,74,160
0,-21,47,160
0,9,56,160
160,9,71,160
0,9,84,160
0,-33,62,160
160,26,66,160
0,4,79,160
0,-24,49,160
0,6,59,160
160,15,74,160
0,9,89,160
0,-39,64,160
160,36,85,160
0,-4,72,160
0,-29,50,160
0,9,60,160
160,21,78,160
0,9,92,160
0,-45,69,160
160,38,73,160
0,4,86,160
0,-36,53,160
0,6,64,160
160,27,79,160
0,9,94,160
0,-51,77,160
160,42,77,160
0,12,90,160
0,-66,69,160
0,12,69,160
160,50,85,160
0,-7,85,160
0,12,101,160
0,-56,42,160
0,-12,42,160
160,32,64,160
0,7,64,160
0,5,77,160
0,-32,36,160
0,12,50,160
160,8,64,160
0,7,64,160
0,5,77,160
0,-32,40,160
0,12,48,160
160,8,55,160
0,7,55,16
0,5,77,160
0,-32,40,160
0,12,48,160
160,8,63,160
0,7,63,160
0,5,75,160
0,-32,40,160
0,12,48,160
160,8,63,160
0,7,63,160
0,5,75,160
0,-32,41,160
0,12,49,160
160,8,57,160
0,8,57,160
0,4,80,160
0,-32,38,160
0,12,55,160
160,8,64,160
0,8,64,160
0,4,77,160
0,-33,44,160
0,12,52,160
160,9,64,160
0,8,64,160
0,4,77,160
0,-33,44,160
0,12,52,160
160,9,68,160
0,8,68,160
0,4,81,160
0,-33,47,160
0,12,56,160
160,9,67,160
0,8,67,160
0,4,79,160
0,-32,44,160
0,12,52,160
160,8,67,160
0,8,67,160
0,4,79,160
0,-32,44,160
0,12,52,160
160,8,67,80
0,8,67,80
0,4,80,80
0,-32,46,80
0,12,56,80
160,9,68,80
0,7,68,80
0,5,81,80
0,-33,47,80
0,12,57,80
160,9,69,80
0,7,69,80
0,5,82,80
0,-33,48,80
0,12,58,80
160,9,71,80
0,7,71,80
0,5,83,80
0,-33,49,80
0,12,58,80
160,9,71,80
0,8,71,80
0,4,84,80
0,-33,50,80
0,12,59,80
160,9,71,80
0,8,71,80
0,4,85,80
0,-33,51,80
0,12,61,80
160,9,72,80
0,8,72,80
0,4,86,80
0,-21,62,80
0,-12,52,80
160,21,73,80
0,8,73,80
0,4,88,80
0,-34,52,80
0,12,62,80
160,10,75,80
0,8,75,80
0,4,90,80
0,-34,53,80
0,12,63,80
160,10,77,80
0,8,77,80
0,4,91,80
0,-34,53,80
0,12,64,80
160,10,78,80
0,7,78,80
0,5,92,80
0,-33,55,80
0,12,66,80
160,9,79,80
0,6,79,80
0,6,93,80
0,-33,56,80
0,12,67,80
160,9,73,80
0,7,86,80
0,5,102,80
0,-32,52,80
0,12,74,80
160,12,68,160
0,3,80,160
0,9,95,160
0,-21,50,160
0,-7,50,160
0,12,71,160
160,4,68,160
0,3,80,160
0,9,95,160
0,-21,51,160
0,-7,51,160
0,12,72,160
160,4,72,160
0,3,85,160
0,9,101,160
0,-28,53,160
0,7,53,160
0,5,75,160
160,2,68,160
0,12,95,160
160,-14,68,160
0,12,95,160
160,-43,68,160
0,12,96,160
160,23,68,160
0,4,80,160
0,8,95,160
0,-23,50,160
0,-5,50,160
0,12,71,160
160,4,68,160
0,4,80,160
0,8,95,160
0,-23,51,160
0,-5,51,160
0,12,72,160
160,4,72,160
0,4,85,160
0,8,101,160
0,-28,53,160
0,5,53,160
0,7,75,160
160,2,68,160
0,12,95,160
160,-14,68,160
0,12,95,160
160,-41,68,160
0,12,96,160
160,21,68,160
0,3,80,160
0,9,95,160
0,-21,50,160
0,-7,50,160
0,12,71,160
160,4,68,160
0,3,80,160
0,9,95,160
0,-21,51,160
0,-7,51,160
0,12,72,160
160,4,72,160
0,3,85,160
0,9,101,160
0,-28,53,160
0,7,53,160
0,5,75,160
160,2,68,160
0,12,95,160
160,-14,68,160
0,12,95,160
160,-40,68,160
0,12,96,160
160,21,80,160
0,11,95,160
0,-23,50,160
0,-5,50,160
0,12,71,160
160,5,80,160
0,11,95,160
0,-23,51,160
0,-5,51,160
0,12,72,160
160,5,85,480
0,11,101,160
0,-28,53,160
0,5,53,160
0,7,75,160
160,14,95,160
160,-2,95,160
40,-39,60,120
0,12,72,120
120,19,84,960
0,3,84,960
0,5,101,960
0,4,101,960
0,-42,73,60
0,12,86,60
120,-15,66,60
0,12,79,60
240,-10,73,60
0,12,86,60
120,-11,68,60
0,12,81,60
120,-15,68,60
0,12,81,60
360,21,71,480
0,3,71,480
0,5,84,480
0,4,84,480
0,-42,56,120
0,12,67,120
120,-15,49,60
0,12,60,60
240,-10,52,120
0,12,62,120
120,19,69,480
0,3,69,480
0,6,83,480
0,3,83,480
0,-42,51,120
0,12,61,120
120,-15,51,60
0,12,61,60
360,21,69,480
0,3,69,480
0,5,82,480
0,4,82,480
0,-42,56,120
0,12,67,120
120,-15,50,60
0,12,60,60
240,-10,52,120
0,12,66,120
120,19,68,480
0,3,68,480
0,6,82,480
0,3,82,480
0,-42,51,120
0,12,62,120
120,-15,52,60
0,12,63,60
360,22,74,480
0,3,74,480
0,5,88,480
0,4,88,480
0,-42,60,120
0,12,74,120
120,-15,56,60
0,12,63,60
240,-11,59,120
0,12,71,120
120,20,72,480
0,3,72,480
0,6,88,480
0,3,88,480
0,-42,57,120
0,12,69,120
120,-3,57,60
0,12,69,60
360,10,74,184
0,3,74,480
0,5,88,480
0,4,88,480
0,-42,63,120
0,12,75,120
120,-15,56,60
0,12,67,60
240,-10,61,120
0,12,71,120
120,19,73,219
0,3,73,480
0,6,87,480
0,3,87,480
0,-42,59,120
0,12,71,120
120,-3,60,60
0,12,71,60
360,10,76,480
0,3,76,480
0,5,93,480
0,4,93,480
0,-42,68,120
0,12,79,120
120,0,60,60
0,12,73,60
360,6,76,480
0,4,76,480
0,6,92,480
0,2,92,480
0,-41,68,160
0,12,68,160
160,0,74,160
0,12,74,160
160,-11,78,160
0,12,78,160
160,4,78,480
0,5,93,480
0,7,93,480
0,-27,66,480
0,8,66,480
0,4,79,480
480,4,79,480
0,4,94,480
0,8,94,480
0,-27,67,480
0,7,67,480
0,5,80,480
480,7,79,480
0,2,79,480
0,3,95,480
0,7,95,480
0,-28,67,480
0,4,67,480
0,2,67,480
0,3,67,480
0,3,80,480
480,3,77,480
0,3,77,480
0,3,93,480
0,6,93,480
0,-28,65,480
0,7,65,480
0,3,65,480
0,2,78,480
480,5,85,480
0,4,102,480
0,8,102,480
0,-36,72,480
0,12,86,480
480,12,84,480
0,5,84,480
0,3,101,480
0,4,101,480
0,-43,70,480
0,12,86,480
480,19,85,480
0,4,85,480
0,3,101,480
0,5,101,480
0,-48,72,480
0,12,87,480
480,24,85,480
0,5,85,480
0,3,101,480
0,4,101,480
0,-55,70,480
0,12,86,480
480,31,91,960
0,4,91,960
0,3,108,960
0,5,108,960
0,-48,74,960
0,12,92,960
960,36,100,960
0,12,117,960
0,-32,74,960
0,3,74,960
0,5,77,960
0,4,95,960
960,-12,105,0
0,-16,65,960
0,-12,59,960
0,7,60,960
0,9,67,960
0,3,71,960