0,53,35,200
0,-12,30,200
160,14,29,200
0,-12,24,200
160,15,30,200
0,-12,25,200
160,15,30,200
0,-12,25,200
160,3,33,200
0,-12,28,200
160,15,31,160
0,-12,26,160
160,10,37,200
0,-12,30,200
160,14,30,200
0,-12,26,200
160,15,31,200
0,-12,26,200
160,15,32,200
0,-12,27,200
160,3,34,200
0,-12,28,200
160,15,33,144
0,-12,27,144
160,12,40,200
0,-12,34,200
160,14,33,200
0,-12,28,200
160,15,35,200
0,-12,29,200
160,15,36,200
0,-12,28,200
160,3,34,200
0,-12,28,200
160,15,36,160
0,-12,30,160
160,10,40,200
0,-12,34,200
160,14,34,200
0,-12,28,200
160,15,34,200
0,-12,28,200
160,15,35,200
0,-12,30,200
160,3,34,200
0,-12,28,200
160,15,36,160
0,-12,30,160
160,13,45,200
0,-12,38,200
160,14,35,200
0,-12,29,200
160,15,38,200
0,-12,32,200
160,15,43,200
0,-12,36,200
160,3,39,200
0,-12,33,200
160,15,38,160
0,-12,31,160
160,13,41,200
0,-12,34,200
160,14,39,200
0,-12,32,200
160,15,39,200
0,-12,33,200
160,15,43,200
0,-12,35,200
160,3,39,200
0,-12,33,200
160,15,39,160
0,-12,34,160
160,10,49,200
0,-12,41,200
160,14,42,200
0,-12,35,200
160,15,39,160
0,-12,32,160
160,15,40,200
0,-12,37,200
160,3,42,200
0,-12,36,200
160,15,43,160
0,-12,36,160
160,15,50,200
0,-12,41,200
160,16,40,200
0,-12,34,200
160,14,41,200
0,-12,34,200
160,15,44,200
0,-12,38,200
160,2,44,200
0,-12,37,200
160,16,44,160
0,-12,37,160
160,13,56,200
0,-12,47,200
160,15,45,200
0,-12,38,200
160,17,49,200
0,-12,40,200
160,11,46,200
0,-12,37,200
160,7,45,200
0,-12,38,200
160,13,45,160
0,-12,38,160
160,15,50,320
0,-12,42,320
160,8,46,160
0,-12,39,160
160,13,45,200
0,-12,40,200
160,8,43,160
0,-12,36,160
160,13,47,200
0,-12,39,200
160,8,44,160
0,-12,36,160
160,10,48,200
0,-12,40,200
160,13,44,200
0,-12,37,200
160,17,44,160
0,-12,37,160
160,10,45,200
0,-12,39,200
160,13,45,200
0,-12,38,200
160,16,45,160
0,-12,38,160
160,8,47,200
0,-12,41,200
160,13,44,200
0,-12,37,200
160,15,45,160
0,-12,38,160
160,10,46,200
0,-12,39,200
160,13,45,200
0,-12,38,200
160,17,45,160
0,-12,38,160
160,3,48,200
0,-12,40,200
160,15,43,200
0,-12,36,200
160,17,45,200
0,-12,38,200
160,11,44,200
0,-12,37,200
160,7,40,200
0,-12,34,200
160,13,38,160
0,-12,31,160
160,15,51,320
0,-12,43,320
160,8,43,200
0,-12,36,200
160,13,42,200
0,-12,35,200
160,8,43,320
0,-12,36,320
160,13,45,200
0,-12,38,200
160,8,43,160
0,-12,36,160
160,10,47,320
0,-12,39,320
160,13,41,200
0,-12,34,200
160,17,41,160
0,-12,34,160
160,8,44,320
0,-12,36,320
160,13,42,200
0,-12,35,200
160,18,42,160
0,-12,35,160
160,6,47,320
0,-12,39,320
160,13,45,200
0,-12,38,200
160,17,43,160
0,-12,36,160
160,10,45,320
0,-12,37,320
160,13,44,200
0,-12,37,200
160,17,44,160
0,-12,37,160
160,10,51,320
0,-12,43,320
160,4,45,200
0,-12,38,200
160,17,41,200
0,-12,34,200
160,3,45,320
0,-12,34,320
160,15,43,200
0,-12,36,200
160,17,43,160
0,-12,36,160
160,15,45,320
0,-12,38,320
160,3,41,200
0,-12,34,200
160,17,42,200
0,-12,35,200
160,3,42,320
0,-12,34,320
160,15,41,200
0,-12,34,200
160,17,42,160
0,-12,35,160
160,16,53,200
0,-12,45,200
160,3,45,200
0,-12,38,200
160,16,45,200
0,-12,38,200
160,4,42,200
0,-12,36,200
160,15,42,200
0,-12,35,200
160,17,43,160
0,-12,36,160
160,16,50,200
0,-12,42,200
160,8,45,200
0,-12,38,200
160,17,42,200
0,-12,35,200
160,13,46,200
0,-12,39,200
160,13,51,200
0,-12,43,200
160,14,54,160
0,-12,45,160
160,13,57,200
0,-12,48,9
160,3,45,200
0,-12,38,200
160,17,45,200
0,-12,38,200
160,3,43,320
0,-12,34,320
160,15,44,200
0,-12,34,200
160,17,44,160
0,-12,34,160
160,15,48,320
0,-12,40,320
160,3,42,200
0,-12,35,200
160,17,43,200
0,-12,36,200
160,3,43,320
0,-12,36,320
160,15,45,200
0,-12,38,200
160,17,45,160
0,-12,38,160
160,15,49,200
0,-12,41,200
160,4,45,200
0,-12,38,200
160,16,45,200
0,-12,38,200
160,3,45,200
0,-12,39,200
160,15,43,200
0,-12,36,200
160,17,43,160
0,-12,36,160
160,16,50,200
0,-12,42,200
160,7,45,200
0,-12,38,200
160,19,45,200
0,-12,38,200
160,13,50,200
0,-12,42,200
160,13,52,200
0,-12,44,200
160,13,54,160
0,-12,45,160
160,13,56,200
0,-12,47,200
160,4,45,200
0,-12,38,200
160,18,45,200
0,-12,38,200
160,13,54,200
0,-12,45,200
160,13,53,200
0,-12,45,200
160,13,56,160
0,-12,47,160
160,11,61,200
0,-12,51,200
160,5,46,200
0,-12,39,200
160,15,50,200
0,-12,42,200
160,15,55,200
0,-12,46,200
160,13,57,200
0,-12,48,200
160,13,59,160
0,-12,50,160
160,13,64,200
0,-12,54,200
160,4,47,200
0,-12,39,200
160,18,54,200
0,-12,45,200
160,13,60,200
0,-12,51,200
160,13,60,200
0,-12,51,200
160,13,65,160
0,-12,55,160
160,11,68,200
0,-12,57,200
160,5,51,200
0,-12,43,200
160,15,60,200
0,-12,51,200
160,15,64,200
0,-12,54,200
160,13,67,200
0,-12,56,200
160,13,68,160
0,-12,57,160
160,7,68,320
0,-12,57,320
160,9,58,200
0,-12,49,200
160,17,51,200
0,-12,43,200
160,10,53,320
0,-12,43,320
160,5,49,200
0,-12,41,200
160,17,52,160
0,-12,44,160
160,11,57,320
0,-12,48,320
160,3,45,200
0,-12,38,200
160,19,47,200
0,-12,39,200
160,10,50,320
0,-12,41,320
160,4,47,200
0,-12,39,200
160,17,47,160
0,-12,39,160
160,10,56,200
0,-12,47,200
160,5,45,200
0,-12,38,200
160,17,45,200
0,-12,38,200
160,11,45,200
0,-12,36,200
160,7,42,200
0,-12,35,200
160,13,43,160
0,-12,36,160
160,16,47,200
0,-12,39,200
160,6,39,200
0,-12,33,200
160,20,38,200
0,-12,32,200
160,10,40,200
0,-12,34,200
160,5,39,200
0,-12,33,200
160,13,37,160
0,-12,29,160
160,13,42,200
0,-12,35,200
160,14,38,200
0,-12,32,200
160,14,35,200
0,-12,29,200
160,13,36,200
0,-12,33,200
160,14,38,200
0,-12,32,200
160,13,42,160
0,-12,35,160
160,5,45,200
0,-12,38,200
160,14,36,200
0,-12,30,200
160,13,34,200
0,-12,28,200
160,13,38,200
0,-12,32,200
160,13,37,200
0,-12,32,200
160,14,37,160
0,-12,31,160
160,6,48,200
0,-12,40,200
160,13,41,200
0,-12,34,200
160,14,38,200
0,-12,32,200
160,13,43,200
0,-12,36,200
160,14,41,200
0,-12,34,200
160,14,42,160
0,-12,35,160
160,5,48,200
0,-12,40,200
160,13,38,200
0,-12,32,200
160,13,39,200
0,-12,33,200
160,13,43,200
0,-12,36,200
160,14,39,200
0,-12,33,200
160,14,43,160
0,-12,36,160
160,7,51,200
0,-12,43,200
160,13,43,200
0,-12,36,200
160,13,39,200
0,-12,33,200
160,13,44,200
0,-12,37,200
160,14,43,200
0,-12,36,200
160,13,45,160
0,-12,38,160
160,3,51,200
0,-12,43,200
160,16,43,200
0,-12,36,200
160,13,43,200
0,-12,36,200
160,13,47,200
0,-12,39,200
160,14,45,200
0,-12,38,200
160,13,48,160
0,-12,40,160
160,15,59,200
0,-12,50,200
160,9,48,200
0,-12,40,200
160,10,48,200
0,-12,40,200
160,10,49,200
0,-12,41,200
160,14,45,200
0,-12,38,200
160,14,46,160
0,-12,39,160
160,3,51,200
0,-12,43,200
160,16,43,200
0,-12,36,200
160,13,41,200
0,-12,34,200
160,14,45,200
0,-12,38,200
160,13,40,200
0,-12,34,200
160,13,45,160
0,-12,38,160
160,15,51,200
0,-12,43,200
160,11,44,200
0,-12,37,200
160,11,40,200
0,-12,34,200
160,11,46,200
0,-12,39,200
160,9,43,200
0,-12,36,200
160,9,44,160
0,-12,37,160
160,18,49,200
0,-12,41,200
160,9,43,200
0,-12,36,200
160,9,43,200
0,-12,36,200
160,10,45,200
0,-12,38,200
160,11,44,200
0,-12,37,200
160,11,43,160
0,-12,36,160
160,11,46,200
0,-12,39,200
160,13,39,200
0,-12,33,200
160,13,39,200
0,-12,33,200
160,8,39,200
0,-12,35,200
160,13,39,200
0,-12,33,200
160,14,39,160
0,-12,33,160
160,8,44,200
0,-12,37,200
160,13,38,200
0,-12,32,200
160,13,37,200
0,-12,31,200
160,8,38,200
0,-12,30,200
160,13,36,200
0,-12,30,200
160,14,36,160
0,-12,30,160
160,2,38,200
0,-12,32,200
160,13,34,200
0,-12,28,200
160,14,34,200
0,-12,28,200
160,14,36,200
0,-12,30,200
160,13,38,200
0,-12,32,200
160,14,39,160
0,-12,32,160
160,14,41,200
0,-12,34,200
160,13,40,200
0,-12,34,200
160,13,41,200
0,-12,34,200
160,13,42,200
0,-12,37,200
160,9,41,200
0,-12,34,200
160,17,41,160
0,-12,34,160
160,10,46,200
0,-12,39,200
160,21,49,200
0,-12,41,200
160,10,47,200
0,-12,39,200
160,10,49,200
0,-12,41,200
160,11,46,200
0,-12,38,200
160,10,46,160
0,-12,39,160
160,10,45,200
0,-12,38,200
160,9,43,200
0,-12,36,200
160,13,43,200
0,-12,36,200
160,14,43,200
0,-12,39,200
160,9,46,200
0,-12,38,200
160,17,45,160
0,-12,38,160
160,10,51,200
0,-12,43,200
160,7,44,200
0,-12,37,200
160,14,44,200
0,-12,37,200
160,13,45,200
0,-12,38,200
160,9,43,200
0,-12,36,200
160,19,53,160
0,-12,45,160
160,10,51,200
0,-12,43,200
160,5,46,200
0,-12,39,200
160,14,47,200
0,-12,39,200
160,14,51,200
0,-12,43,200
160,8,47,200
0,-12,39,200
160,21,53,160
0,-12,45,160
160,10,51,200
0,-12,43,200
160,4,44,200
0,-12,37,200
160,13,44,200
0,-12,37,200
160,14,46,200
0,-12,39,200
160,9,43,200
0,-12,36,200
160,17,50,160
0,-12,42,160
160,10,48,200
0,-12,40,200
160,7,46,200
0,-12,39,200
160,19,47,200
0,-12,39,200
160,10,51,200
0,-12,43,200
160,5,47,200
0,-12,39,200
160,14,47,160
0,-12,39,160
160,10,51,200
0,-12,43,200
160,17,40,200
0,-12,34,200
160,14,42,200
0,-12,35,200
160,14,43,200
0,-12,36,200
160,13,45,200
0,-12,38,200
160,14,46,160
0,-12,39,160
160,14,48,200
0,-12,40,200
160,14,51,200
0,-12,43,200
160,13,48,200
0,-12,40,200
160,14,53,200
0,-12,45,200
160,14,50,200
0,-12,42,200
160,13,56,160
0,-12,47,160
160,14,59,200
0,-12,50,200
160,21,60,200
0,-12,51,200
160,10,57,200
0,-12,48,200
160,10,56,200
0,-12,47,200
160,11,54,200
0,-12,45,200
160,10,54,160
0,-12,45,160
160,10,56,200
0,-12,47,200
160,9,51,200
0,-12,43,200
160,13,51,200
0,-12,43,200
160,14,52,200
0,-12,44,200
160,9,51,200
0,-12,43,200
160,17,51,160
0,-12,43,160
160,10,56,200
0,-12,47,200
160,7,48,200
0,-12,40,200
160,14,48,200
0,-12,40,200
160,13,53,200
0,-12,45,200
160,9,51,200
0,-12,43,200
160,19,51,160
0,-12,43,160
160,10,52,200
0,-12,44,200
160,5,46,200
0,-12,39,200
160,14,46,200
0,-12,39,200
160,14,51,200
0,-12,43,200
160,8,49,200
0,-12,41,200
160,21,56,160
0,-12,47,160
160,10,52,200
0,-12,44,200
160,4,48,200
0,-12,40,200
160,13,40,200
0,-12,34,200
160,14,48,200
0,-12,40,200
160,9,47,200
0,-12,39,200
160,17,43,160
0,-12,36,160
160,10,51,200
0,-12,43,200
160,7,46,200
0,-12,39,200
160,19,47,200
0,-12,39,200
160,10,49,200
0,-12,41,200
160,5,48,200
0,-12,40,200
160,21,49,160
0,-12,41,160
160,13,53,200
0,-12,45,200
160,11,49,200
0,-12,41,200
160,10,51,200
0,-12,43,200
160,10,49,200
0,-12,41,200
160,11,48,200
0,-12,40,200
160,10,44,160
0,-12,37,160
160,11,54,320
0,-12,45,320
160,20,47,200
0,-12,39,200
160,7,46,200
0,-12,39,200
160,15,49,200
0,-12,41,200
160,10,47,200
0,-12,39,200
160,9,47,160
0,-12,39,160
160,11,54,320
0,-12,45,320
160,20,47,200
0,-12,39,200
160,7,46,200
0,-12,39,200
160,15,47,200
0,-12,39,200
160,10,45,200
0,-12,36,200
160,9,45,160
0,-12,37,160
160,11,54,320
0,-12,45,320
160,20,47,200
0,-12,39,200
160,7,46,200
0,-12,39,200
160,15,49,200
0,-12,41,200
160,10,47,200
0,-12,39,200
160,9,45,160
0,-12,38,160
160,22,53,200
0,-12,45,200
160,11,47,200
0,-12,39,200
160,10,45,200
0,-12,37,200
160,10,49,200
0,-12,41,200
160,11,45,200
0,-12,38,200
160,10,47,160
0,-12,39,160
160,11,49,320
0,-12,42,320
160,20,47,200
0,-12,39,200
160,7,43,200
0,-12,36,200
160,15,47,200
0,-12,39,200
160,10,47,200
0,-12,39,200
160,9,47,160
0,-12,39,160
160,11,49,320
0,-12,43,320
160,20,47,200
0,-12,39,200
160,7,44,200
0,-12,37,200
160,15,51,200
0,-12,43,200
160,10,47,200
0,-12,39,200
160,9,47,160
0,-12,39,160
160,11,54,320
0,-12,45,320
160,20,47,200
0,-12,39,200
160,7,43,200
0,-12,36,200
160,15,51,200
0,-12,43,200
160,10,47,200
0,-12,39,200
160,9,47,160
0,-12,39,160
160,25,67,200
0,-12,56,200
160,11,58,200
0,-12,49,200
160,10,56,200
0,-12,47,200
160,10,56,200
0,-12,47,200
160,11,55,200
0,-12,46,200
160,10,55,160
0,-12,46,160
160,17,61,200
0,-12,51,200
160,6,55,109
0,-12,46,200
160,15,54,200
0,-12,45,200
160,6,56,200
0,-12,47,200
160,15,55,200
0,-12,46,200
160,8,52,160
0,-12,44,160
160,25,67,200
0,-12,56,200
160,11,56,200
0,-12,47,200
160,10,59,200
0,-12,50,200
160,10,58,200
0,-12,49,200
160,11,56,200
0,-12,47,200
160,10,56,160
0,-12,47,160
160,17,62,200
0,-12,52,200
160,6,55,200
0,-12,46,200
160,15,56,160
0,-12,47,160
160,6,54,200
0,-12,46,200
160,15,55,200
0,-12,46,200
160,8,57,160
0,-12,45,160
160,22,59,200
0,-12,49,200
160,6,53,200
0,-12,45,200
160,15,53,200
0,-12,45,200
160,6,51,200
0,-12,43,200
160,15,48,200
0,-12,40,200
160,8,48,160
0,-12,40,160
160,19,57,200
0,-12,48,200
160,6,51,200
0,-12,43,200
160,15,49,200
0,-12,42,200
160,8,50,200
0,-12,41,200
160,16,48,200
0,-12,40,200
160,6,48,160
0,-12,40,160
160,18,59,200
0,-12,50,200
160,6,50,200
0,-12,42,200
160,15,48,200
0,-12,41,200
160,8,51,200
0,-12,44,200
160,13,49,200
0,-12,41,200
160,10,50,160
0,-12,42,160
160,17,51,200
0,-12,43,200
160,7,48,200
0,-12,40,200
160,14,48,200
0,-12,40,200
160,9,50,200
0,-12,42,200
160,15,48,200
0,-12,40,200
160,8,41,160
0,-12,34,160
160,11,51,200
0,-12,43,200
160,14,46,200
0,-12,39,200
160,15,45,200
0,-12,38,200
160,15,45,200
0,-12,39,200
160,3,45,200
0,-12,38,200
160,15,46,160
0,-12,39,160
160,10,51,200
0,-12,43,200
160,14,46,200
0,-12,39,200
160,15,45,200
0,-12,38,200
160,15,45,200
0,-12,39,200
160,3,45,200
0,-12,38,200
160,15,46,144
0,-12,39,144
160,12,53,200
0,-12,45,200
160,14,45,200
0,-12,38,200
160,15,46,200
0,-12,39,200
160,15,47,200
0,-12,39,200
160,3,45,200
0,-12,38,200
160,15,48,160
0,-12,40,160
160,10,53,200
0,-12,45,200
160,14,47,200
0,-12,39,200
160,15,46,200
0,-12,39,200
160,15,49,200
0,-12,41,200
160,3,48,200
0,-12,42,200
160,15,46,160
0,-12,39,160
160,13,55,200
0,-12,46,200
160,14,47,200
0,-12,39,200
160,15,48,200
0,-12,40,200
160,15,49,200
0,-12,41,200
160,3,48,200
0,-12,40,200
160,15,45,160
0,-12,38,160
160,13,50,200
0,-12,42,200
160,14,49,200
0,-12,41,200
160,15,48,200
0,-12,40,200
160,15,49,200
0,-12,42,200
160,3,49,200
0,-12,41,200
160,15,50,160
0,-12,42,160
160,10,55,200
0,-12,46,200
160,14,49,200
0,-12,41,200
160,15,48,200
0,-12,40,200
160,15,50,200
0,-12,40,200
160,3,49,200
0,-12,41,200
160,15,50,160
0,-12,42,160
160,15,57,200
0,-12,47,200
160,16,51,200
0,-12,43,200
160,14,52,200
0,-12,44,200
160,15,54,200
0,-12,45,200
160,2,54,200
0,-12,45,200
160,16,55,160
0,-12,46,160
160,13,65,200
0,-12,55,200
160,15,56,200
0,-12,46,200
160,17,55,200
0,-12,46,200
160,11,55,200
0,-12,48,200
160,7,54,200
0,-12,45,200
160,13,55,160
0,-12,46,160
160,15,62,320
0,-12,52,320
160,8,57,200
0,-12,48,200
160,13,55,200
0,-12,46,200
160,8,56,320
0,-12,47,320
160,13,55,200
0,-12,46,200
160,8,51,160
0,-12,43,160
160,10,56,320
0,-12,47,320
160,13,51,200
0,-12,43,200
160,17,51,160
0,-12,43,160
160,10,56,320
0,-12,45,320
160,13,51,200
0,-12,43,200
160,16,51,160
0,-12,43,160
160,8,58,320
0,-12,48,320
160,13,55,200
0,-12,46,200
160,15,56,160
0,-12,47,160
160,10,59,320
0,-12,50,320
160,13,56,200
0,-12,47,200
160,17,53,160
0,-12,44,160
160,3,65,200
0,-12,55,200
160,15,59,200
0,-12,50,200
160,17,56,200
0,-12,47,200
160,11,62,200
0,-12,52,200
160,7,58,200
0,-12,49,200
160,13,54,160
0,-12,43,160
160,15,62,320
0,-12,52,320
160,8,56,200
0,-12,47,200
160,13,53,200
0,-12,45,200
160,8,58,320
0,-12,49,320
160,13,51,200
0,-12,43,200
160,8,51,160
0,-12,43,160
160,10,56,320
0,-12,47,320
160,13,51,200
0,-12,43,200
160,17,51,160
0,-12,43,160
160,8,56,320
0,-12,48,320
160,13,53,200
0,-12,45,200
160,18,54,160
0,-12,45,160
160,6,61,320
0,-12,50,320
160,13,55,200
0,-12,46,200
160,17,56,160
0,-12,47,160
160,10,64,320
0,-12,51,320
160,13,56,200
0,-12,47,200
160,17,58,160
0,-12,49,160
160,10,64,200
0,-12,54,200
160,11,53,200
0,-12,45,200
160,11,47,200
0,-12,39,200
160,11,56,200
0,-12,47,200
160,11,52,200
0,-12,44,200
160,20,56,160
0,-12,45,160
160,10,64,200
0,-12,54,200
160,11,55,200
0,-12,45,200
160,11,55,200
0,-12,45,200
160,11,57,200
0,-12,48,200
160,10,54,200
0,-12,45,200
160,20,58,160
0,-12,48,160
160,11,67,200
0,-12,56,200
160,10,59,200
0,-12,50,200
160,11,56,200
0,-12,47,200
160,11,60,200
0,-12,51,200
160,11,58,200
0,-12,49,200
160,21,63,160
0,-12,53,160
160,3,68,320
0,-12,57,320
160,13,62,200
0,-12,52,200
160,21,62,160
0,-12,52,160
160,4,71,320
0,-12,60,320
160,13,62,200
0,-12,52,200
160,19,67,160
0,-12,56,160
160,14,72,200
0,-12,61,200
160,10,60,200
0,-12,51,200
160,10,56,200
0,-12,47,200
160,10,62,200
0,-12,52,200
160,11,60,200
0,-12,49,200
160,11,60,160
0,-12,49,160
160,20,72,200
0,-12,61,200
160,10,62,200
0,-12,52,200
160,10,59,200
0,-12,47,200
160,10,63,200
0,-12,53,200
160,11,59,200
0,-12,48,200
160,11,58,160
0,-12,49,160
160,14,67,200
0,-12,56,200
160,11,58,200
0,-12,48,200
160,11,56,200
0,-12,47,200
160,11,60,200
0,-12,51,200
160,11,56,200
0,-12,47,200
160,11,55,160
0,-12,46,160
160,14,58,200
0,-12,49,200
160,8,54,200
0,-12,45,200
160,13,50,200
0,-12,42,200
160,13,51,200
0,-12,43,200
160,8,47,200
0,-12,40,200
160,13,50,160
0,-12,42,160
160,14,53,320
0,-12,45,320
160,7,45,200
0,-12,37,200
160,13,45,200
0,-12,38,200
160,15,46,320
0,-12,39,320
160,7,42,200
0,-12,35,200
160,21,39,160
0,-12,31,160
160,7,46,320
0,-12,39,320
160,7,42,200
0,-12,35,200
160,13,45,200
0,-12,37,200
160,15,43,320
0,-12,39,320
160,7,41,200
0,-12,34,200
160,21,39,160
0,-12,32,160
160,7,51,320
0,-12,43,320
160,7,44,200
0,-12,36,200
160,13,44,200
0,-12,36,200
160,15,43,320
0,-12,37,320
160,7,41,200
0,-12,34,200
160,21,41,160
0,-12,31,160
160,7,47,320
0,-12,39,320
160,7,40,200
0,-12,34,200
160,13,40,200
0,-12,34,200
160,15,44,320
0,-12,36,320
160,7,38,200
0,-12,32,200
160,21,40,160
0,-12,32,160
160,17,49,320
0,-12,41,320
160,7,42,200
0,-12,35,200
160,13,45,200
0,-12,38,200
160,15,48,320
0,-12,41,320
160,7,42,200
0,-12,35,200
160,21,39,160
0,-12,30,160
160,7,47,320
0,-12,40,320
160,7,42,200
0,-12,35,200
160,13,42,200
0,-12,35,200
160,15,44,320
0,-12,36,320
160,7,43,200
0,-12,35,200
160,21,39,160
0,-12,32,160
160,7,47,320
0,-12,39,320
160,7,39,200
0,-12,33,200
160,13,41,200
0,-12,34,200
160,15,41,320
0,-12,35,320
160,7,39,200
0,-12,32,200
160,21,39,160
0,-12,32,160
160,7,44,320
0,-12,37,320
160,7,39,200
0,-12,33,200
160,13,41,200
0,-12,34,200
160,15,42,320
0,-12,36,320
160,7,39,200
0,-12,33,200
160,21,43,160
0,-12,35,160
160,17,53,320
0,-12,45,320
160,7,39,200
0,-12,33,200
160,13,45,200
0,-12,38,200
160,15,45,320
0,-12,38,320
160,7,39,200
0,-12,32,200
160,21,42,160
0,-12,36,160
160,7,51,320
0,-12,40,320
160,7,38,200
0,-12,32,200
160,13,42,200
0,-12,35,200
160,15,43,320
0,-12,35,320
160,7,38,200
0,-12,32,200
160,21,39,160
0,-12,32,160
160,7,49,320
0,-12,41,320
160,7,38,200
0,-12,32,200
160,13,39,200
0,-12,33,200
160,15,39,320
0,-12,34,320
160,7,36,200
0,-12,31,200
160,21,37,160
0,-12,31,160
160,7,47,320
0,-12,39,320
160,7,36,200
0,-12,31,200
160,22,39,200
0,-12,33,200
160,7,41,320
0,-12,34,320
160,7,34,200
0,-12,29,200
160,20,39,160
0,-12,32,160
160,5,49,200
0,-12,41,200
160,11,42,200
0,-12,35,200
160,11,39,200
0,-12,33,200
160,11,43,200
0,-12,36,200
160,10,43,200
0,-12,35,200
160,11,42,160
0,-12,35,160
160,18,49,200
0,-12,41,200
160,11,42,200
0,-12,35,200
160,10,42,200
0,-12,35,200
160,10,45,200
0,-12,38,200
160,11,44,200
0,-12,37,200
160,10,42,160
0,-12,35,160
160,20,49,200
0,-12,41,200
160,11,45,200
0,-12,38,200
160,10,42,200
0,-12,35,200
160,10,45,200
0,-12,38,200
160,11,44,200
0,-12,37,200
160,11,42,160
0,-12,35,160
160,19,49,200
0,-12,41,200
160,11,45,200
0,-12,38,200
160,10,42,200
0,-12,35,200
160,10,45,200
0,-12,38,200
160,10,44,200
0,-12,37,200
160,11,42,160
0,-12,35,160
160,11,45,200
0,-12,38,200
160,13,43,200
0,-12,36,200
160,14,43,200
0,-12,36,200
160,15,44,200
0,-12,35,200
160,10,41,200
0,-12,34,200
160,8,40,160
0,-12,34,160
160,15,45,200
0,-12,38,200
160,10,40,200
0,-12,34,200
160,7,40,200
0,-12,34,200
160,15,41,200
0,-12,34,200
160,10,40,200
0,-12,34,200
160,11,40,160
0,-12,34,160
160,10,45,200
0,-12,38,200
160,14,43,200
0,-12,36,200
160,13,43,200
0,-12,36,200
160,16,44,200
0,-12,36,200
160,10,41,200
0,-12,34,200
160,10,40,160
0,-12,34,160
160,11,44,200
0,-12,37,200
160,8,40,200
0,-12,34,200
160,14,40,200
0,-12,34,200
160,14,43,200
0,-12,36,200
160,11,40,200
0,-12,34,200
160,13,40,160
0,-12,34,160
160,13,44,200
0,-12,37,200
160,11,39,200
0,-12,33,200
160,11,39,200
0,-12,33,200
160,11,39,200
0,-12,33,200
160,10,36,200
0,-12,30,200
160,11,37,160
0,-12,31,160
160,18,44,200
0,-12,37,200
160,11,39,200
0,-12,33,200
160,10,39,200
0,-12,33,200
160,10,39,200
0,-12,33,200
160,11,36,200
0,-12,30,200
160,10,37,160
0,-12,31,160
160,20,44,200
0,-12,37,200
160,11,39,200
0,-12,33,200
160,10,39,200
0,-12,33,200
160,10,39,200
0,-12,33,200
160,11,36,200
0,-12,30,200
160,11,37,160
0,-12,31,160
160,19,44,200
0,-12,37,200
160,11,39,200
0,-12,33,200
160,10,39,200
0,-12,33,200
160,10,39,200
0,-12,33,200
160,10,36,200
0,-12,30,200
160,11,37,160
0,-12,31,160
160,11,41,200
0,-12,34,200
160,13,36,200
0,-12,30,200
160,13,37,200
0,-12,31,200
160,14,45,200
0,-12,38,200
160,14,39,200
0,-12,33,200
160,14,40,160
0,-12,34,160
160,13,49,200
0,-12,41,200
160,14,45,200
0,-12,38,200
160,14,46,200
0,-12,39,200
160,13,54,200
0,-12,45,200
160,14,51,200
0,-12,43,200
160,14,51,160
0,-12,43,160
160,14,58,200
0,-12,49,200
160,11,53,200
0,-12,45,200
160,9,46,200
0,-12,39,200
160,11,50,200
0,-12,40,200
160,10,49,200
0,-12,41,200
160,8,44,160
0,-12,37,160
160,11,49,200
0,-12,41,200
160,11,43,200
0,-12,36,200
160,9,39,200
0,-12,33,200
160,11,43,200
0,-12,36,200
160,10,36,200
0,-12,30,200
160,8,34,160
0,-12,30,160
160,11,39,320
0,-12,33,320
160,17,33,200
0,-12,28,200
160,10,33,200
0,-12,28,200
160,13,36,320
0,-12,29,320
160,16,34,200
0,-12,28,200
160,8,34,160
0,-12,28,160
160,13,41,320
0,-12,34,320
160,17,37,200
0,-12,31,200
160,8,37,200
0,-12,31,200
160,13,39,320
0,-12,36,320
160,17,39,200
0,-12,33,200
160,7,39,160
0,-12,33,160
160,13,43,320
0,-12,36,320
160,17,39,200
0,-12,33,200
160,8,39,200
0,-12,33,200
160,13,41,320
0,-12,34,320
160,18,39,200
0,-12,33,200
160,8,39,160
0,-12,33,160
160,13,46,320
0,-12,34,320
160,19,40,200
0,-12,34,200
160,8,39,200
0,-12,33,200
160,15,40,320
0,-12,34,320
160,18,42,200
0,-12,35,200
160,11,40,160
0,-12,34,160
160,4,45,320
0,-12,38,320
160,16,39,200
0,-12,33,200
160,8,41,200
0,-12,34,200
160,15,42,320
0,-12,36,320
160,18,43,200
0,-12,36,200
160,11,43,160
0,-12,36,160
160,4,45,320
0,-12,38,320
160,16,39,200
0,-12,33,200
160,8,41,200
0,-12,34,200
160,15,43,320
0,-12,34,320
160,18,43,200
0,-12,36,200
160,11,43,160
0,-12,36,160
160,7,47,320
0,-12,39,320
160,18,43,200
0,-12,36,200
160,11,40,200
0,-12,34,200
160,7,41,320
0,-12,34,320
160,18,43,200
0,-12,36,200
160,11,40,160
0,-12,34,160
160,7,45,320
0,-12,38,320
160,18,43,200
0,-12,36,200
160,11,40,200
0,-12,34,200
160,5,44,320
0,-12,37,320
160,20,43,200
0,-12,36,200
160,11,43,160
0,-12,36,160
160,8,45,320
0,-12,38,320
160,4,36,200
0,-12,30,200
160,22,39,200
0,-12,33,200
160,14,39,200
0,-12,34,200
160,10,40,200
0,-12,34,200
160,10,40,160
0,-12,34,160
160,9,44,200
0,-12,37,200
160,7,39,200
0,-12,33,200
160,19,39,200
0,-12,33,200
160,13,40,200
0,-12,34,200
160,11,39,200
0,-12,33,200
160,10,40,160
0,-12,34,160
160,15,45,200
0,-12,38,200
160,4,39,200
0,-12,33,200
160,22,39,200
0,-12,33,200
160,14,41,200
0,-12,34,200
160,10,40,200
0,-12,34,200
160,10,40,160
0,-12,34,160
160,9,44,200
0,-12,37,200
160,7,39,200
0,-12,33,200
160,19,39,200
0,-12,33,200
160,13,40,200
0,-12,37,200
160,11,40,200
0,-12,34,200
160,10,40,160
0,-12,34,160
160,5,44,200
0,-12,37,200
160,14,39,200
0,-12,33,200
160,17,34,200
0,-12,28,200
160,15,37,200
0,-12,29,154
160,0,35,200
0,-12,29,200
160,16,35,160
0,-12,29,160
160,10,44,200
0,-12,37,200
160,14,39,200
0,-12,33,200
160,17,34,200
0,-12,28,200
160,15,36,200
0,-12,30,156
160,0,35,200
0,-12,29,200
160,16,35,160
0,-12,29,160
160,7,44,200
0,-12,37,200
160,13,39,200
0,-12,33,200
160,16,34,200
0,-12,28,200
160,17,36,200
0,-12,30,160
160,0,35,200
0,-12,29,200
160,15,35,160
0,-12,29,160
160,11,44,200
0,-12,37,200
160,13,39,200
0,-12,33,200
160,16,34,200
0,-12,28,200
160,17,36,200
0,-12,30,160
160,0,35,200
0,-12,29,200
160,15,35,160
0,-12,29,160
1120,11,44,200
0,-12,37,200
160,13,39,200
0,-12,33,200
160,16,34,200
0,-12,28,200
160,17,35,200
0,-12,29,154
160,0,35,200
0,-12,29,200
160,15,35,160
0,-12,29,160
1120,11,57,200
0,-12,48,200
160,13,51,200
0,-12,43,200
160,16,46,200
0,-12,39,200
160,17,47,200
0,-12,40,155
160,0,48,200
0,-12,40,200
160,15,49,160
0,-12,41,160
160,9,100,480
0,-12,78,480
960,60,99,960
0,-12,83,960
0,-29,66,960
0,12,79,960
0,-4,66,960