1440,75,49,480
480,0,40,480
0,-43,35,80
80,36,22,80
0,-17,17,80
80,21,22,80
0,-16,18,80
80,7,22,80
0,-3,18,80
80,8,22,80
0,-12,18,80
80,16,23,80
0,-21,18,80
80,24,44,480
0,-31,30,80
80,24,23,80
0,-17,19,80
80,21,24,80
0,-16,19,80
80,7,24,80
0,-3,19,80
80,8,24,80
0,-12,20,80
80,16,24,80
0,-21,20,80
80,24,49,480
0,-31,20,80
80,24,26,80
0,-17,20,80
80,21,26,80
0,-16,20,80
80,7,26,80
0,-3,20,80
80,8,27,80
0,-12,22,80
80,16,27,80
0,-21,22,80
80,24,52,480
0,-31,23,80
80,24,27,80
0,-17,23,80
80,21,28,80
0,-16,23,80
80,7,28,80
0,-3,24,80
80,8,28,80
0,-12,24,80
80,16,28,80
0,-21,24,80
80,26,55,480
0,-33,26,80
80,24,30,80
0,-17,26,80
80,21,29,80
0,-16,25,80
80,7,29,80
0,-3,25,80
80,8,29,80
0,-12,25,80
80,16,29,80
0,-21,24,80
80,24,52,480
0,-31,24,80
80,24,29,80
0,-17,24,80
80,21,29,80
0,-16,24,80
80,7,29,80
0,-3,24,80
80,8,28,80
0,-12,23,80
80,16,28,80
0,-21,23,80
80,24,50,480
0,-31,23,80
80,24,27,80
0,-17,23,80
80,21,27,80
0,-16,23,80
80,7,27,80
0,-3,23,80
80,8,27,80
0,-12,23,80
80,16,27,80
0,-21,23,80
80,24,51,480
0,-31,23,80
80,24,26,80
0,-17,23,80
80,21,26,80
0,-16,22,80
80,7,26,80
0,-3,22,80
80,8,26,80
0,-12,22,80
80,16,26,80
0,-21,22,80
80,24,55,480
0,-31,24,80
80,26,27,80
0,-19,24,80
80,22,27,80
0,-18,24,80
80,8,28,80
0,-2,25,80
80,9,29,80
0,-15,25,80
80,18,29,80
0,-22,26,80
80,24,60,480
0,-31,26,80
80,26,30,80
0,-19,27,80
80,22,30,80
0,-18,27,80
80,8,31,80
0,-2,27,80
80,9,33,80
0,-15,28,80
80,18,33,80
0,-22,28,80
80,26,62,480
0,-33,29,80
80,26,34,80
0,-19,29,80
80,22,35,80
0,-18,29,80
80,8,36,80
0,-2,29,80
80,9,36,80
0,-15,30,80
80,18,37,80
0,-22,30,80
80,24,61,480
0,-31,30,80
80,26,37,80
0,-19,30,80
80,22,37,80
0,-18,29,80
80,8,37,80
0,-2,29,80
80,9,36,80
0,-15,29,80
80,18,34,80
0,-22,28,80
80,31,66,480
0,-38,29,80
80,28,41,80
0,-21,29,80
80,24,40,80
0,-19,28,80
80,7,40,80
0,-3,28,80
80,12,39,80
0,-16,28,80
80,19,39,80
0,-24,27,80
80,29,64,480
0,-36,31,80
80,28,38,80
0,-21,31,80
80,24,38,80
0,-19,30,80
80,7,37,80
0,-3,30,80
80,12,37,80
0,-16,29,80
80,19,36,80
0,-24,29,80
80,29,70,480
0,-36,28,80
80,28,36,80
0,-20,28,80
80,24,36,80
0,-20,29,80
80,8,37,80
0,-4,29,80
80,12,38,80
0,-16,29,80
80,20,38,80
0,-24,30,80
80,28,69,480
0,-36,31,80
80,28,39,80
0,-20,31,80
80,24,39,80
0,-20,33,80
80,8,40,80
0,-4,34,80
80,12,41,80
0,-16,34,80
80,20,42,80
0,-24,35,80
80,28,73,480
0,-43,44,80
80,36,37,80
0,-17,31,80
80,21,37,80
0,-16,31,80
80,7,37,80
0,-3,31,80
80,8,37,80
0,-12,33,80
80,16,38,80
0,-21,33,80
80,24,70,480
0,-31,46,80
80,24,38,80
0,-17,34,80
80,21,38,80
0,-16,34,80
80,7,39,80
0,-3,34,80
80,8,39,80
0,-12,34,80
80,16,39,80
0,-21,35,80
80,24,77,480
0,-31,35,80
80,24,39,80
0,-17,35,80
80,21,39,80
0,-16,36,80
80,7,39,80
0,-3,36,80
80,8,39,80
0,-12,36,80
80,16,40,80
0,-21,36,80
80,26,77,480
0,-33,50,80
80,24,40,80
0,-18,37,80
80,22,40,80
0,-16,37,80
80,6,42,80
0,-2,38,80
80,8,42,80
0,-12,38,80
80,16,42,80
0,-22,38,80
80,29,80,480
0,-36,50,80
80,24,40,80
0,-17,39,80
80,22,40,80
0,-17,39,80
80,7,39,80
0,-2,38,80
80,7,39,80
0,-12,38,80
80,17,39,80
0,-22,37,80
80,27,77,480
0,-34,37,80
80,24,38,80
0,-17,36,80
80,21,38,80
0,-16,36,80
80,7,38,80
0,-3,36,80
80,8,37,80
0,-12,35,80
80,16,37,80
0,-21,35,80
80,25,77,480
0,-27,34,80
80,19,36,80
0,-16,34,80
80,21,35,80
0,-17,33,80
80,8,35,80
0,-3,33,80
80,7,35,80
0,-12,31,80
80,17,34,78
0,-21,31,80
80,21,70,480
0,-30,41,80
80,24,33,80
0,-18,29,80
80,22,33,80
0,-19,29,80
80,9,31,80
0,-2,29,80
80,8,31,80
0,-15,28,80
80,19,31,80
0,-22,28,80
80,24,72,480
0,-31,47,80
80,24,31,80
0,-17,28,80
80,22,31,80
0,-19,28,80
80,9,33,80
0,-2,29,80
80,7,33,80
0,-14,29,80
80,19,34,80
0,-22,29,80
80,26,72,480
0,-33,31,80
80,24,35,80
0,-17,31,80
80,22,35,80
0,-19,33,80
80,9,36,80
0,-2,33,80
80,7,36,80
0,-14,34,80
80,19,37,80
0,-22,35,80
80,27,75,480
0,-34,34,80
80,24,38,80
0,-17,34,80
80,21,38,80
0,-18,34,80
80,9,37,80
0,-3,33,80
80,6,37,80
0,-12,33,80
80,14,36,78
0,-17,33,80
80,-7,31,80
10,24,68,470
70,-5,36,80
0,-12,31,80
80,15,35,80
0,-12,31,80
80,2,35,80
0,4,29,80
80,3,35,80
0,-9,29,80
80,12,37,80
0,-15,29,80
80,17,70,480
0,-31,51,80
80,26,39,80
0,-19,29,80
80,22,39,80
0,-17,31,80
80,7,39,80
0,3,31,80
80,4,40,80
0,-14,33,80
80,17,42,80
0,-22,33,80
80,26,62,480
0,-33,27,80
80,24,35,80
0,-17,27,80
80,22,36,80
0,-17,28,80
80,7,36,80
0,-2,28,80
80,7,37,80
0,-12,28,80
80,17,37,80
0,-22,28,80
80,27,63,480
0,-34,28,80
80,24,33,80
0,-17,27,80
80,21,32,80
0,-16,26,80
80,7,32,80
0,-3,26,80
80,6,31,80
0,-10,24,80
80,12,29,78
0,-17,24,80
80,17,55,480
0,-24,29,80
80,19,35,80
0,-12,28,80
80,15,34,80
0,-12,27,80
80,2,31,80
0,4,27,80
80,3,30,80
0,-9,26,80
80,12,29,80
0,-15,25,80
80,29,51,480
0,-43,41,80
80,36,22,80
0,-17,17,80
80,21,22,80
0,-16,18,80
80,7,22,80
0,-3,18,80
80,8,22,80
0,-12,18,80
80,16,23,80
0,-21,18,80
80,24,44,480
0,-31,36,80
80,24,23,80
0,-17,19,80
80,21,24,80
0,-16,19,80
80,7,24,80
0,-3,19,80
80,8,24,80
0,-12,20,80
80,16,24,80
0,-21,20,80
80,24,49,480
0,-31,20,80
80,24,26,80
0,-17,20,80
80,21,26,80
0,-16,20,80
80,7,26,80
0,-3,20,80
80,8,27,80
0,-12,22,80
80,16,27,80
0,-21,22,80
80,24,52,480
0,-31,23,80
80,24,27,80
0,-17,23,80
80,21,28,80
0,-16,23,80
80,7,28,80
0,-3,24,80
80,8,28,80
0,-12,24,80
80,16,28,80
0,-21,24,80
80,26,55,480
0,-33,26,80
80,24,30,80
0,-17,26,80
80,21,29,80
0,-16,25,80
80,7,29,80
0,-3,25,80
80,8,29,80
0,-12,25,80
80,16,29,80
0,-21,24,80
80,24,52,480
0,-31,24,80
80,24,29,80
0,-17,24,80
80,21,29,80
0,-16,24,80
80,7,29,80
0,-3,24,80
80,8,28,80
0,-12,23,80
80,16,28,80
0,-21,23,80
80,24,50,480
0,-31,23,80
80,24,27,80
0,-17,23,80
80,21,27,80
0,-16,23,80
80,7,27,80
0,-3,23,80
80,8,27,80
0,-12,23,80
80,16,27,80
0,-21,23,80
80,24,51,480
0,-31,23,80
80,24,26,80
0,-17,23,80
80,21,26,80
0,-16,22,80
80,7,26,80
0,-3,22,80
80,8,26,80
0,-12,22,80
80,16,26,80
0,-21,22,80
80,24,59,480
0,-31,25,80
80,26,30,80
0,-19,25,80
80,22,31,80
0,-18,26,80
80,8,31,80
0,-2,26,80
80,9,33,80
0,-15,27,80
80,18,34,80
0,-22,27,80
80,31,68,480
0,-38,28,80
80,26,35,80
0,-19,28,80
80,22,35,80
0,-18,29,80
80,8,36,80
0,-2,29,80
80,9,38,80
0,-15,30,80
80,18,38,80
0,-22,30,80
80,33,71,480
0,-40,31,80
80,26,39,80
0,-19,31,80
80,22,40,80
0,-18,34,80
80,8,41,80
0,-2,34,80
80,9,41,80
0,-15,35,80
80,18,42,80
0,-22,35,80
80,28,66,480
0,-35,35,80
80,26,41,80
0,-19,35,80
80,22,40,80
0,-18,34,80
80,8,38,80
0,-2,33,80
80,9,37,80
0,-15,33,80
80,18,36,80
0,-22,31,80
80,31,72,480
0,-38,31,80
80,28,45,80
0,-21,31,80
80,24,44,80
0,-19,30,80
80,7,44,80
0,-3,30,80
80,12,42,80
0,-16,30,80
80,19,42,80
0,-24,29,80
80,29,71,480
0,-36,35,80
80,28,41,80
0,-21,35,80
80,24,41,80
0,-19,34,80
80,7,40,80
0,-3,34,80
80,12,41,80
0,-16,33,80
80,19,39,80
0,-24,33,80
80,29,80,480
0,-36,31,80
80,28,38,80
0,-20,31,80
80,24,39,80
0,-20,33,80
80,8,40,80
0,-4,33,80
80,12,41,80
0,-16,33,80
80,20,42,80
0,-24,34,80
80,28,82,480
0,-36,35,80
80,28,45,80
0,-20,35,80
80,24,46,80
0,-20,37,80
80,8,47,80
0,-4,38,80
80,12,48,80
0,-16,38,80
80,20,49,80
0,-24,39,80
80,28,80,480
0,-43,48,80
80,36,41,80
0,-17,34,80
80,21,41,80
0,-16,34,80
80,7,42,80
0,-3,34,80
80,8,42,80
0,-12,36,80
80,16,42,80
0,-21,36,80
80,24,81,480
0,-31,40,80
80,24,44,80
0,-17,37,80
80,21,44,80
0,-16,37,80
80,7,45,80
0,-3,37,80
80,8,45,80
0,-12,37,80
80,16,45,80
0,-21,38,80
80,24,84,480
0,-31,38,80
80,24,46,80
0,-17,38,80
80,21,46,80
0,-16,39,80
80,7,47,80
0,-3,39,80
80,8,47,80
0,-12,39,80
80,16,47,80
0,-21,39,80
80,26,84,480
0,-33,41,80
80,24,48,80
0,-18,40,80
80,22,48,80
0,-16,40,80
80,6,49,80
0,-2,41,80
80,8,49,80
0,-12,41,80
80,16,49,80
0,-22,41,80
80,29,88,480
0,-36,55,80
80,24,44,80
0,-17,42,80
80,22,44,80
0,-17,42,80
80,7,42,80
0,-2,41,80
80,7,42,80
0,-12,41,80
80,17,41,80
0,-22,39,80
80,24,82,480
0,-31,39,80
80,24,40,80
0,-17,38,80
80,22,40,80
0,-17,38,80
80,7,40,80
0,-2,38,80
80,7,39,80
0,-12,36,80
80,17,39,80
0,-22,36,80
80,24,80,480
0,-31,35,80
80,24,37,80
0,-17,35,80
80,21,36,80
0,-16,34,80
80,7,36,80
0,-3,34,80
80,8,36,80
0,-12,33,80
80,16,34,80
0,-21,31,80
80,24,71,480
0,-31,36,80
80,24,33,80
0,-17,29,80
80,21,33,80
0,-16,29,80
80,7,31,80
0,-3,29,80
80,8,31,80
0,-12,28,80
80,16,31,80
0,-21,28,80
80,24,64,480
0,-36,41,80
80,28,28,80
0,-21,25,80
80,26,28,80
0,-21,25,80
80,10,33,80
0,-6,26,80
80,12,29,80
0,-16,26,80
80,21,29,80
0,-26,26,80
80,29,66,480
0,-36,28,80
80,28,28,80
0,-21,26,80
80,24,28,80
0,-19,26,80
80,10,28,80
0,-6,27,80
80,12,28,80
0,-16,27,80
80,19,28,80
0,-24,27,80
80,29,68,480
0,-36,27,80
80,28,29,80
0,-21,27,80
80,27,29,80
0,-22,27,80
80,10,29,80
0,-3,27,80
80,9,29,80
0,-16,27,80
80,22,28,80
0,-27,27,80
80,29,60,480
0,-36,27,80
80,28,28,80
0,-21,28,80
80,26,28,80
0,-21,28,80
80,10,30,80
0,-3,26,80
80,9,30,80
0,-16,26,80
80,21,33,80
0,-26,26,80
80,24,53,480
0,-38,44,80
80,29,25,80
0,-22,23,80
80,24,25,80
0,-19,25,80
80,12,25,80
0,-5,25,80
80,10,26,80
0,-17,26,80
80,19,27,80
0,-24,26,80
80,29,52,480
0,-36,24,80
80,28,26,80
0,-21,24,80
80,24,26,80
0,-19,24,80
80,12,26,80
0,-5,25,80
80,9,26,80
0,-16,25,80
80,19,26,80
0,-24,25,80
80,29,53,480
0,-36,26,80
80,26,26,80
0,-19,26,80
80,24,26,80
0,-19,26,80
80,12,26,80
0,-5,26,80
80,7,26,80
0,-14,25,80
80,19,25,80
0,-24,24,80
80,29,47,480
0,-36,24,80
80,28,25,80
0,-21,23,80
80,24,25,80
0,-19,25,80
80,12,24,80
0,-5,23,120
80,9,22,80
40,-16,19,120
40,19,20,80
80,5,49,480
0,-32,39,120
80,27,22,80
40,-19,24,120
40,22,22,80
80,-10,22,80
0,-2,33,120
80,9,22,80
40,-19,24,120
40,22,23,80
80,2,44,480
0,-32,26,120
80,27,23,80
40,-19,24,120
40,22,24,80
80,-10,24,80
0,-2,33,120
80,9,24,80
40,-19,24,120
40,22,24,80
80,3,51,480
0,-33,27,120
80,27,26,80
40,-19,24,120
40,22,26,80
80,-10,26,80
0,-2,33,120
80,9,27,80
40,-19,24,120
40,22,27,80
80,2,49,480
0,-32,27,120
80,27,27,80
40,-19,24,120
40,22,28,80
80,-10,28,80
0,-2,35,120
80,9,28,80
40,-19,24,120
40,22,28,80
80,2,52,480
0,-31,34,120
80,24,28,80
40,-17,27,120
40,22,28,80
80,-10,29,80
0,-2,36,120
80,7,29,80
40,-17,27,120
40,22,29,80
80,4,55,480
0,-33,30,120
80,24,30,80
40,-17,28,120
40,20,31,80
80,-8,31,80
0,-4,37,120
80,9,31,80
40,-17,28,120
40,20,33,80
80,8,58,480
0,-35,33,120
80,26,34,80
40,-19,29,120
40,24,34,80
80,-12,34,80
0,-5,37,120
80,12,35,80
40,-19,29,120
40,24,35,80
80,5,60,480
0,-36,34,120
80,27,36,80
40,-20,30,120
40,24,36,80
80,-12,37,80
0,-7,39,120
80,15,37,80
40,-20,30,120
40,24,37,80
80,3,59,480
0,-32,42,120
80,27,35,80
40,-19,30,120
40,22,35,80
80,-10,36,80
0,-2,40,120
80,9,36,80
40,-19,30,120
40,22,37,80
80,2,67,480
0,-32,35,120
80,27,38,80
40,-19,31,120
40,22,38,80
80,-10,38,80
0,-2,42,120
80,9,39,80
40,-19,33,120
40,22,39,80
80,4,70,480
0,-34,38,120
80,27,40,80
40,-19,34,120
40,22,41,80
80,-10,41,80
0,-2,44,120
80,9,42,80
40,-19,34,120
40,22,42,80
80,2,66,480
0,-32,35,120
80,27,44,80
40,-19,30,120
40,22,42,80
80,-10,41,80
0,-2,39,120
80,9,40,80
40,-19,30,120
40,22,39,80
80,2,72,480
0,-31,38,120
80,24,36,80
40,-17,30,120
40,22,36,80
80,-10,37,80
0,-2,40,120
80,7,37,80
40,-17,31,120
40,22,38,80
80,4,75,480
0,-33,35,120
80,24,39,80
40,-17,31,120
40,21,39,80
80,-9,39,80
0,-3,40,120
80,8,40,80
40,-17,33,120
40,21,40,80
80,7,80,480
0,-35,38,120
80,24,41,80
40,-17,34,120
40,21,42,80
80,-9,42,80
0,-5,42,120
80,10,44,80
40,-17,35,120
40,21,44,80
80,8,82,480
0,-36,40,120
80,24,44,80
40,-17,36,120
40,21,45,80
80,-9,46,80
0,-7,45,120
80,12,47,80
40,-17,37,120
40,21,48,80
80,7,80,480
0,-40,47,120
80,33,46,80
40,-17,38,120
40,20,47,80
80,-8,48,80
0,-7,39,120
80,12,48,80
40,-17,38,120
40,20,49,80
80,4,81,480
0,-31,41,120
80,24,51,80
40,-17,38,120
40,20,51,80
80,-8,52,80
0,-7,44,120
80,12,53,80
40,-17,38,120
40,20,53,80
80,5,84,480
0,-39,51,120
80,31,50,80
40,-22,34,120
40,24,49,80
80,-9,48,80
0,-5,35,120
80,12,47,80
40,-22,30,120
40,24,46,80
80,3,75,480
0,-34,39,120
80,28,44,80
40,-21,30,120
40,24,42,80
80,-9,41,80
0,-6,35,80
80,12,40,80
0,-16,30,80
80,19,39,80
0,-24,30,80
80,26,64,480
0,-28,37,80
80,19,28,80
0,-15,26,80
80,20,28,80
0,-17,25,80
80,9,28,80
0,-4,25,80
80,7,29,80
0,-12,26,80
80,17,29,80
0,-20,26,80
80,22,58,480
0,-26,27,80
80,20,30,80
0,-15,27,80
80,18,30,80
0,-15,28,80
80,6,30,80
0,-3,28,80
80,9,31,80
0,-12,29,80
80,15,31,80
0,-18,29,80
80,24,61,480
0,-29,31,80
80,20,33,80
0,-15,31,80
80,18,31,80
0,-15,31,80
80,9,31,80
0,-3,30,80
80,6,31,80
0,-12,29,80
80,15,30,80
0,-18,29,80
80,23,57,480
0,-28,27,80
80,20,29,80
0,-16,26,80
80,19,29,80
0,-15,26,80
80,8,29,80
0,-2,24,80
80,6,28,80
0,-12,24,80
80,15,28,80
0,-19,28,80
80,24,64,480
0,-28,33,80
80,19,29,80
0,-15,26,80
80,20,30,80
0,-17,27,80
80,9,31,80
0,-4,27,80
80,7,31,80
0,-12,28,80
80,17,33,80
0,-20,28,80
80,22,58,480
0,-27,36,80
80,21,34,80
0,-15,30,80
80,18,35,80
0,-15,30,80
80,6,36,80
0,-3,31,80
80,9,36,80
0,-12,31,80
80,15,37,80
0,-18,33,80
80,24,61,480
0,-30,34,80
80,21,37,80
0,-15,34,80
80,18,36,80
0,-15,33,80
80,9,36,80
0,-3,33,80
80,6,36,80
0,-12,31,80
80,15,34,80
0,-18,30,80
80,23,57,480
0,-29,30,80
80,21,33,80
0,-16,29,80
80,19,33,80
0,-15,28,80
80,8,31,80
0,-2,28,80
80,6,31,80
0,-12,27,80
80,15,31,80
0,-19,28,80
80,24,67,480
0,-31,35,80
80,24,29,80
0,-17,26,80
80,21,30,80
0,-16,27,80
80,7,31,80
0,-3,27,80
80,8,31,80
0,-12,28,80
80,16,33,80
0,-21,28,80
80,22,62,480
0,-29,29,80
80,24,34,80
0,-15,30,80
80,17,35,80
0,-14,30,80
80,5,36,80
0,-3,31,80
80,10,36,80
0,-12,31,80
80,14,37,80
0,-17,33,80
80,24,69,480
0,-33,34,80
80,24,37,80
0,-15,34,80
80,17,36,80
0,-14,33,80
80,9,36,80
0,-4,33,80
80,7,36,80
0,-12,31,80
80,14,34,80
0,-17,30,80
80,22,67,480
0,-31,30,80
80,23,33,80
0,-16,29,80
80,22,33,80
0,-18,28,80
80,8,31,80
0,-2,28,80
80,6,31,80
0,-12,27,80
80,18,31,80
0,-22,28,80
80,24,72,480
0,-31,37,80
80,24,36,80
0,-17,30,80
80,21,36,80
0,-16,31,80
80,7,38,80
0,-3,31,80
80,8,38,80
0,-12,34,80
80,16,39,80
0,-21,34,80
80,29,74,480
0,-36,35,80
80,28,40,80
0,-21,35,80
80,24,40,80
0,-19,36,80
80,12,42,80
0,-8,36,80
80,12,42,80
0,-16,38,80
80,19,44,80
0,-24,38,80
80,31,82,480
0,-38,39,80
80,30,45,80
0,-24,39,80
80,27,45,80
0,-24,40,80
80,15,46,80
0,-9,40,80
80,15,46,80
0,-21,42,80
80,24,48,80
0,-27,42,80
80,33,79,480
0,-39,44,80
80,30,49,80
0,-24,44,80
80,27,49,80
0,-24,45,80
80,14,50,80
0,-8,45,80
80,15,50,80
0,-21,46,80
80,24,52,80
0,-27,46,80
80,33,84,480
0,-47,59,80
80,36,52,80
0,-17,44,80
80,21,53,80
0,-19,45,80
80,7,53,80
0,-4,45,80
80,12,53,80
0,-15,45,80
80,19,55,80
0,-21,46,80
80,26,82,480
0,-33,46,80
80,24,57,80
0,-17,48,80
80,21,57,80
0,-19,48,80
80,7,58,80
0,-4,49,80
80,12,58,80
0,-15,49,80
80,19,59,80
0,-21,49,80
80,29,86,480
0,-48,63,80
80,33,59,80
0,-14,50,80
80,17,60,80
0,-15,52,80
80,7,60,80
0,-4,52,80
80,9,62,80
0,-12,52,80
80,15,62,80
0,-17,53,80
80,21,79,480
0,-28,53,80
80,21,53,80
0,-14,49,80
80,17,53,80
0,-15,48,80
80,7,53,80
0,-4,46,80
80,9,52,80
0,-12,46,80
80,15,53,80
0,-17,46,80
80,26,84,480
0,-43,67,80
80,33,52,80
0,-21,44,80
80,24,53,80
0,-19,45,80
80,7,53,80
0,-3,45,80
80,12,53,80
0,-16,45,80
80,19,55,80
0,-24,46,80
80,29,81,480
0,-32,46,80
80,24,57,80
0,-21,48,80
80,24,57,80
0,-19,48,80
80,7,58,80
0,-3,49,80
80,12,58,80
0,-16,49,80
80,19,59,80
0,-24,49,80
80,33,82,480
0,-45,68,80
80,29,59,80
0,-17,50,80
80,21,60,80
0,-16,52,80
80,7,60,80
0,-3,52,80
80,8,62,80
0,-12,52,80
80,16,62,80
0,-21,53,80
80,24,79,480
0,-27,53,80
80,20,57,80
0,-17,50,80
80,21,57,80
0,-16,49,80
80,7,57,80
0,-3,49,80
80,8,57,80
0,-12,49,80
80,16,57,80
0,-21,49,80
80,24,84,480
0,-36,67,80
80,28,52,80
0,-16,44,80
80,19,53,80
0,-15,45,80
80,6,53,80
0,2,45,80
80,4,53,80
0,-12,45,80
80,15,55,80
0,-19,46,80
80,25,81,480
0,-30,46,80
80,21,57,80
0,-16,48,80
80,19,57,80
0,-15,48,80
80,6,58,80
0,2,49,80
80,4,58,80
0,-12,49,80
80,15,59,80
0,-19,49,80
80,26,82,480
0,-38,70,80
80,28,59,80
0,-16,50,80
80,19,60,80
0,-15,52,80
80,6,60,80
0,2,52,80
80,4,62,80
0,-12,52,80
80,15,62,80
0,-19,53,80
80,24,79,480
0,-29,53,80
80,21,57,80
0,-16,50,80
80,19,57,80
0,-15,49,80
80,6,57,80
0,2,49,80
80,4,57,80
0,-12,49,80
80,15,57,80
0,-19,49,80
80,22,84,480
0,-32,69,120
80,24,50,80
40,-12,40,120
40,15,50,80
80,-7,50,80
0,-5,40,120
80,9,50,80
40,-12,40,120
40,15,50,80
80,4,77,480
0,-28,40,120
80,21,49,80
40,-12,40,120
40,15,49,80
80,-8,49,80
0,-4,39,80
80,9,49,80
0,-12,46,80
80,15,49,80
0,-20,39,80
80,24,75,480
0,-31,58,120
80,22,48,80
40,-10,39,120
40,12,48,80
80,-5,48,80
0,-3,39,120
80,6,48,80
40,-12,39,120
40,14,48,80
80,19,82,480
0,-36,44,120
80,27,49,80
40,-22,44,120
40,24,49,80
80,-5,50,80
0,-15,45,80
80,18,50,80
0,-22,46,80
80,24,52,80
0,-29,46,80
80,36,84,480
0,-50,67,80
80,39,52,80
0,-20,44,80
80,24,53,80
0,-19,45,80
80,7,53,80
0,-4,45,80
80,12,53,80
0,-15,45,80
80,19,55,80
0,-24,46,80
80,29,82,480
0,-36,46,80
80,27,57,80
0,-20,48,80
80,24,57,80
0,-19,48,80
80,7,58,80
0,-4,49,80
80,12,58,80
0,-15,49,80
80,19,59,80
0,-24,49,80
80,32,86,480
0,-51,71,80
80,36,57,80
0,-18,48,80
80,21,57,80
0,-17,48,80
80,8,55,80
0,-3,46,80
80,9,55,80
0,-14,46,80
80,17,55,80
0,-21,46,80
80,24,79,480
0,-30,45,80
80,24,53,80
0,-18,45,80
80,21,53,80
0,-17,45,80
80,8,53,80
0,-3,44,80
80,9,52,80
0,-14,44,80
80,17,53,80
0,-21,44,80
80,30,74,480
0,-43,63,80
80,33,52,80
0,-21,44,80
80,24,53,80
0,-19,45,80
80,7,53,80
0,-3,45,80
80,12,53,80
0,-16,45,80
80,19,55,80
0,-24,46,80
80,29,78,480
0,-32,46,80
80,24,52,80
0,-21,48,80
80,24,52,80
0,-19,48,80
80,7,53,80
0,-3,49,80
80,12,53,80
0,-16,49,80
80,19,53,80
0,-24,49,80
80,33,82,480
0,-45,67,80
80,29,55,80
0,-17,50,80
80,21,56,80
0,-16,52,80
80,7,56,80
0,-3,52,80
80,8,56,80
0,-12,52,80
80,16,57,80
0,-21,53,80
80,24,79,480
0,-27,53,80
80,20,58,80
0,-17,50,80
80,21,57,80
0,-16,49,80
80,7,57,80
0,-3,49,80
80,8,57,80
0,-12,49,80
80,16,57,80
0,-21,49,80
80,24,69,480
0,-36,56,120
80,30,40,80
40,-12,36,120
40,15,41,80
80,-9,41,80
0,-3,37,120
80,9,42,80
40,-12,38,120
40,15,42,80
80,5,64,480
0,-26,39,120
80,18,45,80
40,-12,39,120
40,15,45,80
80,-9,46,80
0,-3,40,80
80,9,46,80
0,-12,40,80
80,15,47,80
0,-21,41,80
80,27,73,480
0,-39,58,120
80,30,48,80
40,-12,42,120
40,15,49,80
80,-9,49,80
0,-3,44,120
80,9,50,80
40,-12,44,120
40,15,51,80
80,5,69,480
0,-26,46,96
80,18,48,80
40,-12,45,96
40,15,47,80
80,-9,45,80
0,2,44,80
80,4,44,80
0,-12,42,80
80,15,41,80
0,-21,41,80
80,26,78,480
0,-38,60,120
80,31,47,80
40,-12,40,120
40,15,47,80
80,-12,48,80
0,4,41,120
80,5,48,80
40,-12,42,120
40,15,49,80
80,6,79,480
0,-28,44,120
80,19,50,80
40,-12,45,120
40,15,51,80
80,-8,51,80
0,-4,45,80
80,9,52,80
0,-12,46,80
80,15,52,80
0,-22,47,80
80,29,82,480
0,-41,64,120
80,32,53,80
40,-12,48,120
40,14,55,80
80,-8,56,80
0,-3,49,120
80,9,56,80
40,-12,50,120
40,14,57,80
80,6,78,480
0,-28,48,120
80,20,57,80
40,-12,47,120
40,14,55,80
80,-8,53,80
0,2,46,80
80,4,52,80
0,-12,46,80
80,14,51,80
0,-22,45,80
80,28,85,480
0,-40,67,120
80,33,52,80
40,-12,44,120
40,15,52,80
80,-12,52,80
0,4,45,120
80,5,52,80
40,-12,48,120
40,15,53,80
80,5,89,480
0,-29,49,120
80,21,55,80
40,-12,50,120
40,15,55,80
80,-7,56,80
0,-5,51,80
80,9,56,80
0,-12,51,80
80,15,56,80
0,-24,51,80
80,30,89,480
0,-42,64,120
80,33,58,80
40,-12,52,120
40,15,59,80
80,-6,60,80
0,-3,52,120
80,6,60,80
40,-12,53,120
40,15,61,80
80,15,93,480
0,-39,46,80
80,30,58,80
0,-21,46,80
80,24,59,80
0,-21,46,80
80,12,59,80
0,-6,46,80
80,12,59,80
0,-18,46,80
80,21,60,80
0,-24,46,80
80,29,94,480
0,-38,70,80
80,26,58,80
0,-19,50,80
80,22,58,80
0,-18,51,80
80,8,58,80
0,-2,50,80
80,9,58,80
0,-15,51,80
80,18,58,80
0,-22,51,80
80,24,84,480
0,-31,51,80
80,26,58,80
0,-19,51,80
80,22,58,80
0,-18,52,80
80,8,58,80
0,-2,52,80
80,9,58,80
0,-15,52,80
80,18,58,80
0,-22,52,80
80,27,86,480
0,-34,52,80
80,25,60,80
0,-18,51,80
80,22,61,80
0,-19,51,80
80,9,61,80
0,-2,51,80
80,8,61,80
0,-15,51,80
80,19,61,80
0,-22,51,80
80,21,79,480
0,-28,51,80
80,22,58,80
0,-15,50,80
80,17,57,80
0,-14,50,80
80,6,56,80
0,-4,49,80
80,10,55,80
0,-12,49,80
80,14,55,80
0,-17,51,80
80,22,81,480
0,-36,68,80
80,24,44,80
0,-17,40,80
80,21,41,80
0,-16,40,80
80,7,39,80
0,-3,40,80
80,8,38,80
0,-12,39,80
80,16,36,80
0,-21,39,80
80,24,61,480
0,-31,39,80
80,24,33,80
0,-17,29,80
80,21,34,80
0,-16,29,80
80,7,34,80
0,-3,29,80
80,8,35,80
0,-12,30,80
80,16,35,80
0,-21,30,80
80,24,64,480
0,-31,31,80
80,24,36,80
0,-17,31,80
80,21,37,80
0,-16,33,80
80,7,37,80
0,-3,33,80
80,8,38,80
0,-12,33,80
80,16,38,80
0,-21,34,80
80,24,69,480
0,-31,34,80
80,24,39,80
0,-17,35,80
80,21,40,80
0,-16,35,80
80,7,40,80
0,-3,35,80
80,8,41,80
0,-12,36,80
80,16,41,80
0,-21,36,80
80,26,77,480
0,-33,39,80
80,26,47,80
0,-19,39,80
80,22,41,80
0,-18,40,80
80,10,41,80
0,-4,41,80
80,9,42,80
0,-15,42,80
80,18,44,80
0,-22,42,80
80,24,68,480
0,-31,44,80
80,26,44,80
0,-19,42,80
80,22,44,80
0,-18,42,80
80,8,44,80
0,-2,40,80
80,9,44,80
0,-15,40,80
80,18,44,80
0,-22,40,80
80,33,73,480
0,-40,40,80
80,26,44,80
0,-19,40,80
80,22,44,80
0,-18,40,80
80,8,44,80
0,-2,40,80
80,9,44,80
0,-15,40,80
80,18,44,80
0,-22,40,80
80,28,69,480
0,-35,40,80
80,26,42,80
0,-19,40,80
80,22,40,80
0,-18,40,80
80,8,39,80
0,-2,41,80
80,9,38,80
0,-15,41,80
80,18,37,80
0,-22,41,80
80,29,72,480
0,-36,49,80
80,24,36,80
0,-17,36,80
80,21,36,80
0,-16,36,80
80,7,36,80
0,-3,36,80
80,8,36,80
0,-12,36,80
80,16,37,80
0,-21,36,80
80,24,61,480
0,-31,36,80
80,24,33,80
0,-17,29,80
80,21,34,80
0,-16,29,80
80,7,34,80
0,-3,29,80
80,8,35,80
0,-12,30,80
80,16,35,80
0,-21,30,80
80,24,64,480
0,-31,31,80
80,24,36,80
0,-17,31,80
80,21,37,80
0,-16,33,80
80,7,37,80
0,-3,33,80
80,8,38,80
0,-12,33,80
80,16,38,80
0,-21,34,80
80,24,69,480
0,-31,34,80
80,24,39,80
0,-17,35,80
80,21,40,80
0,-16,35,80
80,7,40,80
0,-3,35,80
80,8,41,80
0,-12,36,80
80,16,41,80
0,-21,36,80
80,26,75,480
0,-33,39,80
80,26,44,80
0,-19,38,80
80,22,42,80
0,-18,38,80
80,8,42,80
0,-2,37,80
80,9,41,80
0,-15,37,80
80,18,40,80
0,-22,36,80
80,24,61,480
0,-31,36,80
80,26,39,80
0,-19,36,80
80,22,39,80
0,-18,35,80
80,8,38,80
0,-2,35,80
80,9,37,80
0,-15,34,80
80,18,37,80
0,-22,34,80
80,38,66,480
0,-45,26,80
80,26,31,80
0,-19,26,80
80,22,31,80
0,-18,26,80
80,8,31,80
0,-2,27,80
80,9,31,80
0,-15,27,80
80,18,31,80
0,-22,28,80
80,28,61,480
0,-35,28,80
80,26,34,80
0,-19,27,80
80,22,34,80
0,-18,27,80
80,8,34,80
0,-2,27,80
80,9,34,80
0,-15,28,80
80,18,34,80
0,-22,30,80
80,29,64,480
0,-36,37,80
80,24,35,80
0,-17,29,80
80,21,35,80
0,-16,29,80
80,7,35,80
0,-3,29,80
80,8,35,80
0,-12,29,80
80,16,34,80
0,-21,29,80
80,24,55,480
0,-31,29,80
80,24,34,80
0,-17,29,80
80,21,34,80
0,-16,29,80
80,7,34,80
0,-3,29,80
80,8,33,80
0,-12,29,80
80,16,33,80
0,-21,29,80
80,26,55,480
0,-33,28,80
80,24,33,80
0,-17,28,80
80,21,31,80
0,-16,28,80
80,7,31,80
0,-3,28,80
80,8,31,80
0,-12,28,80
80,16,31,80
0,-21,28,80
80,24,56,480
0,-31,28,80
80,24,33,80
0,-17,28,80
80,21,33,80
0,-16,28,80
80,7,33,80
0,-3,28,80
80,8,33,80
0,-12,28,80
80,16,33,80
0,-21,27,80
80,22,60,480
0,-34,37,80
80,24,34,80
0,-19,29,80
80,24,34,80
0,-17,29,80
80,10,34,80
0,-5,29,80
80,7,34,80
0,-12,29,80
80,17,34,80
0,-24,29,80
80,28,51,80
0,0,33,480
0,-33,29,80
80,24,33,80
0,-19,28,80
80,24,33,80
0,-17,28,80
80,9,33,80
0,-4,28,80
80,7,33,80
0,-12,28,80
80,17,33,80
0,-24,28,80
80,29,57,480
0,-34,28,80
80,24,31,80
0,-19,27,80
80,24,31,80
0,-17,27,80
80,10,30,80
0,-5,26,80
80,7,30,80
0,-12,26,80
80,17,30,80
0,-24,26,80
80,28,51,480
0,-33,25,80
80,24,29,80
0,-19,25,80
80,24,29,80
0,-17,25,80
80,9,29,80
0,-4,25,80
80,7,29,80
0,-12,25,80
80,17,29,80
0,-24,25,80
80,26,61,480
0,-38,39,80
80,28,29,80
0,-21,27,80
80,24,29,80
0,-19,27,80
80,14,29,80
0,-7,27,80
80,9,29,80
0,-16,27,80
80,19,29,80
0,-24,28,80
80,29,49,480
0,-36,28,80
80,28,29,80
0,-21,27,80
80,24,29,80
0,-19,27,80
80,12,29,80
0,-5,27,80
80,9,29,80
0,-16,27,80
80,19,29,80
0,-24,27,80
80,31,52,480
0,-38,26,80
80,28,28,80
0,-21,26,80
80,24,28,80
0,-19,26,80
80,14,28,80
0,-7,26,80
80,9,28,80
0,-16,26,80
80,19,28,80
0,-24,26,80
80,29,49,480
0,-36,25,80
80,28,28,80
0,-21,25,80
80,24,28,80
0,-19,24,80
80,12,28,80
0,-5,24,80
80,9,28,80
0,-16,24,80
80,19,27,80
0,-24,24,80
80,31,55,480
0,-38,34,80
80,28,29,80
0,-21,26,80
80,24,29,80
0,-19,26,80
80,14,29,80
0,-7,26,80
80,9,29,80
0,-16,26,80
80,19,29,80
0,-24,26,80
80,29,40,480
0,-36,26,80
80,28,28,80
0,-21,26,80
80,24,28,80
0,-19,26,80
80,12,28,80
0,-5,26,80
80,9,28,80
0,-16,25,80
80,19,28,80
0,-24,25,80
80,31,50,480
0,-38,25,80
80,28,27,80
0,-21,25,80
80,24,27,80
0,-19,25,80
80,14,27,80
0,-7,25,80
80,9,27,80
0,-16,25,80
80,19,26,80
0,-24,24,80
80,29,42,480
0,-36,23,80
80,28,26,80
0,-21,23,80
80,24,26,80
0,-19,23,80
80,12,26,80
0,-5,23,80
80,9,26,80
0,-16,23,80
80,19,27,80
0,-24,23,80
80,-7,35,80
80,16,28,80
0,-9,23,80
80,12,28,80
0,-7,24,80
80,12,29,80
0,-8,24,80
80,12,30,80
0,-9,25,80
80,12,30,80
0,-7,26,80
80,12,31,80
0,-8,26,80
80,12,33,80
0,-9,27,80
80,12,33,80
0,-7,28,80
80,12,34,80
0,-8,28,80
80,12,35,80
0,-9,29,80
80,12,36,80
0,-7,29,80
80,12,44,80
0,-8,35,80
80,3,36,80
0,-7,29,80
80,4,35,80
0,-9,28,80
80,5,34,80
0,-8,28,80
80,3,33,80
0,-7,27,80
80,4,31,80
0,-9,26,80
80,5,37,80
0,-12,30,80
80,16,31,80
0,-9,25,80
80,12,33,80
0,-7,26,80
80,12,34,80
0,-8,27,80
80,12,35,80
0,-9,28,80
80,12,36,80
0,-7,29,80
80,12,40,80
0,-8,36,80
80,3,35,80
0,-7,28,80
80,4,34,80
0,-9,27,80
80,5,33,80
0,-8,26,80
80,3,31,80
0,-7,25,80
80,4,30,80
0,-9,24,80
80,5,34,80
0,-12,29,80
80,16,29,80
0,-9,24,80
80,12,30,80
0,-7,25,80
80,12,31,80
0,-8,27,80
80,12,33,80
0,-9,28,80
80,12,35,80
0,-7,30,80
80,12,40,80
0,-8,37,80
80,3,35,80
0,-7,31,80
80,4,34,80
0,-9,30,80
80,5,33,80
0,-8,29,80
80,3,31,80
0,-7,28,80
80,4,31,80
0,-9,27,80
80,5,34,80
0,-12,30,80
80,16,28,80
0,-9,26,80
80,12,30,80
0,-7,27,80
80,12,31,80
0,-8,28,80
80,12,33,80
0,-9,29,80
80,12,34,80
0,-7,30,80
80,12,39,80
0,-8,31,80
80,3,33,80
0,-7,31,80
80,4,33,80
0,-9,30,80
80,5,33,80
0,-8,29,80
80,3,31,80
0,-7,28,80
80,4,31,80
0,-9,28,80
80,5,31,80
0,-12,35,80
80,16,34,80
0,-9,28,80
80,17,35,80
0,-12,30,80
80,16,38,80
0,-9,34,80
80,5,36,80
0,-12,31,80
80,4,35,80
0,-9,29,80
80,5,35,80
0,-12,30,80
80,16,34,80
0,-9,33,80
80,17,37,80
0,-12,36,80
80,16,39,80
0,-9,38,80
80,5,38,80
0,-12,36,80
80,4,37,80
0,-9,35,80
80,5,37,80
0,-12,34,80
80,16,38,80
0,-9,37,80
80,17,41,80
0,-12,38,80
80,16,42,80
0,-9,41,80
80,5,42,80
0,-12,40,80
80,4,39,80
0,-9,38,80
80,5,39,80
0,-12,33,80
80,16,41,80
0,-9,35,80
80,17,42,80
0,-12,37,80
80,16,44,80
0,-9,39,80
80,5,40,80
0,-12,36,80
80,4,38,80
0,-9,33,80
80,5,37,80
0,-12,31,80
80,16,35,80
0,-9,34,80
80,17,37,80
0,-12,36,80
80,16,38,80
0,-9,37,80
80,5,35,80
0,-12,34,80
80,4,34,80
0,-9,31,80
80,5,33,80
0,-12,29,80
80,16,33,80
0,-9,31,80
80,17,34,80
0,-12,31,80
80,16,34,80
0,-9,33,80
80,5,33,80
0,-12,31,80
80,4,29,80
0,-9,28,80
80,5,29,80
0,-12,26,80
80,16,29,80
0,-9,28,80
80,17,30,80
0,-12,29,80
80,16,31,80
0,-9,30,80
80,5,30,80
0,-12,29,80
80,4,29,80
0,-9,28,80
80,5,39,240
0,-12,34,240
480,36,41,240
0,-12,41,240
0,-20,33,240
0,-9,33,240
0,-7,33,240
720,-6,26,120
120,1,31,90
120,33,26,480
0,-9,26,480
0,-24,33,40
40,2,27,40
40,-2,33,40
40,2,27,40
40,-2,33,40
40,2,27,40
40,-2,30,40
40,2,24,40
40,-2,30,40
40,2,26,40
40,-2,30,40
40,2,26,40
40,-9,28,1920
120,12,31,1800
120,7,35,1680
120,9,33,1560