60,40,80,240
60,34,25,540
48,74,37,260
0,46,28,360
0,51,29,360
420,67,35,120
0,61,32,480
0,61,29,480
240,70,39,240
240,72,34,240
0,71,37,480
0,71,38,480
0,54,19,480
0,57,17,480
0,60,25,480
240,73,49,240
240,74,50,240
0,51,50,240
0,60,41,240
240,73,44,1440
0,62,43,240
240,54,39,240
0,60,32,240
240,67,40,1440
0,63,34,240
0,61,29,480
0,50,24,240
240,61,29,240
0,65,30,240
240,54,31,240
0,49,36,240
240,56,32,240
0,59,35,240
240,48,29,240
0,57,33,240
240,51,29,240
0,65,36,240
240,50,35,240
0,57,40,240
240,53,32,240
0,61,45,240
240,49,29,240
0,61,40,240
240,57,41,240
0,56,40,240
240,49,29,240
0,65,41,240
240,70,55,1440
0,43,43,240
240,57,30,240
0,49,28,240
240,44,29,240
0,48,33,240
240,48,27,240
0,58,34,240
240,65,52,480
0,53,28,220
0,57,35,1320
240,53,42,228
240,61,45,228
0,51,28,228
0,51,25,228
240,68,38,228
0,50,22,228
0,56,30,228
240,61,30,228
0,54,28,228
0,60,34,228
240,60,30,228
0,58,24,228
0,56,22,228
240,63,36,228
0,66,38,228
0,53,18,228
0,56,21,228
0,63,29,228
240,70,45,228
0,63,29,228
0,72,59,480
0,42,20,228
0,56,32,228
240,67,42,228
0,70,49,228
0,53,24,228
0,59,35,228
240,70,47,228
0,70,50,228
0,55,24,228
0,59,25,228
0,65,33,228
240,75,60,228
0,73,49,228
0,74,55,228
0,58,22,228
0,58,26,228
0,61,29,228
240,64,42,228
0,73,60,228
0,58,19,228
0,58,22,228
0,67,29,228
240,73,42,228
0,61,37,228
0,59,21,228
0,57,22,228
240,73,48,2880
0,51,18,228
0,59,21,228
0,67,26,228
240,63,35,228
0,71,50,228
0,56,18,228
0,59,22,228
0,65,28,228
240,73,54,228
0,61,49,228
0,51,27,228
0,58,36,228
0,58,35,228
240,73,51,228
0,67,46,228
0,79,63,228
0,57,33,228
0,58,34,228
0,65,31,228
240,80,78,1440
0,36,51,160
160,78,58,160
0,83,59,160
160,77,51,160
0,65,39,160
160,80,65,160
0,53,46,160
160,73,52,160
0,68,35,160
160,75,44,160
0,63,39,160
160,75,56,160
0,51,40,160
160,74,54,160
0,53,34,160
160,77,45,160
0,46,36,160
160,77,56,160
0,41,36,160
160,61,38,160
0,59,28,160
160,74,33,160
0,58,28,160
160,75,43,160
0,46,34,160
160,80,58,160
0,39,36,160
160,61,41,160
0,55,32,160
160,73,42,160
0,46,30,160
160,82,60,160
0,39,37,160
160,64,42,160
0,61,33,160
160,74,43,160
0,56,32,160
160,81,70,160
0,45,43,160
160,65,44,160
0,63,33,160
160,79,44,160
0,51,40,160
160,84,73,160
0,39,52,160
160,72,52,160
0,63,32,160
160,75,51,160
0,54,36,160
160,79,68,160
0,41,45,160
160,62,41,160
0,55,29,160
160,72,47,160
0,52,35,160
160,74,61,160
0,44,39,160
160,63,40,160
0,58,30,160
160,70,41,160
0,53,30,160
160,87,77,160
0,41,50,160
160,64,51,160
0,58,34,160
160,69,47,160
0,54,35,160
160,77,67,160
0,37,43,160
160,64,40,160
0,58,33,160
160,64,48,160
0,53,34,160
160,80,73,160
0,42,55,160
160,63,51,160
0,58,38,160
160,70,44,160
0,56,32,160
160,79,54,160
0,44,39,160
160,63,42,160
0,58,30,160
160,71,42,160
0,53,33,160
160,77,58,160
0,42,39,160
160,61,48,160
0,52,32,160
160,71,42,160
0,56,32,160
160,80,64,160
0,42,39,160
160,63,48,160
0,62,36,160
160,73,46,160
0,55,34,160
160,79,67,160
0,49,44,160
160,67,52,160
0,62,38,160
160,74,44,160
0,63,36,160
160,76,48,160
0,54,34,160
160,90,58,160
0,63,34,160
160,84,62,160
0,48,39,160
160,64,42,160
0,63,33,160
160,72,45,160
0,54,34,160
160,75,59,160
0,43,39,160
160,62,42,160
0,53,30,160
160,73,49,160
0,54,32,160
160,82,68,160
0,47,52,160
160,61,45,160
0,62,40,160
160,67,52,160
0,56,34,160
160,81,72,160
0,39,52,160
160,68,48,160
0,63,31,160
160,74,44,160
0,56,34,160
160,81,61,160
0,46,43,160
160,62,41,160
0,59,33,160
160,73,41,160
0,46,33,160
160,77,55,160
0,42,36,160
160,64,49,160
0,59,34,160
160,79,43,160
0,58,34,160
160,77,57,160
0,56,38,160
160,73,46,160
0,63,35,160
160,74,44,160
0,63,35,160
160,80,60,160
0,56,36,160
160,70,41,160
0,63,32,160
160,77,43,160
0,53,34,160
160,77,68,160
0,39,40,160
160,67,47,160
0,62,34,160
160,74,51,160
0,53,36,160
160,80,68,160
0,42,48,160
160,63,51,160
0,58,34,160
160,70,46,160
0,53,38,160
160,81,69,160
0,42,46,160
160,62,51,160
0,58,35,160
160,70,49,160
0,58,34,160
160,80,73,160
0,51,41,160
160,67,49,160
0,65,34,160
160,75,44,160
0,53,32,160
160,77,57,160
0,49,35,160
160,61,41,160
0,58,30,160
160,70,37,160
0,53,29,160
160,76,60,160
0,46,37,160
160,66,44,160
0,62,35,160
160,70,44,160
0,54,32,160
160,79,59,160
0,39,38,160
160,64,46,160
0,59,30,160
160,70,42,160
0,56,34,160
160,75,57,160
0,39,39,160
160,65,49,160
0,59,34,160
160,69,51,160
0,53,33,160
160,75,64,160
0,42,45,160
160,61,41,160
0,58,33,160
160,70,42,160
0,47,35,160
160,74,54,160
0,39,39,160
160,65,40,160
0,58,34,160
160,71,44,160
0,55,30,160
160,82,67,160
0,42,42,160
160,69,48,160
0,63,36,160
160,80,46,160
0,53,34,160
160,90,61,160
0,48,36,160
160,62,41,160
0,59,34,160
160,69,42,160
0,53,38,160
160,74,54,160
0,39,36,160
160,61,44,160
0,57,31,160
160,76,53,160
0,50,36,160
160,59,45,160
0,63,44,160
160,84,70,160
0,47,45,160
160,69,51,160
0,64,38,160
0,63,32,160
160,72,46,160
0,57,34,160
160,76,64,160
0,39,38,160
160,65,47,160
0,58,34,160
160,75,52,160
0,53,39,160
160,88,77,160
0,39,60,160
160,72,53,160
0,63,35,160
160,80,58,160
0,53,39,160
160,74,56,160
0,63,34,160
160,84,58,160
0,46,35,160
160,71,40,160
0,63,32,160
160,78,41,160
0,56,29,160
160,80,59,160
0,41,36,160
160,65,39,160
0,59,33,160
160,69,44,160
0,54,37,160
160,78,64,160
0,39,61,160
160,61,49,160
0,58,33,160
160,70,42,160
0,53,30,160
160,78,60,160
0,39,30,160
160,61,39,160
0,59,32,160
160,67,41,160
0,54,32,160
160,70,56,160
0,42,38,160
160,61,48,160
0,53,32,160
160,73,58,160
0,46,38,160
160,63,43,160
0,62,34,160
160,74,42,160
0,53,30,160
160,84,65,160
0,42,45,160
160,70,41,160
0,60,30,160
160,73,43,160
0,53,32,160
160,82,63,160
0,47,39,160
160,66,37,160
0,63,32,160
160,71,38,160
0,58,28,160
160,80,52,160
0,48,32,160
160,82,62,160
0,49,34,160
160,64,43,160
0,64,32,160
160,75,43,160
0,59,31,160
160,77,53,160
0,41,36,160
160,65,42,160
0,62,30,160
160,70,46,160
0,46,35,160
160,80,63,160
0,49,35,160
160,63,42,160
0,58,50,160
160,70,44,160
0,53,38,160
160,79,71,160
0,42,49,160
160,62,51,160
0,62,45,160
160,73,64,160
0,55,46,160
160,70,56,160
0,62,45,160
160,81,76,160
0,52,54,160
160,68,52,160
0,62,37,160
160,72,57,160
0,56,38,160
160,77,75,160
0,47,52,160
160,63,51,160
0,58,36,160
160,73,56,160
0,54,36,160
160,77,67,160
0,44,48,160
160,67,48,160
0,53,34,160
160,70,44,160
0,61,33,160
160,81,61,160
0,54,42,160
160,64,39,160
0,58,34,160
160,70,42,160
0,53,32,160
160,82,75,160
0,42,62,160
160,68,56,160
0,63,38,160
160,70,51,160
0,46,30,160
160,80,67,160
0,39,46,160
160,63,54,160
0,63,38,160
160,70,46,160
0,53,33,160
160,79,64,160
0,40,38,160
160,68,50,160
0,63,34,160
160,82,49,160
0,53,35,160
160,88,72,160
0,41,50,160
160,68,42,160
0,62,35,160
160,73,49,160
0,51,36,160
160,88,70,160
0,42,55,160
160,70,49,160
0,63,35,160
160,70,44,160
0,53,34,160
160,81,70,160
0,38,49,160
160,62,43,160
0,59,35,160
160,70,42,160
0,53,39,160
160,78,63,160
0,42,38,160
160,60,41,160
0,59,34,160
160,70,43,160
0,53,32,160
160,80,68,160
0,42,41,160
160,63,43,160
0,58,34,160
160,70,43,160
0,54,35,160
160,69,45,160
0,46,33,160
160,82,62,160
0,41,36,160
160,62,43,160
0,59,32,160
160,70,40,160
0,53,33,160
160,84,65,160
0,46,43,160
160,63,39,160
0,61,33,160
160,70,42,160
0,58,33,160
160,74,57,160
0,43,36,160
160,61,39,160
0,59,27,160
160,70,44,160
0,53,33,160
160,77,61,160
0,45,35,160
160,62,43,160
0,59,33,160
160,65,40,160
0,53,32,160
160,77,63,160
0,42,41,160
160,62,41,160
0,58,34,160
160,70,46,160
0,55,38,160
160,78,63,160
0,42,46,160
160,61,41,160
0,55,34,160
160,70,43,160
0,54,36,160
160,77,58,160
0,42,44,160
160,63,48,160
0,59,34,160
160,75,52,160
0,53,36,160
160,82,66,160
0,43,44,160
160,61,44,160
0,58,35,160
160,66,42,160
0,52,33,160
160,77,74,160
0,44,49,160
160,64,51,160
0,61,51,160
160,70,56,160
0,54,39,160
160,81,70,160
0,45,61,160
160,71,52,160
0,63,35,160
160,79,47,160
0,59,33,160
160,91,75,160
0,42,46,160
160,79,62,160
0,65,43,160
160,81,68,160
0,46,52,160
160,75,72,160
0,57,54,160
160,77,70,160
0,54,44,160
160,68,55,160
0,75,45,160
160,72,47,160
0,62,32,160
160,77,53,160
0,54,34,160
160,77,58,160
0,44,38,160
160,64,39,160
0,61,29,120
160,71,36,160
0,46,29,160
160,77,58,160
0,39,38,160
160,61,40,160
0,58,32,160
160,71,44,160
0,58,31,160
160,81,63,160
0,43,5,160