0,70,80,960
960,70,74,120
240,70,70,120
240,70,79,960
960,70,75,120
240,70,69,120
240,70,78,480
480,70,72,120
240,70,67,120
240,70,74,480
480,70,69,120
240,70,66,120
240,70,73,480
480,70,59,120
240,70,59,120
240,70,72,480
0,46,40,240
480,74,60,260
0,68,47,360
0,65,47,360
0,58,47,360
240,75,49,260
240,74,57,360
0,77,57,360
0,68,51,360
0,65,51,360
0,58,51,360
480,70,67,240
0,51,40,240
480,75,64,260
0,67,46,360
0,63,46,360
0,58,46,360
240,77,48,260
240,75,56,360
0,79,56,360
0,67,50,360
0,63,50,360
0,58,50,360
480,70,72,240
0,50,44,240
480,77,67,260
0,68,54,360
0,65,54,360
0,58,54,360
240,79,52,260
240,77,75,360
0,80,75,360
0,68,59,360
0,65,59,360
0,58,59,360
480,82,82,960
0,79,82,960
0,73,69,960
0,51,69,240
480,67,62,240
0,61,62,240
0,58,62,240
480,82,68,240
0,79,68,240
0,73,57,240
0,52,70,480
240,82,58,240
0,79,58,240
0,73,49,240
240,82,63,480
0,73,63,960
0,79,63,980
0,53,36,240
480,84,52,260
0,65,33,240
0,56,33,240
240,82,48,260
240,72,54,240
0,80,54,240
0,44,37,240
480,80,67,500
0,71,67,960
0,46,58,240
480,82,47,260
0,63,31,360
0,55,31,360
240,80,44,260
240,70,54,240
0,79,54,240
0,63,44,240
0,55,44,240
480,79,66,500
0,70,66,960
0,46,37,240
480,80,59,260
0,62,38,360
0,53,38,360
240,79,53,260
240,68,59,240
0,77,59,240
0,62,45,240
0,58,45,240
480,77,64,500
0,68,64,960
0,51,28,1440
480,79,60,260
0,63,35,360
0,58,35,360
240,77,49,260
240,75,53,240
0,67,53,240
0,63,57,240
0,58,57,240
480,70,65,240
0,46,61,240
480,74,49,260
0,68,32,360
0,65,32,360
0,58,32,360
240,75,60,260
240,74,63,360
0,77,63,360
0,68,32,360
0,65,32,360
0,58,32,360
480,70,69,240
0,51,43,240
480,75,68,260
0,67,37,360
0,63,37,360
0,58,37,360
240,77,64,260
240,75,73,360
0,79,73,360
0,67,48,360
0,63,48,360
0,58,48,360
480,70,76,240
0,50,60,240
480,77,72,260
0,68,62,360
0,65,62,360
0,58,62,360
240,79,62,260
240,77,75,360
0,80,75,360
0,68,66,360
0,65,66,360
0,58,66,360
480,82,89,720
0,79,89,720
0,73,75,720
0,51,61,240
480,67,42,240
0,61,42,240
0,58,42,240
240,79,74,240
0,82,74,240
240,73,80,480
0,52,32,480
240,82,73,240
0,79,73,240
240,73,64,960
0,53,43,240
240,82,72,260
240,84,64,260
0,65,49,240
0,56,49,240
240,82,58,260
240,72,54,240
0,80,54,240
0,44,37,240
480,71,65,960
0,46,43,240
240,80,69,260
240,82,65,260
0,63,31,480
0,55,31,480
240,80,63,260
240,70,51,240
0,79,51,240
0,63,41,240
0,55,41,240
480,70,63,960
0,46,33,240
240,79,46,260
240,80,58,260
0,62,40,480
0,53,40,480
240,79,45,260
240,68,50,480
0,77,50,480
0,62,27,480
0,58,27,960
480,67,59,240
0,75,59,240
0,51,44,480
0,63,44,480
480,70,57,120
240,70,50,120
240,70,56,120
240,70,58,120
240,70,78,480
0,46,26,240
480,74,65,260
0,68,38,360
0,65,38,360
0,58,38,360
240,75,57,260
240,74,66,360
0,77,66,360
0,68,34,360
0,65,34,360
0,58,34,360
480,70,69,240
0,51,34,240
480,75,66,260
0,67,46,360
0,63,46,360
0,58,46,360
240,77,56,260
240,75,73,360
0,79,73,360
0,67,57,360
0,63,57,360
0,58,57,360
480,70,77,240
0,50,71,240
480,77,75,260
0,68,52,360
0,65,52,360
0,58,52,360
240,79,58,260
240,77,75,360
0,80,75,360
0,68,56,360
0,65,56,360
0,58,56,360
480,82,85,960
0,79,85,960
0,73,72,960
0,51,62,240
480,67,56,240
0,61,56,240
0,58,56,240
480,82,69,240
0,79,69,240
0,73,58,240
0,52,37,480
240,82,47,240
0,79,47,240
0,73,39,240
240,82,65,500
0,73,65,960
0,79,65,960
0,53,40,240
480,84,53,260
0,65,34,240
0,56,34,240
240,82,49,260
240,72,51,240
0,80,51,240
0,44,38,240
480,80,68,500
0,71,68,960
0,46,31,240
480,82,47,260
0,63,33,480
0,55,33,480
240,80,46,260
240,70,53,240
0,79,53,240
0,63,43,240
0,55,43,240
480,79,68,500
0,70,68,960
0,46,50,240
480,80,51,260
0,62,37,480
0,53,37,480
240,79,49,260
240,68,61,240
0,77,61,240
0,62,27,240
0,58,27,240
480,77,74,500
0,68,74,960
0,51,33,1440
480,79,69,260
0,63,36,480
0,58,36,480
240,77,53,260
240,75,68,240
0,67,68,240
0,63,42,240
0,58,42,240
480,70,70,240
0,46,58,240
480,74,68,260
0,68,47,360
0,65,47,360
0,58,47,360
240,75,60,260
240,74,63,360
0,77,63,360
0,68,44,360
0,65,44,360
0,58,44,360
480,70,72,240
0,51,49,240
480,75,65,260
0,67,43,360
0,63,43,360
0,58,43,360
240,77,60,260
240,75,68,360
0,79,68,360
0,67,64,360
0,63,64,360
0,58,64,360
480,70,76,240
0,50,67,240
480,77,77,260
0,68,49,360
0,65,49,360
0,58,49,360
240,79,70,260
240,77,77,360
0,80,77,360
0,68,61,360
0,65,61,360
0,58,61,360
480,82,84,720
0,79,84,720
0,73,71,720
0,51,65,240
480,67,48,240
0,61,48,240
0,58,48,240
240,79,72,240
0,82,72,240
240,73,80,480
0,52,49,480
240,82,65,240
0,79,65,240
240,73,67,960
0,53,44,240
240,82,58,260
240,84,48,260
0,65,33,240
0,56,33,240
240,82,60,260
240,72,54,240
0,80,54,240
0,44,28,240
480,71,70,960
0,46,26,240
240,80,69,260
240,82,45,260
0,63,34,360
0,55,34,360
240,80,65,260
240,70,55,240
0,79,55,240
0,63,38,240
0,55,38,240
480,70,65,960
0,46,30,240
240,79,50,260
240,80,44,260
0,62,36,480
0,53,36,480
240,79,62,260
240,68,57,480
0,77,57,480
0,62,24,480
0,58,24,480
480,67,48,240
0,75,48,240
0,51,30,960
480,75,53,120
0,63,45,480
0,55,45,480
240,75,64,120
240,75,67,120
0,51,52,480
0,61,52,480
0,55,52,480
240,75,69,120
240,75,75,120
0,44,25,480
240,75,64,120
240,75,75,120
0,60,33,360
0,56,33,360
0,51,33,360
240,75,74,120
240,75,69,120
0,60,41,360
0,56,41,360
0,51,41,360
240,75,69,120
240,77,65,260
0,44,33,480
240,75,58,260
240,72,56,260
0,60,33,360
0,56,33,360
0,51,33,360
240,68,49,260
240,63,49,240
0,51,37,360
0,56,37,360
0,60,37,360
240,64,51,240
240,65,58,120
0,44,37,480
240,65,51,120
240,65,55,120
0,59,26,360
0,56,26,360
0,50,26,360
240,65,51,120
240,65,54,120
0,50,32,360
0,56,32,360
0,59,32,360
240,65,58,120
240,63,61,260
0,44,38,480
240,68,53,260
240,72,48,260
0,60,29,360
0,56,29,360
0,51,29,360
240,75,64,260
240,80,61,260
0,60,48,360
0,56,48,360
0,51,48,360
240,76,52,240
240,77,52,120
0,50,55,480
240,77,44,120
240,77,68,120
0,65,24,360
0,59,24,360
0,56,24,360
240,77,60,120
240,77,53,120
0,65,36,360
0,59,36,360
0,56,36,360
240,77,73,120
240,77,77,180
0,51,44,480
160,79,55,180
160,77,55,180
160,75,65,260
0,60,32,360
0,63,32,360
0,68,32,360
240,80,57,260
240,84,51,240
0,60,42,240
0,63,42,240
0,68,42,240
480,89,66,500
0,51,20,480
480,87,51,260
0,61,20,360
0,63,20,360
0,67,20,360
240,85,45,260
240,79,50,240
0,61,30,240
0,63,30,240
0,67,30,240
480,82,58,500
0,56,34,480
480,80,43,260
0,68,23,480
0,63,23,480
0,60,23,480
240,75,44,260
240,72,38,240
0,60,38,240
0,63,38,240
0,68,38,240
480,75,48,120
0,44,34,480
240,75,44,120
240,75,65,120
0,60,31,360
0,56,31,360
0,51,31,360
240,75,69,120
240,75,63,120
0,60,49,360
0,56,49,360
0,51,49,360
240,75,71,120
240,77,61,260
0,44,47,480
240,75,59,260
240,72,52,260
0,60,35,360
0,56,35,360
0,51,35,360
240,68,52,260
240,63,47,240
0,51,52,360
0,56,52,360
0,60,52,360
240,64,55,240
240,65,57,120
0,44,40,480
240,65,47,120
240,65,59,120
0,59,35,360
0,56,35,360
0,50,35,360
240,65,55,120
240,65,61,120
0,50,31,360
0,56,31,360
0,59,31,360
240,65,63,120
240,63,58,260
0,44,38,480
240,68,54,260
240,72,50,260
0,60,30,360
0,56,30,360
0,51,30,360
240,75,43,260
240,80,52,260
0,60,36,480
0,56,36,480
0,51,36,480
240,76,47,240
240,77,58,120
0,50,38,480
240,77,50,120
240,77,61,120
0,65,33,360
0,59,33,360
0,56,33,360
240,77,57,120
240,77,65,120
0,65,36,360
0,59,36,360
0,56,36,360
240,77,65,120
240,77,75,180
0,51,44,480
160,79,55,180
160,77,55,180
160,75,66,260
0,60,29,360
0,63,29,360
0,68,29,360
240,80,64,260
240,84,60,240
0,60,44,240
0,63,44,240
0,68,44,240
480,89,67,500
0,51,27,480
480,87,52,260
0,61,32,360
0,63,32,360
0,67,32,360
240,85,48,260
240,79,52,240
0,61,37,240
0,63,37,240
0,67,37,240
480,80,65,960
0,56,44,1440
480,60,35,480
0,68,35,480
480,72,55,80
0,65,47,480
0,68,47,480
80,74,49,80
80,72,65,80
80,74,53,80
80,72,67,80
80,71,56,80
80,70,87,500
0,58,86,480
0,46,86,480
480,74,62,260
0,68,55,360
0,65,55,360
0,58,55,360
240,75,62,260
240,74,67,360
0,77,67,360
0,68,65,360
0,65,65,360
0,58,65,360
480,70,85,240
0,51,74,480
480,75,73,260
0,67,57,360
0,63,57,360
0,58,57,360
240,77,69,260
240,75,76,360
0,79,76,360
0,67,62,360
0,63,62,360
0,58,62,360
480,70,87,240
0,50,65,480
480,77,73,260
0,68,56,360
0,65,56,360
0,58,56,360
240,79,68,260
240,77,83,360
0,80,83,360
0,68,69,360
0,65,69,360
0,58,69,360
480,82,77,960
0,79,77,960
0,73,65,960
0,51,61,240
480,67,61,240
0,61,61,240
0,58,61,240
480,82,75,240
0,79,75,240
0,73,63,240
0,52,38,240
240,82,69,240
0,79,69,240
0,73,58,240
240,82,70,500
0,73,59,960
0,79,70,960
0,53,38,240
480,84,59,260
0,65,41,240
0,56,41,240
240,82,50,260
240,72,53,240
0,80,53,240
0,44,36,240
480,80,69,500
0,71,69,960
0,46,31,240
480,82,47,260
0,63,27,480
0,55,27,480
240,80,46,260
240,70,52,240
0,79,52,240
0,63,41,240
0,55,41,240
480,79,66,500
0,70,66,960
0,46,39,240
480,80,53,260
0,62,26,480
0,53,26,480
240,79,47,260
240,68,56,240
0,77,56,240
0,62,34,240
0,58,34,240
480,77,64,500
0,68,64,960
0,51,23,1440
480,79,52,260
0,63,33,360
0,58,33,360
240,77,48,260
240,75,53,240
0,67,53,240
0,63,53,240
0,58,53,240
480,70,44,240
0,46,37,240
240,74,46,240
240,75,57,240
0,68,32,360
0,65,32,360
0,58,32,360
240,76,44,240
240,74,56,360
0,77,56,360
0,68,35,360
0,65,35,360
0,58,35,360
480,70,65,240
0,51,41,240
240,74,63,240
240,75,57,240
0,67,45,360
0,63,45,360
0,58,45,360
240,77,51,240
240,75,64,360
0,79,64,360
0,67,41,360
0,63,41,360
0,58,41,360
480,70,68,240
0,50,52,240
240,76,73,240
240,77,70,240
0,68,67,360
0,65,67,360
0,58,67,360
240,79,64,240
240,77,80,360
0,80,80,360
0,68,56,360
0,65,56,360
0,58,56,360
480,82,74,720
0,79,74,720
0,73,62,720
0,51,66,240
480,67,54,240
0,61,54,240
0,58,54,240
240,79,44,240
0,82,44,240
240,73,62,480
0,52,42,480
240,82,52,240
0,79,52,240
240,73,48,960
0,53,20,240
240,82,56,260
240,84,54,260
0,65,32,240
0,56,32,240
240,82,51,260
240,72,56,240
0,80,56,240
0,44,30,240
480,71,47,960
0,46,37,240
240,80,51,260
240,82,54,260
0,63,29,360
0,55,29,360
240,80,50,260
240,70,50,240
0,79,50,240
0,63,34,240
0,55,34,240
480,70,63,960
0,46,33,240
240,79,46,260
240,80,59,260
0,62,33,480
0,53,33,480
240,79,54,260
240,68,50,480
0,77,50,480
0,62,41,480
0,58,41,960
480,67,45,240
0,75,45,240
0,63,36,480
0,51,36,480
480,75,59,120
240,75,52,120
240,75,61,120
0,51,32,480
0,61,32,480
0,55,32,480
240,75,57,120
240,75,64,120
0,44,27,480
240,75,67,120
240,75,70,120
0,60,27,360
0,56,27,360
0,51,27,360
240,75,64,120
240,75,71,120
0,60,44,360
0,56,44,360
0,51,44,360
240,75,67,120
240,77,61,240
0,44,39,480
240,75,57,240
240,72,50,240
0,60,35,360
0,56,35,360
0,51,35,360
240,68,56,240
240,63,51,240
0,51,33,360
0,56,33,360
0,60,33,360
240,64,55,240
240,65,68,120
0,44,47,480
240,65,62,120
240,65,62,120
0,59,29,360
0,56,29,360
0,50,29,360
240,65,53,120
240,65,55,120
0,50,29,360
0,56,29,360
0,59,29,360
240,65,62,120
240,63,68,240
0,44,43,480
240,68,55,240
240,72,50,240
0,60,31,360
0,56,31,360
0,51,31,360
240,75,58,240
240,80,59,240
0,60,38,360
0,56,38,360
0,51,38,360
240,76,56,240
240,77,41,120
0,50,44,480
240,77,63,120
240,77,61,120
0,65,29,360
0,59,29,360
0,56,29,360
240,77,63,120
240,77,58,120
0,65,40,360
0,59,40,360
0,56,40,360
240,77,54,120
240,77,58,160
0,51,45,480
160,79,52,160
160,77,52,160
160,75,55,240
0,60,31,480
0,63,31,480
0,68,31,480
240,80,68,240
240,84,49,240
0,60,50,240
0,63,50,240
0,68,50,240
480,89,55,480
0,51,40,480
480,87,55,240
0,61,35,360
0,63,35,360
0,67,35,360
240,85,51,240
240,79,55,240
0,61,37,240
0,63,37,240
0,67,37,240
480,82,60,480
0,56,45,1440
480,80,58,240
0,68,37,360
0,63,37,360
0,60,37,360
240,75,50,240
240,72,38,240
0,60,45,240
0,63,45,240
0,68,45,240
480,75,48,120
0,44,27,480
240,75,55,120
240,75,66,120
0,60,34,360
0,56,34,360
0,51,34,360
240,75,73,120
240,75,69,120
0,60,41,360
0,56,41,360
0,51,41,360
240,75,64,120
240,77,53,240
0,44,33,480
240,75,61,240
240,72,50,240
0,60,37,360
0,56,37,360
0,51,37,360
240,68,40,240
240,63,48,240
0,51,37,360
0,56,37,360
0,60,37,360
240,64,43,240
240,65,43,120
0,44,35,480
240,65,50,120
240,65,53,120
0,59,35,360
0,56,35,360
0,50,35,360
240,65,56,120
240,65,46,120
0,50,35,360
0,56,35,360
0,59,35,360
240,65,43,120
240,63,48,240
0,44,38,480
240,68,48,240
240,72,45,240
0,60,28,360
0,56,28,360
0,51,28,360
240,75,61,240
240,80,52,240
0,60,41,360
0,56,41,360
0,51,41,360
240,76,45,240
240,77,50,120
0,50,32,480
240,77,45,120
240,77,60,120
0,65,25,360
0,59,25,360
0,56,25,360
240,77,65,120
240,77,66,120
0,65,31,360
0,59,31,360
0,56,31,360
240,77,51,120
240,77,70,160
0,51,33,1440
160,79,55,160
160,77,48,160
160,75,55,240
0,60,25,360
0,63,25,360
0,56,25,360
240,80,51,240
240,84,46,240
0,60,33,240
0,63,33,240
0,56,33,240
480,89,55,480
0,51,44,1440
480,87,42,240
0,61,25,360
0,63,25,360
0,67,25,360
240,85,39,240
240,79,47,240
0,61,25,240
0,63,25,240
0,67,25,240
480,80,57,960
0,44,17,480
480,51,24,480
0,60,24,480
480,68,55,480
480,75,62,980
0,78,62,980
0,44,34,240
480,60,44,500
0,51,44,500
480,71,48,500
0,74,48,500
0,66,37,480
0,56,37,480
480,72,48,240
0,75,48,240
0,44,37,240
480,68,50,120
0,60,29,500
0,51,29,500
240,68,42,120
240,68,56,480
0,66,29,480
0,56,29,480
480,78,60,980
0,82,60,980
0,49,37,240
480,53,34,500
0,61,34,500
480,76,48,500
0,79,48,500
0,65,41,480
0,56,41,480
480,77,49,240
0,80,49,240
0,49,31,240
480,68,49,120
0,61,26,500
0,53,26,500
240,68,42,120
240,68,55,480
0,65,32,480
0,56,32,480
480,75,58,980
0,78,58,980
0,44,40,240
480,60,35,500
0,51,35,500
480,71,44,500
0,74,44,500
0,66,41,480
0,56,41,480
480,72,48,240
0,75,48,240
0,44,37,240
480,68,51,120
0,60,25,500
0,51,25,500
240,68,43,120
240,68,52,480
0,56,37,480
0,66,37,480
480,70,53,480
0,78,53,480
0,49,35,1440
480,68,45,480
0,77,45,480
0,56,37,480
480,66,49,480
0,75,49,480
0,60,18,480
480,65,47,240
0,73,47,240
0,61,29,240
0,49,29,240
480,68,40,120
0,53,36,500
0,61,36,500
240,68,36,120
240,68,40,480
0,65,36,480
0,56,36,480
480,75,47,980
0,78,47,980
0,44,36,240
480,60,31,500
0,51,31,500
480,71,42,500
0,74,42,500
0,66,39,480
0,56,39,480
480,72,42,240
0,75,42,240
0,44,40,240
480,68,44,120
0,60,36,500
0,51,36,500
240,68,39,120
240,68,53,480
0,66,32,480
0,56,32,480
480,78,64,980
0,82,64,980
0,37,45,240
480,53,30,500
0,61,30,500
480,76,52,500
0,79,52,500
0,65,53,480
0,56,53,480
480,77,52,240
0,80,52,240
0,49,32,240
480,68,45,120
0,61,44,500
0,53,44,500
240,68,36,120
240,68,55,480
0,65,39,480
0,56,39,480
480,80,63,240
0,42,38,240
480,70,63,480
0,62,43,500
0,54,43,500
240,80,49,240
240,78,56,1200
0,75,56,960
0,63,37,480
0,58,37,480
480,44,37,240
480,68,53,480
0,60,30,500
0,53,30,500
240,78,46,240
240,73,50,960
0,77,50,1200
0,61,46,480
0,56,46,480
480,44,33,240
480,66,40,480
0,60,30,480
0,56,30,480
0,51,30,480
240,77,40,240
240,66,38,480
0,75,38,480
0,60,36,480
0,56,36,480
0,51,36,480
480,65,36,480
0,73,36,480
0,61,45,480
0,56,45,480
0,49,45,480
480,68,43,120
240,68,35,120
240,68,43,480
480,75,48,980
0,78,48,980
0,44,47,240
480,60,44,500
0,51,44,500
480,71,45,500
0,74,45,500
0,66,49,480
0,56,49,480
480,72,45,240
0,75,45,240
0,44,42,240
480,68,47,120
0,60,39,500
0,51,39,500
240,68,42,120
240,68,56,480
0,66,39,480
0,56,39,480
480,78,60,980
0,82,60,980
0,49,51,240
480,53,45,500
0,61,45,500
480,76,48,500
0,79,48,500
0,65,50,480
0,56,50,480
480,77,49,240
0,80,49,240
0,49,52,240
480,68,47,120
0,61,37,500
0,53,37,500
240,68,40,120
240,68,55,480
0,65,34,480
0,56,34,480
480,75,58,980
0,78,58,980
0,44,45,240
480,60,34,500
0,51,34,500
480,71,44,500
0,74,44,500
0,66,41,480
0,56,41,480
480,72,48,240
0,75,48,240
0,44,43,240
480,68,44,120
0,60,28,500
0,51,28,500
240,68,39,120
240,68,52,480
0,56,43,480
0,66,43,480
480,70,53,480
0,78,53,480
0,49,44,1440
480,68,46,480
0,77,46,480
0,56,40,480
480,66,49,480
0,75,49,480
0,60,28,480
480,65,47,240
0,73,47,240
0,61,29,240
0,49,29,240
480,68,40,120
0,53,35,480
0,61,35,480
240,68,33,120
240,68,40,480
0,65,35,480
0,56,35,480
480,75,47,980
0,78,47,980
0,44,35,240
480,60,38,500
0,51,38,500
480,71,42,500
0,74,42,500
0,66,40,480
0,56,40,480
480,72,42,240
0,75,42,240
0,44,61,240
480,68,37,120
0,60,49,500
0,51,49,500
240,68,29,120
240,68,53,480
0,66,57,480
0,56,57,480
480,78,64,980
0,82,64,980
0,37,61,240
480,53,47,500
0,61,47,500
480,76,52,500
0,79,52,500
0,65,57,480
0,56,57,480
480,77,52,240
0,80,52,240
0,49,53,240
480,68,45,120
0,61,40,480
0,53,40,480
240,68,41,120
240,68,55,480
0,65,48,480
0,56,48,480
480,80,63,240
0,42,49,240
480,70,63,480
0,62,43,500
0,54,43,500
240,80,49,240
240,78,56,1200
0,75,56,960
0,63,48,480
0,58,48,480
480,44,42,240
480,68,53,480
0,60,28,500
0,53,28,500
240,78,46,240
240,73,50,960
0,77,50,1200
0,61,41,480
0,56,41,480
480,44,43,240
480,66,40,480
0,60,29,480
0,56,29,480
0,51,29,480
240,77,40,240
240,66,38,480
0,75,38,480
0,60,46,480
0,56,46,480
0,51,46,480
480,65,36,480
0,73,36,480
0,61,46,480
0,56,46,480
0,49,46,480
960,65,77,240
0,77,77,240
0,49,67,240
0,56,67,240
0,61,67,240
420,77,69,60
60,67,82,240
0,75,82,240
0,61,73,240
0,58,62,240
0,51,62,240
480,67,68,240
420,77,55,60
60,67,67,240
0,75,67,240
0,61,67,240
0,58,67,240
0,51,67,240
480,67,81,240
0,61,73,240
0,58,62,240
0,51,62,240
420,77,59,60
60,67,69,240
0,75,69,240
480,67,66,240
0,61,52,240
0,58,52,240
0,51,52,240
480,68,59,240
0,44,36,480
240,72,47,240
240,75,53,240
0,60,32,480
0,56,32,480
0,51,32,480
240,80,53,240
240,84,59,240
0,60,37,240
0,56,37,240
0,51,37,240
480,80,63,160
0,44,38,480
160,82,44,160
160,80,51,160
160,77,36,240
0,59,39,480
0,56,39,480
0,50,39,240
240,74,58,240
0,53,29,240
240,75,63,240
0,51,50,240
0,56,50,240
0,60,50,240
420,77,64,60
60,67,78,240
0,75,78,240
0,61,76,240
0,58,64,240
0,51,64,240
480,67,60,240
420,77,53,60
60,67,71,240
0,75,71,240
0,61,63,240
0,58,63,240
0,51,63,240
480,67,81,240
0,61,68,240
0,58,57,240
0,51,57,240
420,77,51,60
60,67,72,240
0,75,72,240
480,67,72,240
0,61,45,240
0,58,45,240
0,51,45,240
480,63,64,160
0,39,40,480
160,65,52,160
160,63,60,160
160,62,44,240
0,61,39,480
0,55,39,480
240,63,54,240
240,72,58,240
0,51,37,480
0,61,37,480
240,70,53,240
240,68,48,60
0,44,48,480
60,70,41,60
60,68,64,120
120,67,49,240
240,68,71,240
0,56,36,480
0,60,36,480
240,70,66,240
240,72,77,240
0,51,45,480
0,60,45,480
240,73,56,180
180,77,69,60
60,67,85,240
0,75,85,240
0,61,72,240
0,58,61,240
0,51,61,240
480,67,63,240
420,77,57,60
60,67,70,240
0,75,70,240
0,61,64,240
0,58,64,240
0,51,64,240
480,67,86,240
0,61,73,240
0,58,62,240
0,51,62,240
420,77,67,60
60,67,74,240
0,75,74,240
480,67,65,240
0,61,51,240
0,58,51,240
0,51,51,240
480,68,57,240
0,44,46,480
240,72,38,240
240,75,43,240
0,60,35,480
0,56,35,480
0,51,35,480
240,80,53,240
240,84,57,240
0,60,42,240
0,56,42,240
0,51,42,240
480,80,67,160
0,44,49,480
160,82,52,160
160,80,58,160
160,77,64,240
0,59,44,480
0,56,44,480
0,50,44,240
240,74,50,240
0,53,29,240
240,75,68,240
0,51,51,240
0,56,51,240
0,60,51,240
420,77,67,60
60,67,81,240
0,75,81,240
0,61,68,240
0,58,57,240
0,51,57,240
480,67,72,240
420,77,67,60
60,67,72,240
0,75,72,240
0,61,63,240
0,58,63,240
0,51,63,240
480,67,86,240
0,61,71,240
0,58,71,240
0,51,60,240
420,77,64,60
60,67,72,240
0,75,72,240
480,67,63,240
0,61,36,240
0,58,36,240
0,51,36,240
480,68,45,60
0,60,45,480
0,56,45,480
60,70,37,60
60,68,46,120
120,67,39,240
240,68,58,240
240,70,53,240
240,72,58,240
240,73,54,240
240,75,60,240
240,77,57,240
240,78,67,240
240,79,59,240
240,82,68,360
360,80,47,120
120,75,55,980
0,78,55,980
0,44,38,240
480,60,44,500
0,51,44,500
480,71,48,500
0,74,48,500
0,66,36,480
0,56,36,480
480,72,48,240
0,75,48,240
0,44,43,240
480,68,43,120
0,60,35,500
0,51,35,500
240,68,37,120
240,68,56,480
0,66,39,480
0,56,39,480
480,78,60,980
0,82,60,980
0,37,51,240
480,53,37,500
0,61,37,500
480,76,48,500
0,79,48,500
0,65,45,480
0,56,45,480
480,77,49,240
0,80,49,240
0,49,37,240
480,68,42,120
0,61,40,500
0,53,40,500
240,68,35,120
240,68,55,480
0,65,39,480
0,56,39,480
480,75,58,980
0,78,58,980
0,44,38,240
480,60,45,500
0,51,45,500
480,71,44,500
0,74,44,500
0,66,45,480
0,56,45,480
480,72,48,240
0,75,48,240
0,44,44,240
480,68,44,120
0,60,42,500
0,51,42,500
240,68,44,120
240,68,52,480
0,56,34,480
0,66,34,480
480,70,53,480
0,78,53,480
0,49,38,1440
480,68,51,480
0,77,51,480
0,56,46,480
480,66,49,480
0,75,49,480
0,60,45,480
480,65,47,240
0,73,47,240
0,61,43,240
0,49,43,240
480,68,40,120
0,53,36,480
0,61,36,480
240,68,37,120
240,68,40,480
0,65,36,480
0,56,36,480
480,75,47,980
0,78,47,980
0,44,33,240
480,60,38,500
0,51,38,500
480,71,42,500
0,74,42,500
0,66,35,480
0,56,35,480
480,72,42,240
0,75,42,240
0,44,43,240
480,68,37,120
0,60,35,500
0,51,35,500
240,68,35,120
240,68,53,480
0,66,39,480
0,56,39,480
480,78,64,980
0,82,64,980
0,37,48,240
480,53,38,500
0,61,38,500
480,76,52,500
0,79,52,500
0,65,47,480
0,56,47,480
480,77,52,240
0,80,52,240
0,49,52,240
480,68,45,120
0,61,40,500
0,53,40,500
240,68,36,120
240,68,55,480
0,65,39,480
0,56,39,480
480,80,63,240
0,42,46,240
480,70,63,480
0,62,37,500
0,54,37,500
240,80,49,240
240,78,56,1200
0,75,56,960
0,63,43,480
0,58,43,480
480,44,35,240
480,68,53,480
0,60,40,500
0,53,40,500
240,78,46,240
240,73,50,960
0,77,50,1200
0,61,41,480
0,56,41,480
480,44,33,240
480,66,40,480
0,60,36,480
0,56,36,480
0,51,36,480
240,77,40,240
240,66,38,480
0,75,38,480
0,60,30,480
0,56,30,480
0,51,30,480
480,65,36,240
0,73,36,240
0,61,42,240
0,56,42,240
0,49,42,240
480,61,52,120
240,61,52,120
240,61,52,480
480,65,72,240
0,68,72,240
0,37,61,240
480,59,43,480
0,56,43,480
0,49,43,480
480,65,69,240
0,68,69,240
0,49,51,480
0,56,51,480
0,59,51,480
480,68,66,60
0,37,65,240
60,70,66,60
60,65,72,120
0,68,72,120
360,59,56,480
0,56,56,480
0,49,56,480
240,63,60,240
0,66,60,240
240,65,72,480
0,68,72,480
0,49,57,480
0,56,57,480
0,59,57,480
480,66,76,240
0,70,76,240
0,42,63,240
480,58,45,480
0,54,45,480
0,49,45,480
480,70,81,240
0,73,81,240
0,49,45,240
0,54,45,240
0,58,45,240
480,70,87,1440
0,78,87,1440
0,42,55,240
480,50,41,480
0,58,41,480
480,51,46,480
0,58,46,480
480,68,58,240
0,77,58,240
0,44,35,240
480,60,32,480
0,56,32,480
0,51,32,480
240,75,54,120
240,66,58,480
0,75,58,480
0,60,37,480
0,56,37,480
0,51,37,480
480,68,60,240
0,77,60,240
0,44,45,240
480,60,38,480
0,56,38,480
0,51,38,480
240,75,50,120
240,66,56,480
0,75,56,480
0,51,38,480
0,56,38,480
0,60,38,480
480,68,60,240
0,77,60,240
0,44,49,240
480,60,35,480
0,56,35,480
0,51,35,480
240,75,51,120
240,66,57,480
0,75,57,480
0,51,40,480
0,56,40,480
0,60,40,480
480,64,68,240
0,72,68,240
0,49,34,1440
480,61,38,480
0,56,38,480
240,73,56,120
240,65,62,480
0,73,62,480
0,61,35,480
0,56,35,480
480,77,86,240
0,80,86,240
0,49,60,240
480,71,45,480
0,68,45,480
0,61,45,480
240,80,72,120
0,77,72,120
240,77,80,480
0,80,80,480
0,61,54,480
0,68,54,480
0,71,54,480
480,80,77,60
0,49,63,240
60,82,78,60
60,77,86,120
0,80,86,120
360,61,45,480
0,68,45,480
0,71,45,480
240,75,80,240
0,78,80,240
240,77,80,480
0,80,80,480
0,71,48,480
0,68,48,480
0,61,48,480
480,82,88,240
0,78,88,240
0,54,50,240
480,70,49,480
0,66,49,480
0,61,49,480
480,85,88,240
0,82,88,240
0,61,55,240
0,66,55,240
0,70,55,240
480,90,94,1440
0,82,94,1440
0,54,46,240
480,62,43,480
0,70,43,480
480,63,43,480
0,70,43,480
480,89,58,240
0,80,58,240
0,56,49,240
480,63,42,480
0,68,42,480
0,72,42,480
240,87,48,120
240,78,56,480
0,87,56,480
0,72,36,480
0,68,36,480
0,63,36,480
480,89,59,240
0,80,59,240
0,56,44,240
480,72,36,480
0,68,36,480
0,63,36,480
240,87,55,120
240,78,55,480
0,87,55,480
0,63,36,480
0,68,36,480
0,72,36,480
480,80,59,240
0,89,59,240
0,56,43,240
480,72,32,480
0,68,32,480
0,63,32,480
240,87,50,120
240,78,55,480
0,87,55,480
0,63,38,480
0,68,38,480
0,72,38,480
480,85,59,480
0,77,59,480
0,61,38,480
0,68,38,480
0,73,38,480
960,61,67,480
480,65,72,240
0,68,72,240
0,37,59,240
480,59,49,480
0,56,49,480
0,49,49,480
480,65,69,240
0,68,69,240
0,49,55,240
0,56,55,240
0,59,55,240
480,68,66,60
0,37,58,240
60,70,66,60
60,65,72,120
0,68,72,120
360,59,50,480
0,56,50,480
0,49,50,480
240,63,68,240
0,66,68,240
240,65,72,480
0,68,72,480
0,49,54,480
0,56,54,480
0,59,54,480
480,66,76,240
0,70,76,240
0,42,54,240
480,58,51,480
0,54,51,480
0,49,51,480
480,70,81,240
0,73,81,240
0,49,54,240
0,54,54,240
0,58,54,240
480,70,87,1440
0,78,87,1440
0,42,63,240
480,50,51,480
0,58,51,480
480,51,54,480
0,58,54,480
480,68,61,240
0,77,61,240
0,44,45,240
480,60,34,480
0,56,34,480
0,51,34,480
240,75,52,120
240,66,56,480
0,75,56,480
0,60,37,480
0,56,37,480
0,51,37,480
480,68,60,240
0,77,60,240
0,44,45,240
480,60,34,480
0,56,34,480
0,51,34,480
240,75,52,120
240,66,56,480
0,75,56,480
0,51,38,480
0,56,38,480
0,60,38,480
480,68,60,240
0,77,60,240
0,44,49,240
480,60,36,480
0,56,36,480
0,51,36,480
240,75,55,120
240,66,57,480
0,75,57,480
0,51,40,480
0,56,40,480
0,60,40,480
480,64,68,8
0,72,68,240
0,49,52,1440
480,61,45,480
0,56,45,480
240,73,58,120
240,65,62,480
0,73,62,480
0,61,45,480
0,56,45,480
480,77,86,240
0,80,86,240
0,49,60,240
480,71,50,480
0,68,50,480
0,61,50,480
240,80,80,120
0,77,80,120
240,77,80,480
0,80,80,480
0,61,56,480
0,68,56,480
0,71,56,480
480,80,77,60
0,49,60,240
60,82,78,60
60,77,86,120
0,80,86,120
360,61,47,480
0,68,47,480
0,71,47,480
240,75,75,240
0,78,75,240
240,77,80,480
0,80,80,480
0,71,53,480
0,68,53,480
0,61,53,480
480,82,88,240
0,78,88,240
0,54,60,240
480,70,56,480
0,66,56,480
0,61,56,480
480,85,92,240
0,82,92,240
0,61,60,240
0,66,60,240
0,70,60,240
480,90,101,1440
0,82,101,1440
0,54,67,240
480,62,61,480
0,70,61,480
480,63,62,480
0,70,62,480
480,89,59,240
0,80,59,240
0,56,45,240
480,63,35,480
0,68,35,480
0,72,35,480
240,87,56,120
240,78,56,480
0,87,56,480
0,72,38,480
0,68,38,480
0,63,38,480
480,89,59,240
0,80,59,240
0,56,44,240
480,72,35,480
0,68,35,480
0,63,35,480
240,87,51,120
240,78,55,480
0,87,55,480
0,63,36,480
0,68,36,480
0,72,36,480
480,80,59,240
0,89,59,240
0,56,46,240
480,72,36,480
0,68,36,480
0,63,36,480
240,87,52,120
240,78,55,480
0,87,55,480
0,63,38,480
0,68,38,480
0,72,38,480
480,85,59,480
0,77,59,480
0,61,45,480
0,68,45,480
0,73,45,480
960,77,50,410
420,77,45,60
60,78,52,240
0,46,50,240
420,78,41,60
60,76,46,240
0,61,42,240
0,53,42,240
420,76,43,60
60,77,50,240
0,61,46,240
0,53,46,240
420,77,46,60
60,78,53,240
0,45,50,240
420,78,44,60
60,76,50,240
0,53,45,240
0,63,45,240
0,60,45,240
420,76,45,60
60,77,50,240
0,63,39,240
0,60,39,240
0,53,39,240
420,77,50,60
60,85,57,240
0,46,50,240
420,85,50,60
60,84,59,240
0,61,47,240
0,58,47,240
0,53,47,240
420,84,56,60
60,83,66,240
0,61,53,240
0,58,53,240
0,53,53,240
420,83,64,60
60,82,75,240
0,51,56,120
420,82,63,60
60,81,73,240
0,66,49,240
0,60,49,240
0,58,49,240
420,81,63,60
60,80,70,240
0,66,50,240
0,58,50,240
0,60,50,240
420,80,58,60
60,79,67,240
0,53,56,240
420,79,54,60
60,78,65,240
0,65,46,240
0,61,46,240
0,58,46,240
420,78,51,60
60,77,63,240
0,65,50,240
0,61,50,240
0,58,50,240
420,77,49,60
60,76,60,240
0,53,50,240
420,76,46,60
60,75,58,240
0,63,46,240
0,65,46,240
0,57,46,240
420,75,44,60
60,72,54,240
0,65,48,240
0,63,48,240
0,57,48,240
420,72,44,60
60,73,52,240
0,46,50,120
420,73,38,60
60,69,48,240
0,61,47,240
0,53,47,240
420,69,39,60
60,70,50,240
0,61,47,240
0,53,47,240
420,70,39,60
60,73,50,240
0,46,50,240
420,73,39,60
60,75,50,240
0,61,47,240
0,53,47,240
420,75,37,60
60,76,51,240
0,61,47,240
0,53,47,240
420,76,40,60
60,78,54,240
0,46,53,240
420,78,44,60
60,76,55,240
0,61,49,240
0,53,49,240
420,76,44,60
60,77,58,240
0,61,52,240
0,53,52,240
420,77,49,60
60,78,62,240
0,45,55,240
420,78,51,60
60,76,68,240
0,63,54,240
0,60,54,240
0,53,54,240
420,76,54,60
60,77,73,240
0,63,60,240
0,60,60,240
0,53,60,240
420,77,71,60
60,89,83,240
0,46,68,240
420,89,68,60
60,85,80,240
0,61,62,240
0,58,62,240
0,53,62,240
420,85,63,60
60,82,76,240
0,61,56,240
0,58,56,240
0,53,56,240
420,82,57,60
60,78,71,240
0,51,60,240
420,78,52,60
60,75,66,240
0,66,56,240
0,60,56,240
0,58,56,240
420,75,44,60
60,72,57,240
0,66,57,240
0,60,57,240
0,58,57,240
420,78,41,60
60,77,55,240
0,53,56,240
420,77,42,60
60,76,53,240
0,65,52,240
0,61,52,240
0,58,52,240
420,76,42,60
60,75,55,240
0,65,52,240
0,61,52,240
0,58,52,240
420,75,43,60
60,74,56,240
0,53,53,240
420,74,44,60
60,73,58,240
0,65,49,240
0,63,49,240
0,57,49,240
420,73,46,60
60,72,60,240
0,63,53,240
0,65,53,240
0,57,53,240
420,72,46,60
60,71,62,240
0,65,58,480
0,61,58,480
0,58,58,480
420,71,49,60
60,70,64,240
420,70,48,60
60,69,66,240
420,69,47,60
60,68,67,240
420,68,51,60
60,67,69,240
420,67,55,60
60,66,71,240
480,65,72,240
0,68,72,240
0,37,54,240
480,59,49,480
0,56,49,480
0,49,49,480
480,65,69,480
0,68,69,480
0,49,49,480
0,56,49,480
0,59,49,480
480,68,66,60
0,37,54,240
60,70,66,60
60,65,72,120
0,68,72,120
360,59,50,480
0,56,50,480
0,49,50,480
240,63,68,240
0,66,68,240
240,65,72,480
0,68,72,480
0,49,50,480
0,56,50,480
0,59,50,480
480,66,76,240
0,70,76,240
0,42,54,240
480,58,51,480
0,54,51,480
0,49,51,480
480,70,81,240
0,73,81,240
0,49,54,240
0,54,54,240
0,58,54,240
480,70,87,1440
0,78,87,1440
0,42,63,240
480,50,54,480
0,58,54,480
480,51,54,480
0,58,54,480
480,68,61,240
0,77,61,240
0,44,45,240
480,60,36,480
0,56,36,480
0,51,36,480
240,75,52,120
240,66,56,480
0,75,56,480
0,60,37,480
0,56,37,480
0,51,37,480
480,68,60,240
0,77,60,240
0,44,45,240
480,60,37,480
0,56,37,480
0,51,37,480
240,75,53,120
240,66,56,480
0,75,56,480
0,51,38,480
0,56,38,480
0,60,38,480
480,68,60,240
0,77,60,240
0,44,49,240
480,60,39,480
0,56,39,480
0,51,39,480
240,75,53,120
240,66,57,480
0,75,57,480
0,51,40,480
0,56,40,480
0,60,40,480
480,64,68,16
0,72,68,240
0,49,52,1440
480,61,43,480
0,56,43,480
240,73,57,120
240,65,62,480
0,73,62,480
0,61,45,480
0,56,45,480
480,77,86,240
0,80,86,240
0,49,60,240
480,71,54,480
0,68,54,480
0,61,54,480
240,80,76,120
0,77,76,120
240,77,80,480
0,80,80,480
0,61,56,480
0,68,56,480
0,71,56,480
480,80,77,60
0,49,60,240
60,82,78,60
60,77,86,120
0,80,86,120
360,61,53,480
0,68,53,480
0,71,53,480
240,75,76,240
0,78,76,240
240,77,80,480
0,80,80,480
0,71,54,480
0,68,54,480
0,61,54,480
480,82,88,240
0,78,88,240
0,54,60,240
480,70,56,480
0,66,56,480
0,61,56,480
480,85,92,240
0,82,92,240
0,61,60,240
0,66,60,240
0,70,60,240
480,90,96,1440
0,82,96,1440
0,54,65,240
480,62,58,480
0,70,58,480
480,63,62,480
0,70,62,480
480,89,59,240
0,80,59,240
0,56,45,240
480,63,36,480
0,68,36,480
0,72,36,480
240,87,52,120
240,78,56,480
0,87,56,480
0,72,38,480
0,68,38,480
0,63,38,480
480,89,59,240
0,80,59,240
0,56,44,240
480,72,34,480
0,68,34,480
0,63,34,480
240,87,52,120
240,78,55,480
0,87,55,480
0,63,36,480
0,68,36,480
0,72,36,480
480,80,59,240
0,89,59,240
0,56,46,240
480,72,37,480
0,68,37,480
0,63,37,480
240,87,53,120
240,78,55,480
0,87,55,480
0,63,38,480
0,68,38,480
0,72,38,480
480,85,59,480
0,77,59,480
0,61,45,480
0,68,45,480
0,73,45,480
960,77,50,410
420,77,45,60
60,78,52,240
0,46,50,240
420,78,44,60
60,76,50,240
0,61,45,240
0,53,45,240
420,76,43,60
60,77,50,240
0,61,46,240
0,53,46,240
420,77,46,60
60,78,53,240
0,45,50,240
420,78,44,60
60,76,50,240
0,53,44,240
0,63,44,240
0,60,44,240
420,76,45,60
60,77,50,240
0,63,45,240
0,60,45,240
0,53,45,240
420,77,50,60
60,85,57,240
0,46,50,240
420,85,50,60
60,84,59,240
0,61,50,240
0,58,50,240
0,53,50,240
420,84,56,60
60,83,66,240
0,61,53,240
0,58,53,240
0,53,53,240
420,83,64,60
60,82,75,240
0,51,56,240
420,82,63,60
60,81,73,240
0,66,53,240
0,60,53,240
0,58,53,240
420,81,63,60
60,80,70,240
0,66,50,240
0,58,50,240
0,60,50,240
420,80,58,60
60,79,67,240
0,53,56,240
420,79,54,60
60,78,65,240
0,65,49,240
0,61,49,240
0,58,49,240
420,78,51,60
60,77,63,240
0,65,50,240
0,61,50,240
0,58,50,240
420,77,49,60
60,76,60,240
0,53,50,240
420,76,46,60
60,75,58,240
0,63,48,240
0,65,48,240
0,57,48,240
420,75,44,60
60,72,54,240
0,65,48,240
0,63,48,240
0,57,48,240
420,72,44,60
60,73,52,240
0,46,50,240
420,73,38,60
60,69,50,240
0,61,47,240
0,53,47,240
420,69,39,60
60,70,50,240
0,61,47,240
0,53,47,240
420,70,39,60
60,73,50,240
0,46,50,240
420,73,39,60
60,75,50,240
0,61,46,240
0,53,46,240
420,75,37,60
60,76,51,240
0,61,47,240
0,53,47,240
420,76,40,60
60,78,54,240
0,46,53,240
420,78,44,60
60,76,55,240
0,61,49,240
0,53,49,240
420,76,44,60
60,77,58,240
0,61,52,240
0,53,52,240
420,77,49,60
60,78,62,240
0,45,55,240
420,78,51,60
60,76,68,240
0,63,56,240
0,60,56,240
0,53,56,240
420,76,54,60
60,77,73,240
0,63,60,240
0,60,60,240
0,53,60,240
420,77,71,60
60,89,83,240
0,46,64,240
420,89,68,60
60,85,80,240
0,61,62,240
0,58,62,240
0,53,62,240
420,85,63,60
60,82,76,240
0,61,56,240
0,58,56,240
0,53,56,240
420,82,57,60
60,78,71,240
0,51,60,240
420,78,52,60
60,75,66,240
0,66,55,240
0,60,55,240
0,58,55,240
420,75,44,60
60,72,57,240
0,66,57,240
0,60,57,240
0,58,57,240
420,78,41,60
60,77,55,240
0,53,56,240
420,77,42,60
60,76,53,240
0,65,52,240
0,61,52,240
0,58,52,240
420,76,42,60
60,75,55,240
0,65,52,240
0,61,52,240
0,58,52,240
420,75,43,60
60,74,56,240
0,53,53,240
420,74,44,60
60,73,58,240
0,65,49,240
0,63,49,240
0,57,49,240
420,73,46,60
60,72,60,240
0,63,53,240
0,65,53,240
0,57,53,240
420,72,46,60
60,71,62,240
0,65,58,480
0,61,58,480
0,58,58,480
420,71,49,60
60,70,64,240
420,70,48,60
60,69,66,240
420,69,47,60
60,68,67,240
420,68,51,60
60,67,69,240
420,67,55,60
60,66,71,240
480,65,72,240
0,68,72,240
0,37,54,240
480,59,49,480
0,56,49,480
0,49,49,480
480,65,69,480
0,68,69,480
0,49,49,480
0,56,49,480
0,59,49,480
480,68,66,60
0,37,54,240
60,70,66,60
60,65,72,120
0,68,72,120
360,59,48,480
0,56,48,480
0,49,48,480
240,63,68,240
0,66,68,240
240,65,72,480
0,68,72,480
0,49,50,480
0,56,50,480
0,59,50,480
480,66,76,240
0,70,76,240
0,42,54,240
480,58,51,480
0,54,51,480
0,49,51,480
480,70,81,240
0,73,81,240
0,49,54,240
0,54,54,240
0,58,54,240
480,70,87,1440
0,78,87,1440
0,42,63,240
480,50,54,480
0,58,54,480
480,51,54,480
0,58,54,480
480,68,61,240
0,77,61,240
0,44,45,240
480,60,36,480
0,56,36,480
0,51,36,480
240,75,54,120
240,66,56,480
0,75,56,480
0,60,37,480
0,56,37,480
0,51,37,480
480,68,60,240
0,77,60,240
0,44,45,240
480,60,37,480
0,56,37,480
0,51,37,480
240,75,54,120
240,66,56,480
0,75,56,480
0,51,38,480
0,56,38,480
0,60,38,480
480,68,60,240
0,77,60,240
0,44,49,240
480,60,39,480
0,56,39,480
0,51,39,480
240,75,55,120
240,66,57,480
0,75,57,480
0,51,40,480
0,56,40,480
0,60,40,480
480,64,68,240
0,72,68,240
0,49,52,1440
480,61,42,480
0,56,42,480
240,73,57,120
240,65,62,480
0,73,62,480
0,61,45,480
0,56,45,480
480,77,86,240
0,80,86,240
0,49,60,240
480,71,53,480
0,68,53,480
0,61,53,480
240,80,77,120
0,77,77,120
240,77,80,480
0,80,80,480
0,61,56,480
0,68,56,480
0,71,56,480
480,80,77,60
0,49,60,240
60,82,78,60
60,77,86,120
0,80,86,120
360,61,53,480
0,68,53,480
0,71,53,480
240,75,77,240
0,78,77,240
240,77,80,480
0,80,80,480
0,71,54,480
0,68,54,480
0,61,54,480
480,82,88,240
0,78,88,240
0,54,60,240
480,70,56,480
0,66,56,480
0,61,56,480
480,85,92,240
0,82,92,240
0,61,60,240
0,66,60,240
0,70,60,240
480,90,95,1440
0,82,95,1440
0,54,67,240
480,62,61,480
0,70,61,480
480,63,62,480
0,70,62,480
480,89,59,240
0,80,59,240
0,56,45,240
480,63,36,480
0,68,36,480
0,72,36,480
240,87,53,120
240,78,56,480
0,87,56,480
0,72,38,480
0,68,38,480
0,63,38,480
480,89,59,240
0,80,59,240
0,56,44,240
480,72,36,480
0,68,36,480
0,63,36,480
240,87,52,120
240,78,55,480
0,87,55,480
0,63,36,480
0,68,36,480
0,72,36,480
480,80,59,240
0,89,59,240
0,56,46,240
480,72,38,480
0,68,38,480
0,63,38,480
240,87,52,120
240,78,55,480
0,87,55,480
0,63,38,480
0,68,38,480
0,72,38,480
480,85,59,480
0,77,59,480
0,61,45,480
0,68,45,480
0,73,45,480
960,73,51,240
240,73,51,240
240,73,54,240
0,46,32,1440
240,75,55,240
240,73,54,240
0,61,36,480
0,54,36,480
240,72,48,240
240,73,49,240
0,61,36,480
0,54,36,480
240,74,51,240
240,77,53,960
0,47,38,480
480,63,35,480
0,56,35,480
0,54,35,480
480,75,50,480
0,63,35,480
0,56,35,480
0,54,35,480
480,68,50,240
0,46,30,1440
240,70,50,240
240,68,50,240
0,59,24,480
0,53,24,480
240,67,50,240
240,68,50,240
0,59,30,480
0,53,30,480
240,69,50,240
240,70,61,480
0,42,30,480
480,66,50,120
0,58,29,480
0,49,29,480
240,70,51,240
240,71,54,240
0,49,34,480
0,58,34,480
240,72,56,240
240,73,50,60
0,46,37,1440
60,75,50,60
60,73,50,120
120,72,55,240
240,73,57,240
0,61,29,480
0,54,29,480
240,82,58,240
240,80,60,240
0,61,35,480
0,54,35,480
240,78,62,240
240,77,64,960
0,47,29,480
480,63,29,480
0,56,29,480
0,54,29,480
480,75,56,480
0,54,36,480
0,56,36,480
0,63,36,480
480,68,52,160
0,49,36,1440
160,70,50,160
160,68,50,160
160,67,52,240
0,59,19,480
0,53,19,480
240,68,50,240
240,71,56,240
0,53,26,480
0,59,26,480
240,70,50,240
240,66,50,120
0,42,27,480
240,60,42,240
240,61,43,240
0,58,32,480
0,49,32,480
240,65,45,240
240,66,47,240
0,49,34,480
0,58,34,480
240,70,48,240
240,73,50,240
0,46,28,1440
240,75,51,240
240,73,53,240
0,61,28,480
0,54,28,480
240,72,55,240
240,73,56,240
0,61,37,480
0,54,37,480
240,74,58,180
180,74,54,60
60,77,67,960
0,47,33,480
480,55,30,480
0,63,30,480
480,75,59,480
0,56,33,480
0,63,33,480
480,68,50,240
0,49,25,1440
240,70,50,240
240,68,41,60
0,59,20,480
0,53,20,480
60,70,41,60
60,68,49,120
120,67,50,240
240,68,52,240
0,53,29,480
0,59,29,480
240,69,55,240
240,70,64,480
0,42,34,480
480,66,54,120
0,49,28,480
0,58,28,480
240,70,53,240
240,71,55,240
0,58,33,480
0,49,33,480
240,72,57,240
240,73,50,60
0,46,38,1440
60,75,50,60
60,73,59,120
120,72,57,240
240,73,58,160
0,61,28,480
0,54,28,480
160,83,67,160
160,82,65,160
160,82,63,160
0,54,28,480
0,61,28,480
160,80,61,160
160,78,59,160
160,77,57,960
0,47,35,480
480,63,30,480
0,56,30,480
0,54,30,480
480,75,55,480
0,63,28,480
0,56,28,480
0,54,28,480
480,68,46,160
0,49,26,1440
160,70,46,160
160,68,46,160
160,67,46,240
0,59,26,480
0,53,26,480
240,68,47,240
240,71,49,240
0,53,25,480
0,59,25,480
240,70,45,240
240,66,39,240
0,42,30,480
480,58,27,480
0,49,27,480
480,70,39,120
240,70,39,120
240,70,39,240
0,34,35,240
0,46,35,240
960,70,39,120
0,56,37,480
0,58,37,480
0,65,37,480
240,70,39,120
240,70,39,240
0,55,32,240
0,58,32,240
0,64,32,240
960,70,39,120
0,54,36,480
0,58,36,480
0,63,36,480
240,70,39,120
240,70,39,240
0,53,32,240
0,58,32,240
0,62,32,240
480,70,94,120
0,82,94,120
0,34,82,120
0,46,82,120
240,70,91,120
0,82,91,120
0,34,78,120
0,46,78,120
240,70,95,240
0,82,95,240
0,34,82,240
0,46,82,240
480,70,95,120
0,82,95,120
0,34,82,120
0,46,82,120
240,70,91,120
0,82,91,120
0,34,78,120
0,46,78,120
240,70,95,240
0,82,95,240
0,34,82,240
0,46,82,240
480,70,95,120
0,82,95,120
0,34,82,120
0,46,82,120
240,70,91,120
0,82,91,120
0,34,78,120
0,46,78,120
240,70,95,240
0,82,95,240
0,34,82,240
0,46,82,240
960,58,39,120
0,65,39,120
0,70,39,120
0,46,39,480
0,56,39,480
240,58,39,120
0,70,39,120
240,58,39,240
0,64,39,240
0,70,39,240
0,46,36,240
0,55,36,240
960,58,39,120
0,63,39,120
0,70,39,120
0,54,39,480
0,46,39,480
240,58,39,120
0,70,39,120
240,58,39,240
0,62,39,240
0,70,39,240
0,46,36,240
0,53,36,240
480,58,43,120
0,70,43,120
240,58,47,120
0,70,47,120
240,58,52,480
0,70,52,480
480,58,55,120
0,70,55,120
240,58,57,120
0,70,57,120
240,58,66,480
0,70,66,480
480,58,72,120
0,70,72,120
240,58,67,120
0,70,67,120
240,58,97,240
0,70,97,240
0,34,95,240
0,46,95,240
480,74,56,260
0,68,54,360
0,65,54,360
0,58,54,360
240,75,51,260
240,74,64,360
0,77,64,360
0,68,62,360
0,65,62,360
0,58,62,360
480,70,96,240
0,39,95,240
0,51,95,240
480,75,59,260
0,67,57,360
0,63,57,360
0,58,57,360
240,77,55,260
240,75,67,360
0,79,67,360
0,67,61,360
0,63,61,360
0,58,61,360
480,70,97,240
0,46,96,240
0,58,96,240
480,77,67,260
0,68,60,360
0,65,60,360
0,58,60,360
240,79,65,260
240,77,75,360
0,80,75,360
0,68,67,360
0,65,67,360
0,58,67,360
480,82,82,960
0,79,82,960
0,73,82,960
0,51,97,240
480,67,71,240
0,61,71,240
0,58,71,240
480,82,69,240
0,79,69,240
0,73,69,240
0,52,92,240
240,82,69,240
0,79,69,240
0,73,69,240
240,82,77,500
0,73,77,960
0,79,77,960
0,53,60,240
480,84,60,260
0,65,47,240
0,56,47,240
240,82,54,260
240,72,58,240
0,80,58,240
0,44,53,240
480,80,76,500
0,71,76,960
0,46,55,240
480,82,57,260
0,63,44,360
0,55,44,360
240,80,53,260
240,70,56,240
0,79,56,240
0,63,51,240
0,55,51,240
480,79,71,500
0,70,71,960
0,46,54,240
480,80,55,260
0,62,41,480
0,53,41,480
240,79,51,260
240,68,54,240
0,77,54,240
0,62,49,240
0,58,49,240
480,77,64,500
0,68,64,960
0,51,51,1440
480,79,48,260
0,63,38,360
0,58,38,360
240,77,45,260
240,75,48,240
0,67,48,240
0,63,47,240
0,58,47,240
480,82,96,480
0,70,96,480
0,58,95,720
0,46,95,720
480,74,57,260
0,68,54,360
0,65,54,360
0,58,54,240
240,75,52,260
240,74,63,360
0,77,63,360
0,68,58,360
0,65,58,360
0,58,58,360
480,82,95,480
0,70,95,480
0,39,94,720
0,51,94,720
480,75,60,260
0,67,64,360
0,63,64,360
0,58,64,360
240,77,57,260
240,75,68,360
0,79,68,360
0,67,69,360
0,63,69,360
0,58,69,360
480,82,93,480
0,70,93,480
0,58,95,720
0,46,95,720
480,77,72,260
0,68,66,360
0,65,66,360
0,58,66,240
240,79,68,260
240,77,80,360
0,80,80,360
0,68,70,360
0,65,70,360
0,58,70,360
480,82,101,720
0,79,101,720
0,73,101,720
0,51,78,240
480,67,48,240
0,61,48,240
0,58,48,240
240,79,76,240
0,82,76,240
240,73,68,480
0,52,49,480
240,82,74,240
0,79,74,240
240,73,64,960
0,53,43,240
240,82,72,260
240,84,64,260
0,56,49,240
0,65,49,240
240,82,57,260
240,80,54,240
0,72,54,240
0,44,37,240
480,71,65,960
0,46,43,240
240,80,69,260
240,82,65,260
0,55,31,360
0,63,31,360
240,80,55,260
240,79,51,240
0,70,51,240
0,63,41,240
0,55,41,240
480,70,63,960
0,46,33,240
240,79,46,260
240,80,58,260
0,53,40,480
0,62,40,480
240,79,45,260
240,68,50,480
0,77,50,480
0,62,27,480
0,58,27,960
480,75,59,240
0,67,59,240
0,63,44,480
0,51,44,480
480,75,53,120
240,75,64,120
240,75,67,120
0,51,52,480
0,55,52,480
0,61,52,480
240,75,69,120
240,75,78,120
0,44,25,720
240,75,64,120
240,75,78,120
0,56,33,360
0,60,33,360
0,51,33,360
240,75,74,120
240,75,69,120
0,60,41,360
0,51,41,360
0,56,41,360
240,75,69,120
240,77,65,260
0,44,33,480
240,75,58,260
240,72,56,260
0,56,33,360
0,60,33,360
0,51,33,360
240,68,48,260
240,63,52,240
0,56,37,360
0,51,37,360
0,60,37,360
240,64,44,240
240,65,58,120
0,44,37,480
240,65,51,120
240,65,55,120
0,56,26,360
0,50,26,360
0,59,26,360
240,65,46,120
240,65,54,120
0,56,32,360
0,50,32,360
0,59,32,360
240,65,64,120
240,63,61,260
0,44,38,480
240,68,53,260
240,72,46,260
0,60,29,360
0,51,29,360
0,56,29,360
240,75,64,260
240,80,59,260
0,56,48,360
0,51,48,360
0,60,48,360
240,76,52,240
240,77,52,120
0,50,55,480
240,77,48,120
240,77,64,120
0,65,24,360
0,56,24,360
0,59,24,360
240,77,60,120
240,77,53,120
0,65,36,360
0,56,36,360
0,59,36,360
240,77,73,120
240,77,77,180
0,51,44,480
160,79,55,180
160,77,55,180
160,75,65,260
0,63,32,360
0,60,32,360
0,68,32,360
240,80,57,260
240,84,51,240
0,60,42,240
0,68,42,240
0,63,42,240
480,89,66,500
0,51,20,480
480,87,50,260
0,63,20,360
0,61,20,360
0,67,20,360
240,85,45,260
240,79,52,240
0,63,30,240
0,61,30,240
0,67,30,240
480,82,58,500
0,56,34,1200
480,80,43,260
0,63,23,360
0,60,23,360
0,68,23,360
240,75,44,260
240,72,38,240
0,63,38,240
0,60,38,240
0,68,38,240
480,75,48,120
0,44,34,480
240,75,44,120
240,75,65,120
0,60,31,360
0,51,31,360
0,56,31,360
240,75,69,120
240,75,63,120
0,56,49,360
0,51,49,360
0,60,49,360
240,75,71,120
240,77,61,260
0,44,47,480
240,75,56,260
240,72,50,260
0,60,35,360
0,51,35,360
0,56,35,360
240,68,50,260
240,63,48,240
0,51,52,360
0,60,52,360
0,56,52,360
240,64,53,240
240,65,57,120
0,44,40,480
240,65,51,120
240,65,55,120
0,56,35,360
0,59,35,360
0,50,35,360
240,65,55,120
240,65,61,120
0,50,31,360
0,59,31,360
0,56,31,360
240,65,65,120
240,63,58,260
0,44,38,480
240,68,52,260
240,72,49,260
0,56,30,360
0,60,30,360
0,51,30,360
240,75,45,260
240,80,52,260
0,56,36,360
0,60,36,360
0,51,36,360
240,76,48,240
240,77,58,120
0,50,38,480
240,77,49,120
240,77,61,120
0,59,33,360
0,56,33,360
0,65,33,360
240,77,57,120
240,77,65,120
0,59,36,360
0,65,36,360
0,56,36,360
240,77,65,120
240,77,75,180
0,51,44,480
160,79,55,180
160,77,55,180
160,75,66,260
0,60,29,360
0,68,29,360
0,63,29,360
240,80,64,260
240,84,60,240
0,63,44,240
0,68,44,240
0,60,44,240
480,89,67,500
0,51,27,480
480,87,52,260
0,61,32,480
0,67,32,480
0,63,32,480
240,85,50,260
240,79,52,240
0,61,37,240
0,67,37,240
0,63,37,240
480,80,65,960
0,56,44,1440
480,68,35,480
0,60,35,480
480,72,55,80
0,68,47,480
0,65,47,480
80,74,49,80
80,72,65,80
80,74,53,80
80,72,67,80
80,71,56,80
80,70,87,250
0,58,86,480
0,46,86,480
480,74,62,260
0,65,55,360
0,68,55,360
0,58,55,360
240,75,62,260
240,77,67,360
0,74,67,360
0,68,65,360
0,58,65,360
0,65,65,360
480,70,85,240
0,51,74,480
480,75,73,260
0,63,57,360
0,67,57,360
0,58,57,360
240,77,69,260
240,75,76,360
0,79,76,360
0,63,62,360
0,67,62,360
0,58,62,360
480,70,87,240
0,50,65,480
480,77,73,260
0,65,56,360
0,58,56,360
0,68,56,360
240,79,68,260
240,77,83,360
0,80,83,360
0,65,69,360
0,68,69,360
0,58,69,360
480,73,77,960
0,79,77,960
0,82,77,960
0,51,61,240
480,67,61,240
0,58,61,240
0,61,61,240
480,79,75,240
0,73,75,240
0,82,75,240
0,52,38,480
240,79,69,240
0,73,69,240
0,82,69,240
240,73,70,960
0,82,70,500
0,79,70,960
0,53,38,240
480,84,59,260
0,65,41,240
0,56,41,240
240,82,56,260
240,72,53,240
0,80,53,240
0,44,36,240
480,71,69,960
0,80,69,500
0,46,31,240
480,82,47,260
0,55,27,360
0,63,27,360
240,80,45,260
240,79,52,240
0,70,52,240
0,55,41,240
0,63,41,240
480,79,66,500
0,70,66,960
0,46,39,240
480,80,53,260
0,53,26,480
0,62,26,480
240,79,47,260
240,77,67,240
0,68,67,240
0,58,34,240
0,62,34,240
480,77,64,500
0,68,64,960
0,51,23,1440
480,79,52,260
0,58,33,480
0,63,33,480
240,77,48,260
240,75,53,240
0,67,53,240
0,58,53,240
0,63,53,240
480,70,97,240
0,82,97,240
0,34,91,480
0,46,91,480
480,74,57,260
0,65,54,360
0,68,54,360
0,58,54,360
240,75,53,260
240,74,63,360
0,77,63,360
0,68,58,360
0,58,58,360
0,65,58,360
480,82,97,240
0,70,97,240
0,51,92,480
0,39,92,480
480,75,60,260
0,63,58,360
0,67,58,360
0,58,58,360
240,77,57,260
240,79,68,360
0,75,68,360
0,67,64,360
0,63,64,360
0,58,64,360
480,70,96,240
0,82,96,240
0,58,91,480
0,46,91,480
480,77,72,260
0,68,66,360
0,58,66,360
0,65,66,360
240,79,70,260
240,80,80,360
0,77,80,360
0,68,72,360
0,65,72,360
0,58,72,360
480,73,99,480
0,79,99,480
0,82,99,480
0,67,90,480
0,51,90,480
0,61,90,480
0,58,90,480
3840,73,49,240
0,79,49,240
0,82,49,240
0,52,40,480
240,82,49,240
0,73,49,240
0,79,49,240
240,79,55,960
0,73,55,960
0,82,55,500
0,53,48,240
480,84,53,260
0,65,44,240
0,56,44,240
240,82,52,260
240,80,48,240
0,72,48,240
0,44,44,240
480,71,54,960
0,80,54,500
0,46,39,240
480,82,51,260
0,63,36,480
0,55,36,480
240,80,48,260
240,79,45,240
0,70,45,240
0,63,36,480
0,55,36,480
480,70,44,960
0,79,44,500
0,46,35,240
480,80,41,260
0,62,32,480
0,58,32,480
0,53,32,480
240,79,38,260
240,68,35,240
0,77,35,240
0,53,32,480
0,62,30,480
0,58,30,480
1920,39,33,480
480,46,29,480
0,55,29,480
480,46,31,480
0,55,31,480
480,39,32,480
480,55,29,480
0,46,29,480
480,46,31,480
0,55,31,480
480,39,34,480
480,46,29,480
0,55,29,480
480,55,32,480
0,46,32,480
480,39,33,480
480,55,30,480
0,46,30,480
480,46,32,480
0,55,32,480
480,63,40,120
0,39,33,480
240,63,38,120
240,63,40,120
0,55,29,480
0,46,29,480
240,63,37,120
240,63,49,480
0,46,31,480
0,55,31,480
480,55,39,240
0,39,33,480
240,58,39,240
240,63,46,240
0,46,30,360
0,55,30,360
240,67,45,240
240,72,55,420
0,55,30,360
0,46,30,360
420,72,44,60
60,71,51,240
0,39,36,480
420,71,39,60
60,70,48,240
0,61,33,360
0,55,33,360
0,51,33,360
420,70,39,60
60,69,46,240
0,61,30,360
0,55,30,360
0,51,30,360
420,69,35,60
60,68,44,240
0,51,33,360
0,55,33,360
0,61,33,360
420,68,33,60
60,67,41,240
0,61,29,360
0,55,29,360
0,51,29,360
420,67,32,60
60,65,39,240
0,51,29,360
0,55,29,360
0,61,29,360
480,63,44,120
0,39,36,480
240,63,41,120
240,63,44,120
0,56,31,360
0,60,31,360
0,51,31,360
240,63,41,120
240,63,53,480
0,60,31,360
0,51,31,360
0,56,31,360
480,60,42,240
0,39,36,480
240,63,42,240
240,68,50,240
0,60,33,360
0,51,33,360
0,56,33,360
240,72,49,240
240,77,59,420
0,60,33,360
0,56,33,360
0,51,33,360
420,79,48,60
60,77,56,240
0,39,39,480
420,77,42,60
60,76,52,240
0,60,36,360
0,56,36,360
0,51,36,360
420,76,42,60
60,75,50,240
0,60,33,360
0,56,33,360
0,51,33,360
420,75,38,60
60,74,48,240
0,51,36,360
0,56,36,360
0,60,36,360
420,74,36,60
60,73,45,240
0,60,31,360
0,56,31,360
0,51,31,360
420,73,35,60
60,72,42,240
0,51,31,360
0,56,31,360
0,60,31,360
480,71,48,60
0,51,39,240
0,39,39,240
120,71,45,60
120,71,48,60
0,51,32,180
0,56,32,180
0,62,32,180
120,71,37,60
120,71,48,60
0,51,34,180
0,56,34,180
0,62,34,180
120,71,42,60
120,68,46,120
0,39,39,240
0,51,39,240
120,71,45,120
120,74,55,120
0,51,35,180
0,56,35,180
0,62,35,180
120,77,53,120
120,83,70,158
0,62,36,180
0,56,36,180
0,51,36,180
210,83,52,30
30,82,62,120
0,39,40,240
0,51,40,240
210,82,53,30
30,81,65,120
0,62,39,180
0,59,39,180
0,56,39,180
0,51,39,180
210,81,54,30
30,80,68,120
0,62,44,180
0,59,44,180
0,56,44,180
0,51,44,180
210,80,59,30
30,79,70,120
0,62,46,180
0,59,46,180
0,56,46,180
0,51,46,180
210,79,60,30
30,78,73,120
0,62,46,180
0,59,46,180
0,56,46,180
0,51,46,180
210,78,65,30
30,77,76,60
0,62,50,180
0,59,50,180
0,56,50,180
0,51,50,180
210,77,70,30
30,91,88,120
0,62,47,180
0,59,47,180
0,56,47,180
0,51,47,180
210,91,71,30
30,89,80,120
0,62,38,180
0,59,38,180
0,56,38,180
0,51,38,180
210,89,70,30
30,88,80,120
0,62,45,180
0,59,45,180
0,56,45,180
0,51,45,180
210,88,69,30
30,87,80,120
0,62,47,180
0,59,47,180
0,56,47,180
0,51,47,180
210,87,72,30
30,86,80,120
0,62,38,180
0,59,38,180
0,56,38,180
0,51,38,180
210,86,70,30
30,85,80,120
0,62,45,180
0,59,45,180
0,56,45,180
0,51,45,180
210,85,70,30
30,84,80,120
0,62,45,180
0,58,45,180
0,56,45,180
0,51,45,180
210,84,70,30
30,83,83,120
0,62,43,180
0,58,43,180
0,56,43,180
0,51,43,180
210,83,71,30
30,82,86,120
0,62,48,180
0,58,48,180
0,56,48,180
0,51,48,180
210,82,73,30
30,81,89,120
0,62,49,180
0,58,49,180
0,56,49,180
0,51,49,180
210,81,77,30
30,80,92,120
0,62,46,180
0,58,46,180
0,56,46,180
0,51,46,180
210,80,79,30
30,77,95,120
0,62,52,180
0,58,52,180
0,56,52,180
0,51,52,180
240,87,100,120
0,75,100,120
0,39,96,120
0,51,96,120
240,79,75,120
0,61,74,180
0,63,74,180
0,67,74,180
0,70,74,180
120,80,84,120
120,79,87,180
0,82,87,180
0,63,80,180
0,61,80,180
0,67,80,180
0,70,80,180
240,87,100,120
0,75,100,120
0,39,96,120
0,51,96,120
240,78,78,120
0,69,76,180
0,66,76,180
0,63,76,180
0,60,76,180
120,80,83,120
120,78,86,180
0,81,86,180
0,69,81,180
0,66,81,180
0,63,81,180
0,60,81,180
240,87,100,120
0,75,100,120
0,39,96,120
0,51,96,120
240,77,86,120
0,59,78,180
0,63,78,180
0,65,78,180
0,68,78,180
120,79,82,120
120,77,89,180
0,80,89,180
0,59,83,180
0,63,83,180
0,65,83,180
0,68,83,180
240,70,100,480
0,82,100,480
0,79,100,480
0,39,98,240
0,51,98,240
240,67,78,240
0,63,78,240
0,58,78,240
0,55,78,240
240,82,95,120
0,79,95,120
0,70,95,120
0,67,84,240
0,63,84,240
0,58,84,240
0,55,84,240
120,82,92,120
0,79,92,120
0,70,92,120
120,79,100,240
0,70,100,720
0,82,100,720
0,34,97,240
0,46,97,240
240,80,96,120
0,65,78,180
0,62,78,180
0,58,78,180
0,56,78,180
120,79,91,120
120,77,96,120
0,65,84,120
0,62,84,120
0,58,84,120
0,56,84,120
240,77,94,240
0,70,94,720
0,82,94,720
0,39,85,240
0,51,85,240
240,79,84,120
0,63,71,180
0,58,71,180
0,55,71,180
120,77,78,120
120,75,75,120
0,63,66,120
0,58,66,120
0,55,66,120
240,79,77,480
0,70,77,240
0,46,67,240
0,58,67,240
240,72,69,120
0,62,53,180
0,56,53,180
0,58,53,180
0,53,53,180
120,70,58,120
120,77,62,120
0,68,62,120
0,62,56,120
0,58,56,120
0,56,56,120
0,53,56,120
240,77,71,480
0,68,71,240
0,39,63,240
0,51,63,240
240,70,62,120
0,61,42,180
0,58,42,180
0,51,42,180
120,68,52,120
120,75,56,120
0,67,56,120
0,61,49,120
0,58,49,120
0,51,49,120
240,63,68,720
0,75,68,720
0,44,62,240
0,56,62,240
240,68,55,120
0,60,47,180
0,56,47,180
0,51,47,180
120,70,57,120
120,68,59,120
0,72,59,120
0,60,51,120
0,56,51,120
0,51,51,120
240,63,65,720
0,75,65,720
0,44,59,240
0,56,59,240
240,68,51,120
0,59,45,180
0,56,45,180
0,51,45,180
120,70,54,120
120,68,56,120
0,71,56,120
0,59,48,120
0,56,48,120
0,51,48,120
240,63,62,720
0,75,62,720
0,39,56,240
240,67,46,120
0,46,45,180
0,51,45,180
0,55,45,180
120,68,49,120
120,67,51,120
0,70,51,120
0,46,48,120
0,51,48,120
0,55,48,120
240,58,59,480
0,67,59,480
0,70,59,480
0,39,52,240
240,46,41,180
0,51,41,180
0,55,41,180
240,58,49,120
0,67,49,120
0,70,49,120
0,46,45,180
0,51,45,180
0,55,45,180
120,58,45,120
0,67,45,120
0,70,45,120
120,67,55,240
0,58,55,720
0,70,55,720
0,39,48,240
240,68,48,120
0,56,38,180
0,50,38,180
0,46,38,180
120,67,43,120
120,65,48,120
0,46,44,120
0,50,44,120
0,56,44,120
240,65,55,240
0,58,52,720
0,70,52,720
0,39,46,240
240,67,46,120
0,46,38,180
0,51,38,180
0,55,38,180
120,65,44,120
120,63,47,120
0,55,41,120
0,51,41,120
0,46,41,120
240,62,46,240
0,71,50,60
0,39,46,240
120,71,46,60
120,71,50,60
0,56,31,180
0,53,31,180
0,46,31,180
120,71,45,60
120,71,39,60
0,46,39,180
0,53,39,180
0,56,39,180
120,71,46,60
120,71,48,120
0,39,43,240
120,70,43,120
120,67,47,120
0,46,29,180
0,51,29,180
0,55,29,180
120,63,41,120
120,58,46,120
0,55,34,120
0,51,34,120
0,46,34,120
240,67,55,240
0,58,55,720
0,70,55,720
0,39,48,240
240,68,42,120
0,56,38,180
0,50,38,180
0,46,38,180
120,67,45,120
120,65,48,120
0,46,44,120
0,50,44,120
0,56,44,120
240,65,55,240
0,58,52,720
0,70,52,720
0,39,46,240
240,67,46,120
0,46,37,180
0,51,37,180
0,55,37,180
120,65,44,120
120,63,40,120
0,55,41,120
0,51,41,120
0,46,41,120
240,62,50,120
0,72,50,60
0,39,46,240
120,72,48,60
120,72,50,60
0,56,36,180
0,53,36,180
0,46,36,180
120,72,47,60
120,72,44,60
0,46,39,180
0,53,39,180
0,56,39,180
120,72,47,60
120,72,48,120
0,39,43,240
120,70,45,120
120,67,47,120
0,46,33,180
0,51,33,180
0,55,33,180
120,63,42,120
120,58,46,120
0,55,36,120
0,51,36,120
0,46,36,120
240,62,52,120
0,71,52,60
0,39,46,240
120,71,50,60
120,71,53,60
0,56,40,180
0,53,40,180
0,46,40,180
120,71,51,60
120,71,48,60
0,46,43,180
0,53,43,180
0,56,43,180
120,71,53,60
120,71,56,120
0,39,48,240
120,70,53,120
120,68,57,120
0,46,42,180
0,53,42,180
0,56,42,180
120,65,56,120
120,62,55,120
0,56,44,120
0,53,44,120
0,46,44,120
240,79,73,120
0,39,56,240
120,77,59,120
120,74,64,120
0,46,49,180
0,53,49,180
0,56,49,180
120,71,59,120
120,68,58,120
0,56,51,120
0,53,51,120
0,46,51,120
240,83,80,120
0,39,67,240
120,80,67,120
120,77,71,120
0,46,56,180
0,53,56,180
0,56,56,180
120,74,67,120
120,71,68,120
0,56,60,120
0,53,60,120
0,46,60,120
240,95,90,120
0,39,67,240
0,51,67,240
120,91,74,120
120,95,77,120
0,62,61,240
0,59,61,240
0,56,61,240
0,51,61,240
120,92,76,120
120,89,74,120
120,86,72,120
120,83,80,120
0,62,63,180
0,59,63,180
0,56,63,180
0,51,63,180
120,79,73,120
120,83,77,120
0,62,58,180
0,59,58,180
0,56,58,180
0,51,58,180
120,80,76,120
120,77,76,120
120,74,75,120
120,71,80,120
0,62,63,180
0,59,63,180
0,56,63,180
0,51,63,180
120,67,73,120
120,70,75,120
0,62,60,180
0,59,60,180
0,56,60,180
0,51,60,180
120,68,74,120
120,65,73,120
120,62,72,120
120,59,80,120
120,55,73,120
120,59,76,120
120,56,75,120
120,53,75,120
120,50,74,120
120,51,89,120
0,27,67,120
0,39,67,120
240,55,50,120
120,56,50,120
120,58,50,120
120,60,50,120
120,62,50,120
120,63,50,120
120,65,50,120
120,67,50,120
120,68,50,120
120,69,50,120
120,72,53,120
120,70,50,120
120,67,45,120
0,63,33,180
0,58,33,180
0,55,33,180
120,68,45,120
120,70,46,120
0,67,33,180
0,63,33,180
0,58,33,180
0,55,33,180
120,72,47,120
120,74,50,120
0,67,36,180
0,63,36,180
0,58,36,180
0,55,36,180
120,75,50,120
120,77,50,120
0,67,33,180
0,63,33,180
0,58,33,180
0,55,33,180
120,79,49,120
120,80,51,120
0,67,33,180
0,63,33,180
0,58,33,180
0,55,33,180
120,81,53,120
120,84,59,120
0,67,33,180
0,63,33,180
0,58,33,180
0,55,33,180
120,82,55,120
120,79,51,120
0,67,30,180
0,63,30,180
0,58,30,180
0,55,30,180
120,80,50,120
120,82,50,120
0,67,30,180
0,63,30,180
0,58,30,180
0,55,30,180
120,84,51,120
120,86,52,120
0,67,33,180
0,63,33,180
0,58,33,180
0,55,33,180
120,87,53,120
120,89,54,120
0,67,29,180
0,63,29,180
0,58,29,180
0,55,29,180
120,91,55,120
120,92,55,120
0,67,29,180
0,63,29,180
0,58,29,180
0,55,29,180
120,93,56,120
120,96,65,120
0,67,33,180
0,63,33,180
0,58,33,180
0,55,33,180
120,94,58,120
120,91,55,120
0,67,31,180
0,63,31,180
0,58,31,180
0,55,31,180
120,92,51,120
120,93,53,120
0,67,31,180
0,63,31,180
0,58,31,180
0,55,31,180
120,94,55,120
120,96,64,120
0,67,33,180
0,63,33,180
0,58,33,180
0,55,33,180
120,94,59,120
120,91,51,120
0,67,30,180
0,63,30,180
0,58,30,180
0,55,30,180
120,92,52,120
120,93,54,120
0,67,30,180
0,63,30,180
0,58,30,180
0,55,30,180
120,94,55,120
120,99,57,120
0,67,33,240
0,63,33,240
0,58,33,240
0,55,33,240
240,91,50,120
120,92,51,120
120,93,53,120
120,94,55,120
120,99,57,120
0,63,29,240
0,51,29,240
0,55,29,240
240,91,46,120
120,92,48,120
120,93,50,120
120,94,52,120
120,99,54,120
0,67,31,240
0,63,31,240
0,58,31,240
0,55,31,240
240,91,49,120
120,92,50,120
120,93,52,120
120,94,53,120
120,99,55,120
0,58,33,240
0,67,33,240
0,70,33,240
240,91,50,120
120,92,52,120
120,93,55,120
120,94,57,120
120,99,59,120
0,63,36,240
0,67,36,240
0,75,36,240
240,91,50,120
120,92,51,120
120,93,53,120
120,94,55,120
120,99,57,120
0,58,35,240
0,67,35,240
0,70,35,240
240,91,44,120
120,92,46,120
120,93,48,120
120,94,50,120
120,99,53,120
0,79,33,240
0,75,33,240
0,67,33,240
240,91,33,120
120,92,35,120
120,93,37,120
120,94,39,120
120,99,42,120
0,82,28,240
0,79,28,240
0,70,28,240
240,91,30,120
120,92,31,120
120,93,32,120
120,94,33,120
120,99,34,120
0,91,34,120
0,87,24,240
0,79,24,240
1440,91,92,120
0,87,92,120
0,82,78,120
0,79,78,120
0,63,76,120
0,70,76,120
0,75,90,120
720,79,92,120
0,75,92,120
0,70,78,120
0,67,78,120
0,63,90,120
0,58,76,120
0,51,76,120
240,79,92,120
0,75,92,120
0,70,78,120
0,67,78,120
0,51,76,120
0,58,76,120
0,63,90,120
240,79,92,120
0,75,92,120
0,70,78,120
0,67,78,120
0,63,90,120
0,58,76,120
0,51,76,120
240,51,113,720
0,27,91,720