1,58,41,480
0,46,41,480
479,57,29,80
0,45,27,80
80,58,31,80
0,46,28,80
80,61,33,80
0,49,29,80
80,65,37,120
0,53,33,120
480,57,29,80
0,45,26,80
80,58,31,80
0,46,27,80
80,61,32,80
0,49,29,80
80,65,37,120
0,53,32,120
1440,58,100,120
0,34,95,120
0,46,95,120
720,90,92,1440
0,82,78,1440
0,94,92,1440
0,58,72,1440
0,60,72,1440
0,63,85,1440
0,66,85,1440
0,70,85,1440
1440,75,51,360
0,84,61,360
0,87,61,360
0,58,47,360
0,60,47,360
0,63,56,360
0,66,56,360
0,70,56,360
360,84,68,120
0,77,57,120
0,89,68,120
0,58,51,120
0,60,51,120
0,63,61,120
0,66,61,120
0,70,61,120
120,90,71,240
0,78,60,240
0,84,71,240
0,58,56,240
0,60,56,240
0,63,66,240
0,66,66,240
0,70,66,240
240,85,68,240
0,77,57,240
0,89,68,240
0,58,52,240
0,61,52,240
0,65,62,240
0,70,62,240
480,57,27,80
0,45,27,80
80,58,29,80
0,46,28,80
80,61,30,80
0,49,30,80
80,65,35,120
0,53,33,120
480,57,27,80
0,45,26,80
80,58,29,80
0,46,28,80
80,61,30,80
0,49,30,80
80,65,35,120
0,53,34,120
1440,56,100,120
0,32,95,120
0,44,95,120
660,56,72,1500
30,65,76,1470
30,92,90,1440
0,89,90,1440
0,80,76,1440
0,73,89,1440
1440,84,60,360
0,75,51,360
0,87,60,360
0,56,49,360
0,63,58,360
0,66,58,360
0,68,58,360
360,84,65,120
0,89,65,120
0,77,55,120
0,56,53,120
0,63,63,120
0,66,63,120
0,68,63,120
120,84,70,240
0,90,70,240
0,78,59,240
0,56,57,240
0,63,68,240
0,66,68,240
0,68,68,240
240,77,56,240
0,85,67,240
0,89,67,240
0,68,65,240
0,61,55,240
0,65,65,240
720,77,81,480
0,69,81,480
0,65,77,480
0,60,77,480
0,53,65,480
720,57,81,480
0,65,81,480
0,41,65,480
0,48,77,480
0,53,77,480
720,29,79,1680
0,41,94,1680
1680,30,82,180
0,42,97,180
2400,57,27,80
0,45,27,80
80,58,29,80
0,46,28,80
80,61,30,80
0,49,29,80
80,65,34,120
0,53,33,120
480,57,29,80
0,45,27,80
80,58,30,80
0,46,28,80
80,61,31,80
0,49,29,80
80,65,36,120
0,53,33,120
1440,58,100,120
0,46,95,120
0,34,95,120
720,90,92,1080
0,94,92,1080
0,82,78,1080
0,63,85,1080
0,58,72,1080
0,60,72,1080
0,70,85,1080
0,66,85,1080
1080,87,58,120
0,84,58,120
0,75,49,120
0,58,47,120
0,60,47,120
0,63,56,120
0,66,56,120
0,70,56,120
120,84,58,240
0,75,49,240
0,87,58,240
0,58,47,240
0,60,47,240
0,63,56,240
0,66,56,240
0,70,56,240
240,75,51,360
0,84,61,360
0,87,61,360
0,63,56,360
0,58,47,360
0,60,47,360
0,66,56,360
0,70,56,360
360,89,68,120
0,84,68,120
0,77,57,120
0,60,51,120
0,63,61,120
0,58,51,120
0,66,61,120
0,70,61,120
120,84,71,240
0,90,71,240
0,78,60,240
0,63,66,240
0,66,66,240
0,58,56,240
0,60,56,240
0,70,66,240
240,85,68,240
0,89,68,240
0,77,57,240
0,65,62,240
0,58,52,240
0,61,52,240
0,70,62,240
480,57,29,80
0,45,27,80
80,58,30,80
0,46,29,80
80,61,32,80
0,49,30,80
80,65,37,120
0,53,34,120
480,57,29,80
0,45,24,80
80,58,30,80
0,46,26,80
80,61,32,80
0,49,27,80
80,65,37,120
0,53,32,120
1440,48,100,120
0,24,95,120
0,36,95,120
720,84,64,1440
0,92,90,1440
0,96,90,1440
0,68,89,1440
0,72,89,1440
0,65,63,1440
0,60,63,1440
1440,88,60,360
0,79,43,360
0,91,60,360
0,60,41,360
0,70,58,360
0,64,41,360
0,72,58,360
360,80,46,120
0,88,65,120
0,92,65,120
0,64,45,120
0,60,45,120
0,72,63,120
0,70,63,120
120,88,70,240
0,82,50,240
0,94,70,240
0,70,68,240
0,60,48,240
0,64,48,240
0,72,68,240
240,80,47,240
0,92,67,240
0,89,67,240
0,72,65,240
0,65,46,240
0,68,65,240
720,80,81,480
0,72,68,480
0,68,68,480
0,77,81,480
0,53,65,480
0,65,77,480
0,60,77,480
720,68,81,480
0,56,68,480
0,60,68,480
0,65,81,480
0,53,77,480
0,48,77,480
0,41,65,480
720,28,79,1680
0,40,94,1680
1680,29,82,180
0,41,97,180
1920,101,97,960
0,25,71,120
0,37,84,120
480,44,45,240
0,56,45,240
240,61,53,240
0,53,53,240
240,99,68,120
120,97,62,120
120,92,65,120
0,44,42,240
0,56,42,240
120,89,59,120
120,87,62,120
0,53,47,240
0,61,47,240
120,85,57,120
120,80,58,120
120,77,53,120
120,75,55,120
120,73,51,120
120,68,52,240
720,72,55,120
0,32,44,120
0,44,52,120
120,73,52,120
120,75,50,120
120,77,47,120
120,78,45,120
113,80,42,120
127,81,40,120
0,66,38,240
0,55,38,240
0,60,38,240
240,56,35,240
0,60,35,240
0,66,35,240
240,66,31,120
0,56,31,120
0,60,31,120
240,81,50,120
120,80,49,120
120,79,47,120
120,78,46,120
120,77,44,120
120,76,42,120
120,75,41,120
0,57,35,240
0,60,35,240
0,66,35,240
240,66,32,240
0,60,32,240
0,56,32,240
240,66,28,120
0,60,28,120
0,56,28,120
240,101,97,960
0,25,68,120
0,37,82,120
480,44,45,240
0,56,45,240
240,61,53,240
0,53,53,240
240,99,68,120
120,97,60,120
120,92,65,120
0,44,42,240
0,56,42,240
120,89,58,120
120,87,62,120
0,53,47,240
0,61,47,240
120,85,57,120
120,80,58,120
120,77,53,120
120,75,55,120
120,73,49,120
120,68,52,240
720,72,42,120
0,44,20,720
0,51,20,720
0,54,20,720
120,73,41,120
120,75,41,120
120,77,40,120
120,78,39,120
113,80,38,120
127,81,37,120
0,60,32,120
120,61,32,120
120,63,32,120
120,65,32,120
120,66,32,120
120,68,32,120
120,81,42,120
0,69,32,120
120,80,41,120
120,79,40,120
120,78,39,120
120,77,37,120
120,76,36,120
120,75,35,120
0,57,30,120
120,56,29,120
120,55,28,120
120,54,27,120
120,53,26,120
120,51,25,120
120,71,38,1440
0,77,59,960
0,49,30,120
120,56,28,120
120,61,30,120
120,65,34,120
120,61,31,120
120,56,30,120
120,49,28,120
120,59,28,120
120,75,53,360
0,61,30,120
120,65,31,120
120,61,30,120
120,73,52,110
0,59,29,120
120,71,38,720
0,73,54,720
0,54,28,120
120,59,28,120
120,61,31,120
120,66,34,120
120,61,31,120
120,59,29,120
120,70,56,720
0,78,56,1200
0,49,30,120
120,58,28,120
120,61,30,120
120,66,33,120
120,61,31,120
120,58,30,120
120,71,50,1440
0,56,30,120
120,59,28,120
120,61,30,120
120,68,33,120
120,77,52,230
0,61,31,120
120,59,29,120
120,77,51,240
0,49,30,120
120,59,28,120
120,75,50,240
0,61,30,120
120,65,31,120
120,73,49,240
0,61,30,120
120,59,29,120
120,70,44,720
0,73,44,720
0,82,56,720
0,54,32,120
120,58,30,120
120,61,34,120
120,66,35,120
120,61,34,120
120,58,33,120
120,68,44,480
0,73,44,720
0,82,62,480
0,52,33,120
120,58,36,120
120,61,39,120
120,68,37,120
120,82,64,231
0,61,34,120
120,58,31,120
60,67,44,60
60,73,45,1440
0,82,68,480
0,51,36,120
120,58,38,120
120,61,41,120
120,67,45,120
120,75,57,240
0,61,42,120
120,58,39,120
120,75,57,240
0,55,39,120
120,61,38,120
120,77,51,60
0,63,41,120
60,79,51,60
60,77,56,240
0,70,46,120
120,63,42,120
120,75,56,110
0,61,39,120
120,73,49,720
0,75,59,720
0,56,38,120
120,61,38,120
120,63,42,120
120,68,45,120
120,63,41,120
120,61,38,120
120,72,53,720
0,80,64,960
0,51,38,120
120,60,37,120
120,63,40,120
120,68,44,120
120,63,41,120
120,60,39,120
120,73,55,1440
0,58,39,120
120,61,37,120
120,79,60,240
0,63,40,120
120,70,42,120
120,77,59,240
0,63,41,120
120,61,39,120
120,79,60,240
0,51,38,120
120,61,36,120
120,77,59,360
0,63,38,120
120,67,40,120
120,63,40,120
120,75,56,120
0,61,37,120
120,72,56,1440
0,84,56,720
0,56,38,120
120,60,40,120
120,63,44,120
120,68,45,120
120,63,44,120
120,60,42,120
120,84,64,480
0,55,40,720
120,56,41,120
120,60,45,120
120,63,49,120
120,84,63,230
0,60,47,120
120,56,41,120
120,84,68,960
0,54,36,720
120,56,36,120
120,60,39,120
120,63,42,120
120,60,41,120
120,56,38,120
120,54,38,720
120,56,41,120
120,82,63,360
0,60,41,120
120,63,41,120
120,60,38,120
120,80,63,110
0,56,35,120
120,80,63,720
0,53,33,720
120,56,33,120
120,61,36,120
120,65,39,120
120,61,37,120
120,56,35,120
120,85,75,720
0,53,35,120
120,56,38,120
120,61,41,120
120,68,42,120
120,61,40,120
120,56,37,120
120,85,82,480
0,51,35,120
120,56,38,120
120,60,41,120
120,66,41,120
120,84,78,240
0,60,39,120
120,56,36,120
120,84,75,240
0,51,35,120
120,56,34,120
120,82,71,360
0,60,37,120
120,66,39,120
120,60,36,120
120,80,63,120
0,56,31,120
120,89,80,720
0,50,32,120
120,56,31,120
120,59,35,120
120,65,37,120
120,59,36,120
120,56,34,120
120,89,77,480
0,50,33,120
120,56,30,120
120,58,35,120
120,65,37,120
120,89,81,230
0,58,36,120
120,56,34,120
120,89,85,720
0,51,35,120
120,54,35,120
120,58,38,120
120,63,39,120
120,58,38,120
120,54,36,120
120,87,72,240
0,42,32,120
120,54,31,120
120,85,71,240
0,58,36,120
120,63,38,120
120,82,70,240
0,58,36,120
120,54,34,120
120,84,75,720
0,44,34,120
120,53,36,120
120,56,37,120
120,61,39,120
120,56,37,120
120,53,35,120
120,82,71,240
0,44,36,120
120,53,34,120
120,80,68,240
0,56,35,120
120,61,38,120
120,77,63,240
0,56,37,120
120,53,36,120
120,82,69,240
0,44,36,120
120,54,34,120
120,80,64,240
0,56,36,120
120,60,36,120
120,78,61,240
0,56,35,120
120,54,34,120
120,78,55,60
0,44,34,120
60,80,55,60
60,78,63,120
0,54,31,120
120,77,58,360
0,56,35,120
120,60,37,120
120,56,35,120
120,76,59,110
0,54,33,120
120,76,59,720
0,49,34,120
120,56,33,120
120,61,36,120
120,65,37,120
120,61,36,120
120,58,35,120
120,77,63,480
0,56,37,240
120,61,36,120
120,65,39,120
120,68,40,120
120,80,57,240
0,65,39,120
120,61,38,120
120,68,57,480
0,54,42,720
60,80,57,660
60,56,42,120
120,60,42,120
120,63,42,120
120,72,63,480
0,60,42,120
120,56,42,120
120,84,63,240
0,54,51,720
120,56,45,120
120,70,63,360
0,82,63,360
0,60,45,120
120,63,45,120
120,60,41,120
120,68,63,110
0,80,63,110
0,56,38,120
120,68,63,720
0,80,63,1440
0,53,37,720
120,56,36,120
120,61,39,120
120,65,42,120
120,61,40,120
120,56,38,120
120,73,75,720
0,85,75,720
0,53,39,120
120,56,41,120
120,61,45,120
120,68,46,120
120,61,44,120
120,56,40,120
120,80,60,1080
0,73,75,480
0,85,75,480
0,51,39,120
120,56,41,120
120,60,45,120
120,66,45,120
120,72,78,240
0,84,78,240
0,60,42,120
120,56,39,120
120,72,75,360
0,84,75,360
0,51,37,120
120,56,37,120
120,60,40,120
120,70,71,120
0,82,71,120
0,66,42,120
120,68,63,240
0,80,63,240
0,60,39,120
120,56,34,120
120,80,80,720
0,77,68,720
0,89,80,720
0,50,39,120
120,56,37,120
120,59,41,120
120,65,44,120
120,59,42,120
120,56,40,120
120,77,65,480
0,80,77,480
0,89,77,480
0,50,35,120
120,56,36,120
120,58,41,120
120,65,44,120
120,77,62,230
0,80,74,230
0,89,74,230
0,58,42,120
120,56,40,120
120,77,69,720
0,80,82,720
0,89,82,720
0,51,35,120
120,54,38,120
120,58,41,120
120,63,42,120
120,58,41,120
120,54,39,120
120,78,67,240
0,75,56,240
0,87,67,240
0,42,34,120
120,54,34,120
120,73,55,360
0,78,65,360
0,85,65,360
0,58,39,120
120,63,41,120
120,58,39,120
120,70,54,120
0,78,64,120
0,82,64,120
0,54,37,120
120,72,52,720
0,80,62,720
0,84,62,720
0,44,36,120
120,53,39,120
120,56,40,120
120,61,42,120
120,56,40,120
120,53,38,120
120,70,54,240
0,78,64,240
0,82,64,240
0,44,35,120
120,53,35,120
120,68,57,240
0,77,68,240
0,80,68,240
0,56,37,120
120,61,39,120
120,70,61,240
0,77,72,240
0,82,72,240
0,56,37,120
120,53,35,120
120,77,77,480
0,71,65,480
0,83,77,480
0,44,35,120
120,53,37,120
120,56,39,120
120,62,41,120
120,77,75,240
0,70,63,240
0,82,75,240
0,56,39,120
120,53,36,120
120,71,66,1200
0,77,78,1200
0,83,78,1200
0,44,37,120
120,53,39,120
120,56,43,120
120,62,48,120
120,56,45,120
120,53,41,120
120,44,39,120
120,53,40,120
120,56,43,120
120,62,45,120
120,70,64,240
0,77,76,240
0,82,76,240
0,56,42,120
120,53,36,120
120,71,68,240
0,77,81,240
0,83,81,240
0,44,39,120
120,53,40,120
120,70,66,240
0,77,78,240
0,82,78,240
0,56,43,120
120,62,47,120
120,71,66,240
0,77,78,240
0,83,78,240
0,56,44,120
120,53,40,120
120,71,68,480
0,78,81,480
0,83,81,480
0,44,41,120
120,51,43,120
120,54,47,120
120,63,50,120
120,70,69,240
0,78,82,240
0,82,82,240
0,54,46,120
120,51,43,120
120,94,96,1080
0,90,96,1080
0,82,81,1080
0,44,67,120
120,51,50,120
120,54,55,120
120,63,58,120
120,54,55,120
120,51,52,120
120,44,62,120
120,51,50,120
120,54,55,120
120,84,80,110
0,78,80,110
0,72,68,110
0,60,58,120
120,72,68,230
0,78,80,230
0,84,80,230
0,54,55,120
120,51,51,120
120,72,79,360
0,78,93,360
0,84,93,360
0,44,67,120
120,51,57,120
120,54,61,120
120,89,89,120
0,80,89,120
0,77,75,120
0,60,65,120
120,87,92,240
0,78,92,240
0,75,78,240
0,54,62,120
120,51,59,120
120,85,104,120
0,77,104,120
0,73,88,120
0,37,71,120
480,44,70,120
120,53,75,120
120,65,97,120
0,61,83,240
120,73,75,120
120,80,79,120
120,77,83,120
120,85,87,120
120,94,91,120
120,84,86,240
0,92,96,240
0,32,73,120
480,44,68,120
120,51,74,120
120,66,97,120
0,60,84,240
120,72,75,120
120,80,80,120
120,78,84,120
120,84,88,120
120,92,93,120
120,85,87,240
0,89,97,240
0,37,78,120
480,44,70,120
120,53,75,120
120,65,97,120
0,61,83,240
120,73,75,120
120,80,79,120
120,77,83,120
120,85,87,120
120,94,91,120
120,84,86,240
0,92,96,240
0,32,78,120
480,44,68,120
120,51,74,120
120,66,97,120
0,60,84,240
120,72,75,120
120,80,80,120
120,78,84,120
120,84,88,120
120,92,93,120
120,85,87,240
0,89,97,240
0,25,82,240
480,44,68,120
120,53,74,120
120,65,97,120
0,61,84,240
120,73,75,120
120,80,78,120
120,77,75,120
120,85,79,120
120,92,75,120
120,85,78,120
120,77,75,120
120,80,80,120
120,73,75,120
120,65,79,120
120,68,75,120
120,61,78,120
120,53,77,120
120,56,82,120
120,49,79,120
120,41,87,120
120,49,85,120
120,25,86,120
0,37,102,120
720,97,101,720
0,85,85,720
0,61,86,720
0,73,102,720
2640,57,29,80
0,45,27,80
80,58,31,80
0,46,28,80
80,61,33,80
0,49,29,80
80,65,38,120
0,53,34,120
480,57,29,80
0,45,26,80
80,58,31,80
0,46,27,80
80,61,32,80
0,49,29,80
80,65,38,120
0,53,34,120
1440,58,100,120
0,34,95,120
0,46,95,120
720,94,92,1440
0,90,92,1440
0,82,78,1440
0,58,72,1440
0,60,72,1440
0,63,85,1440
0,66,85,1440
0,70,85,1440
1440,75,51,360
0,84,61,360
0,87,61,360
0,58,47,360
0,60,47,360
0,63,56,360
0,66,56,360
0,70,56,360
360,77,57,120
0,84,68,120
0,89,68,120
0,58,51,120
0,60,51,120
0,63,61,120
0,66,61,120
0,70,61,120
120,78,60,240
0,84,71,240
0,90,71,240
0,58,56,240
0,60,56,240
0,63,66,240
0,66,66,240
0,70,66,240
240,77,57,240
0,85,68,240
0,89,68,240
0,58,52,240
0,61,52,240
0,65,62,240
0,70,62,240
480,57,27,80
0,45,27,80
80,58,29,80
0,46,28,80
80,61,30,80
0,49,30,80
80,65,35,120
0,53,35,120
480,57,27,80
0,45,26,80
80,58,29,80
0,46,28,80
80,61,30,80
0,49,30,80
80,65,35,120
0,53,34,120
1440,56,100,120
0,32,95,120
0,44,95,120
660,56,75,1500
30,65,89,1470
30,92,90,1440
0,89,90,1440
0,80,76,1440
0,73,89,1440
1440,75,51,144
0,84,60,144
0,87,60,144
0,56,44,144
0,63,52,144
0,66,52,144
0,68,52,144
144,84,60,144
0,76,51,144
0,88,60,144
0,66,52,144
0,63,52,144
0,56,44,144
0,68,52,144
144,77,55,144
0,84,65,144
0,89,65,144
0,68,54,144
0,66,54,144
0,63,54,144
0,56,45,144
144,80,61,144
0,84,72,144
0,92,72,144
0,68,61,144
0,66,61,144
0,63,61,144
0,56,51,144
144,90,70,144
0,84,70,144
0,78,70,144
0,68,58,144
0,66,58,144
0,63,58,144
0,56,49,144
144,77,56,240
0,85,67,240
0,89,67,240
0,68,58,240
0,61,49,240
0,65,58,240
720,69,81,480
0,77,81,480
0,65,77,480
0,60,77,480
0,53,77,480
720,57,81,480
0,65,81,480
0,41,77,480
0,48,77,480
0,53,77,480
720,29,79,1680
0,41,94,1680
1680,30,82,180
0,42,97,180
2400,57,27,80
0,45,27,80
80,58,29,80
0,46,28,80
80,61,30,80
0,49,29,80
80,65,35,120
0,53,34,120
480,57,29,80
0,45,27,80
80,58,30,80
0,46,28,80
80,61,31,80
0,49,29,80
80,65,35,120
0,53,34,120
1440,58,100,120
0,46,95,120
0,34,95,120
720,82,78,1080
0,90,92,1080
0,94,92,1080
0,63,85,1080
0,58,72,1080
0,60,72,1080
0,70,85,1080
0,66,85,1080
1080,87,58,120
0,84,58,120
0,75,49,120
0,58,47,120
0,60,47,120
0,63,56,120
0,66,56,120
0,70,56,120
120,87,58,240
0,84,58,240
0,75,49,240
0,58,47,240
0,60,47,240
0,63,56,240
0,66,56,240
0,70,56,240
240,75,51,360
0,84,61,360
0,87,61,360
0,63,56,360
0,58,47,360
0,60,47,360
0,66,56,360
0,70,56,360
360,84,68,120
0,89,68,120
0,77,57,120
0,60,51,120
0,63,61,120
0,58,51,120
0,66,61,120
0,70,61,120
120,84,71,240
0,78,60,240
0,90,71,240
0,63,66,240
0,66,66,240
0,58,56,240
0,60,56,240
0,70,66,240
240,85,68,240
0,77,57,240
0,89,68,240
0,65,62,240
0,58,52,240
0,61,52,240
0,70,62,240
480,57,29,80
0,45,27,80
80,58,30,80
0,46,29,80
80,61,32,80
0,49,30,80
80,65,37,120
0,53,35,120
480,57,29,80
0,45,24,80
80,58,30,80
0,46,26,80
80,61,32,80
0,49,27,80
80,65,37,120
0,53,34,120
1440,48,100,120
0,24,95,120
0,36,95,120
720,84,76,1440
0,92,90,1440
0,96,90,1440
0,68,89,1440
0,72,89,1440
0,65,89,1440
0,60,75,1440
1440,91,73,180
0,97,73,180
0,85,62,180
0,60,58,180
0,70,69,180
0,64,69,10
0,72,69,180
180,84,60,180
0,91,71,180
0,96,71,180
0,60,53,180
0,64,63,180
0,70,63,180
0,72,63,180
180,89,67,180
0,77,56,180
0,84,67,180
0,64,61,180
0,60,51,180
0,72,61,180
0,70,61,180
180,91,68,180
0,84,68,180
0,79,57,180
0,72,62,180
0,64,62,180
0,60,52,180
0,70,62,180
180,92,73,240
0,84,73,240
0,80,62,240
0,72,68,240
0,65,68,240
0,68,68,240
720,72,81,480
0,80,81,480
0,68,68,480
0,77,81,480
0,53,65,480
0,65,77,480
0,60,77,480
720,60,81,480
0,68,81,480
0,56,68,480
0,65,81,480
0,53,77,480
0,48,77,480
0,41,65,480
720,28,79,1440
0,40,94,1440
1440,41,94,720
0,29,94,720
720,38,50,90
0,26,45,90
80,39,51,90
0,27,45,90
80,41,51,90
0,29,45,90
80,39,52,90
0,27,46,90
80,41,53,90
0,29,47,90
80,39,55,90
0,27,49,90
80,41,56,90
0,29,50,90
80,39,56,90
0,27,51,90
80,41,57,90
0,29,51,90
80,39,58,70
0,27,52,70
60,41,59,70
0,29,53,70
60,39,60,70
0,27,53,70
60,41,61,60
0,29,54,60
60,39,62,60
0,27,55,60
60,41,62,60
0,29,55,60
60,39,62,60
0,27,56,60
60,41,63,60
0,29,56,60
60,39,64,90
0,27,59,90
80,38,73,90
0,26,73,90
80,39,73,90
0,27,73,90
80,101,97,960
0,25,74,120
0,37,88,120
480,44,45,240
0,56,45,240
240,61,53,240
0,53,53,240
240,99,68,120
120,97,61,120
120,92,65,120
0,44,42,240
0,56,42,240
120,89,59,120
120,87,62,120
0,53,47,240
0,61,47,240
120,85,56,120
120,80,58,120
120,77,53,120
120,75,55,120
120,73,50,120
120,68,52,240
720,72,55,120
0,32,52,120
0,44,52,120
120,73,52,120
120,75,50,120
120,77,47,120
120,78,45,120
113,80,42,120
127,81,40,120
0,66,38,240
0,55,38,240
0,60,38,240
240,56,35,240
0,60,35,240
0,66,35,240
240,66,31,120
0,56,31,120
0,60,31,120
240,81,50,120
120,80,49,120
120,79,47,120
120,78,46,120
120,77,44,120
120,76,42,120
120,75,41,120
0,57,35,240
0,60,35,240
0,66,35,240
240,66,32,240
0,60,32,240
0,56,32,240
240,66,28,120
0,60,28,120
0,56,28,120
240,101,97,960
0,25,74,120
0,37,88,120
480,44,45,240
0,56,45,240
240,61,53,240
0,53,53,240
240,99,68,120
120,97,61,120
120,92,65,120
0,44,42,240
0,56,42,240
120,89,59,120
120,87,62,120
0,53,47,240
0,61,47,240
120,85,57,120
120,80,58,120
120,77,53,120
120,75,55,120
120,73,51,120
120,68,52,240
720,72,42,120
0,44,25,720
0,51,25,720
0,54,25,720
120,73,41,120
120,75,41,120
120,77,40,120
120,78,39,120
113,80,38,120
127,81,37,120
0,60,32,120
120,61,32,120
120,63,32,120
120,65,32,120
120,66,32,120
120,68,32,120
120,81,42,120
0,69,32,120
120,80,41,120
120,79,40,120
120,78,39,120
120,77,37,120
120,76,36,120
120,75,35,240
0,57,30,120
120,56,29,120
120,55,28,120
120,54,27,120
120,53,26,120
120,51,25,120
120,71,40,1440
0,77,59,960
0,49,27,120
120,56,28,120
120,61,30,120
120,65,34,120
120,61,31,120
120,56,30,120
120,49,29,120
120,59,28,120
120,75,53,360
0,61,30,120
120,65,31,120
120,61,30,120
120,73,52,110
0,59,29,120
120,71,43,720
0,73,58,720
0,54,28,120
120,59,28,120
120,61,31,120
120,66,34,120
120,61,31,120
120,59,29,120
120,70,56,720
0,78,56,1200
0,49,29,120
120,58,28,120
120,61,30,120
120,66,33,120
120,61,31,120
120,58,30,120
120,71,50,1440
0,56,28,120
120,59,28,120
120,61,30,120
120,68,33,120
120,77,52,240
0,61,31,120
120,59,29,120
120,77,51,240
0,49,29,120
120,59,28,120
120,75,50,240
0,61,30,120
120,65,31,120
120,73,49,230
0,61,30,120
120,59,29,120
120,70,44,720
0,73,44,720
0,82,56,720
0,54,29,120
120,58,30,120
120,61,34,120
120,66,35,120
120,61,34,120
120,58,33,120
120,68,44,480
0,73,44,720
0,82,62,480
0,52,35,120
120,58,36,120
120,61,39,120
120,68,37,120
120,82,64,240
0,61,34,120
120,58,31,120
60,67,44,60
60,73,45,1440
0,82,68,480
0,51,36,120
120,58,38,120
120,61,41,120
120,67,45,120
120,75,57,240
0,61,42,120
120,58,39,120
120,75,57,240
0,55,36,120
120,61,38,120
120,77,51,60
0,63,41,120
60,79,51,60
60,77,56,240
0,70,46,120
120,63,42,120
120,75,56,110
0,61,39,120
120,73,49,720
0,75,59,720
0,56,37,120
120,61,38,120
120,63,42,120
120,68,45,120
120,63,41,120
120,61,38,120
120,72,53,720
0,80,64,960
0,51,36,120
120,60,37,120
120,63,40,120
120,68,44,120
120,63,41,120
120,60,39,120
120,73,55,1440
0,58,36,120
120,61,37,120
120,79,60,240
0,63,40,120
120,70,42,120
120,77,59,240
0,63,41,120
120,61,39,120
120,79,60,240
0,51,37,120
120,61,36,120
120,77,59,360
0,63,38,120
120,67,40,120
120,63,40,120
120,75,56,120
0,61,37,120
120,72,56,1440
0,84,56,720
0,56,50,120
120,60,40,120
120,63,44,120
120,68,45,120
120,63,44,120
120,60,42,120
120,84,64,480
0,55,39,720
120,56,41,120
120,60,45,120
120,63,49,120
120,84,63,230
0,60,47,120
120,56,41,120
120,84,68,960
0,54,38,720
120,56,36,120
120,60,39,120
120,63,42,120
120,60,41,120
120,56,38,120
120,54,47,720
120,56,41,120
120,82,63,360
0,60,41,120
120,63,41,120
120,60,38,120
120,80,63,110
0,56,35,120
120,80,63,720
0,53,34,720
120,56,33,120
120,61,36,120
120,65,39,120
120,61,37,120
120,56,35,120
120,85,75,720
0,53,36,120
120,56,38,120
120,61,41,120
120,68,42,120
120,61,40,120
120,56,37,120
120,85,82,480
0,51,35,120
120,56,38,120
120,60,41,120
120,66,41,120
120,84,78,230
0,60,39,120
120,56,36,120
120,84,75,240
0,51,34,120
120,56,34,120
120,82,71,360
0,60,37,120
120,66,39,120
120,60,36,120
120,80,63,120
0,56,31,120
120,89,80,720
0,50,31,120
120,56,31,120
120,59,35,120
120,65,37,120
120,59,36,120
120,56,34,120
120,89,77,480
0,50,34,120
120,56,30,120
120,58,35,120
120,65,37,120
120,89,81,230
0,58,36,120
120,56,34,120
120,89,85,720
0,51,34,120
120,54,35,120
120,58,38,120
120,63,39,120
120,58,38,120
120,54,36,120
120,87,72,240
0,42,34,120
120,54,31,120
120,85,71,240
0,58,36,120
120,63,38,120
120,82,70,240
0,58,36,120
120,54,34,120
120,84,75,720
0,44,35,120
120,53,36,120
120,56,37,120
120,61,39,120
120,56,37,120
120,53,35,120
120,82,71,240
0,44,33,120
120,53,34,120
120,80,68,240
0,56,35,120
120,61,38,120
120,77,63,240
0,56,37,120
120,53,36,120
120,82,69,240
0,44,39,120
120,54,34,120
120,80,64,240
0,56,36,120
120,60,36,120
120,78,61,230
0,56,35,120
120,54,34,120
120,78,55,60
0,44,31,120
60,80,55,60
60,78,63,120
0,54,31,120
120,77,58,360
0,56,35,120
120,60,37,120
120,56,35,120
120,76,59,110
0,54,33,120
120,76,59,720
0,49,33,120
120,56,33,120
120,61,36,120
120,65,37,120
120,61,36,120
120,58,35,120
120,77,63,480
0,56,36,120
120,61,36,120
120,65,39,120
120,68,40,120
120,80,57,240
0,65,39,120
120,61,38,120
120,68,57,480
0,54,38,720
60,80,57,660
60,56,42,120
120,60,42,120
120,63,42,120
120,72,63,480
0,60,42,120
120,56,42,120
120,84,63,240
0,54,41,720
120,56,45,120
120,70,63,360
0,82,63,360
0,60,45,120
120,63,45,120
120,60,41,120
120,68,63,110
0,80,63,110
0,56,38,120
120,68,63,720
0,80,63,1440
0,53,37,720
120,56,36,120
120,61,39,120
120,65,42,120
120,61,40,120
120,56,38,120
120,73,75,720
0,85,75,720
0,53,39,120
120,56,41,120
120,61,45,120
120,68,46,120
120,61,44,120
120,56,40,120
120,78,60,720
0,80,60,720
0,73,75,360
0,85,75,360
0,51,39,120
120,56,41,120
120,60,45,120
120,84,71,120
0,72,71,120
0,66,45,120
120,80,70,240
0,78,70,240
0,72,70,240
0,84,70,240
0,60,42,120
120,56,39,120
120,80,60,360
0,78,60,360
0,72,75,360
0,84,75,360
0,51,38,120
120,56,37,120
120,60,40,120
120,70,71,120
0,82,71,120
0,66,42,120
120,78,60,240
0,68,63,240
0,80,63,240
0,60,39,120
120,56,34,120
120,80,80,720
0,77,68,720
0,89,80,720
0,50,35,120
120,56,37,120
120,59,41,120
120,65,44,120
120,59,42,120
120,56,40,120
120,77,65,480
0,80,77,480
0,89,77,480
0,50,35,120
120,56,36,120
120,58,41,120
120,65,44,120
120,77,66,230
0,80,78,230
0,89,78,230
0,58,42,120
120,56,40,120
120,77,69,720
0,80,82,720
0,89,82,720
0,51,37,120
120,54,38,120
120,58,41,120
120,63,42,120
120,58,41,120
120,54,39,120
120,78,67,240
0,75,56,240
0,87,67,240
0,42,37,120
120,54,34,120
120,73,55,360
0,78,65,360
0,85,65,360
0,58,39,120
120,63,41,120
120,58,39,120
120,70,54,120
0,78,64,120
0,82,64,120
0,54,37,120
120,72,52,720
0,80,62,720
0,84,62,720
0,44,37,120
120,53,39,120
120,56,40,120
120,61,42,120
120,56,40,120
120,53,38,120
120,70,54,240
0,78,64,240
0,82,64,240
0,44,35,120
120,53,35,120
120,68,57,240
0,77,68,240
0,80,68,240
0,56,37,120
120,61,39,120
120,70,61,240
0,77,72,240
0,82,72,240
0,56,37,120
120,53,35,120
120,77,77,480
0,71,65,480
0,83,77,480
0,44,38,120
120,53,37,120
120,56,39,120
120,62,41,120
120,77,75,240
0,70,63,240
0,82,75,240
0,56,39,120
120,53,36,120
120,71,66,1200
0,77,78,1200
0,83,78,1200
0,44,40,120
120,53,39,120
120,56,43,120
120,62,48,120
120,56,45,120
120,53,41,120
120,44,40,120
120,53,40,120
120,56,43,120
120,62,45,120
120,70,64,240
0,77,76,240
0,82,76,240
0,56,42,120
120,53,36,120
120,71,68,240
0,77,81,240
0,83,81,240
0,44,52,120
120,53,40,120
120,70,66,240
0,77,78,240
0,82,78,240
0,56,43,120
120,62,47,120
120,71,66,240
0,77,78,240
0,83,78,240
0,56,44,120
120,53,40,120
120,71,68,480
0,78,81,480
0,83,81,480
0,44,54,120
120,51,43,120
120,54,47,120
120,63,50,120
120,70,69,240
0,78,82,240
0,82,82,240
0,54,46,120
120,51,43,120
120,94,95,1080
0,90,95,1080
0,82,80,1080
0,44,67,120
120,51,50,120
120,54,55,120
120,63,58,120
120,54,55,120
120,51,52,120
120,44,62,120
120,51,50,120
120,54,55,120
120,84,80,110
0,78,80,110
0,72,68,110
0,60,58,120
120,72,68,230
0,78,80,230
0,84,80,230
0,54,55,120
120,51,51,120
120,72,79,360
0,78,93,360
0,84,93,360
0,44,67,120
120,51,57,120
120,54,61,120
120,89,89,120
0,80,89,120
0,77,75,120
0,60,65,120
120,87,92,240
0,78,92,240
0,75,78,240
0,54,62,120
120,51,59,120
120,85,101,120
0,77,101,120
0,73,85,120
0,37,71,120
480,44,70,120
120,53,75,120
120,65,97,120
0,61,83,240
120,73,75,120
120,80,79,120
120,77,83,120
120,85,87,120
120,94,91,120
120,84,86,240
0,92,96,240
0,32,87,120
480,44,68,120
120,51,74,120
120,66,97,120
0,60,84,240
120,72,75,120
120,80,80,120
120,78,84,120
120,84,88,120
120,92,93,120
120,85,87,240
0,89,97,240
0,37,87,120
480,44,70,120
120,53,75,120
120,65,97,120
0,61,83,240
120,73,75,120
120,80,79,120
120,77,83,120
120,85,87,120
120,94,91,120
120,84,86,240
0,92,96,240
0,32,87,120
480,44,68,120
120,51,74,120
120,66,97,120
0,60,84,240
120,72,75,120
120,80,80,120
120,78,84,120
120,84,88,120
120,92,93,120
120,85,97,240
0,89,97,240
0,25,82,240
480,44,68,120
120,53,74,120
120,65,97,120
0,61,84,240
120,73,75,120
120,80,78,120
120,77,75,120
120,85,79,120
120,92,75,120
120,85,78,120
120,77,75,120
120,80,80,120
120,73,75,120
120,65,79,120
120,68,75,120
120,61,78,120
120,53,77,120
120,56,82,120
120,49,79,120
120,41,87,120
120,49,85,120
120,25,96,120
0,37,96,120
720,97,101,720
0,85,85,720
0,61,86,720
0,73,102,720
2160,52,44,720
0,61,52,720
0,64,52,720
0,33,40,720
0,45,40,2880
720,54,37,720
0,61,44,960
0,66,44,2160
0,38,36,2160
960,59,57,240
240,61,57,240
240,64,60,240
240,62,56,240
240,61,56,230
240,52,44,720
0,61,52,720
0,64,52,720
0,33,40,720
0,45,40,2880
720,54,37,720
0,61,44,960
0,66,44,2160
0,38,36,2160
960,59,57,240
240,61,57,240
240,64,60,240
240,62,56,360
360,61,56,110
120,56,37,1200
0,61,44,720
0,64,44,1440
0,40,34,1200
0,50,34,1200
720,59,37,480
480,57,32,240
0,45,30,1680
0,49,30,240
240,61,30,1440
0,52,26,1440
1440,73,53,600
480,52,32,240
0,55,32,240
0,58,32,240
120,71,45,60
60,73,45,60
60,71,50,360
0,50,38,240
0,54,38,240
0,59,38,240
360,69,47,120
120,71,50,240
0,54,32,240
0,57,32,240
0,62,32,240
240,73,53,360
0,53,36,480
0,56,36,480
0,61,36,480
360,74,50,120
120,73,48,120
0,52,31,240
0,55,31,240
0,58,31,240
120,71,43,60
60,73,43,60
60,71,52,360
0,50,37,240
0,54,37,240
0,59,37,240
360,69,48,120
120,71,47,240
0,54,32,240
0,57,32,240
0,62,32,240
240,73,39,120
0,49,29,240
30,56,29,210
30,65,29,180
60,61,29,120
120,73,29,120
120,68,29,120
120,73,29,120
120,68,29,120
120,80,29,120
0,37,25,120
120,73,29,120
120,80,29,120
120,73,29,120
120,85,29,120
120,80,29,120
120,85,29,120
120,80,29,120
120,92,29,120
120,85,29,120
120,92,29,120
120,85,29,120
120,97,39,120
720,52,44,720
0,61,52,1680
0,64,52,720
0,33,40,720
0,45,40,2880
720,54,37,720
0,66,44,2160
0,38,36,2160
960,59,57,240
240,61,57,240
240,64,60,240
240,62,56,240
240,61,56,240
240,52,44,720
0,61,52,1680
0,64,52,720
0,33,40,720
0,45,40,3600
720,54,37,2880
0,66,44,2160
0,38,36,2880
960,59,57,240
240,61,57,240
240,64,60,240
240,62,56,360
360,61,56,50
60,61,50,60
60,69,56,240
240,66,53,240
240,62,51,240
240,56,37,1200
0,61,44,720
0,64,44,1440
0,40,34,1200
0,52,34,720
720,59,37,480
0,50,34,480
480,57,32,240
0,45,30,240
0,49,30,240
240,61,30,1440
0,45,26,1440
0,52,26,1440
2160,73,42,1560
1560,75,42,120
120,78,43,120
120,76,41,120
120,73,39,120
120,69,39,120
120,68,35,30
60,68,35,60
60,80,43,480
360,59,26,240
0,62,26,240
0,65,26,240
120,78,37,60
60,80,37,60
60,78,43,360
0,57,31,240
0,61,31,240
0,66,31,240
360,76,39,120
120,78,39,240
0,61,28,240
0,64,28,240
0,69,28,240
240,80,42,360
0,60,31,480
0,63,31,480
0,68,31,480
360,81,40,120
120,80,40,120
0,59,27,240
0,62,27,240
0,65,27,240
120,78,37,60
60,80,37,60
60,78,44,360
0,57,31,240
0,61,31,240
0,66,31,240
360,76,33,120
120,78,31,240
0,61,25,240
0,64,25,240
0,69,25,240
240,80,31,1080
0,56,24,240
0,63,24,240
0,72,24,240
720,44,24,240
360,68,25,120
120,80,25,120
120,75,25,120
120,80,25,120
120,75,25,120
120,87,21,120
120,80,21,120
120,87,21,120
120,80,21,120
120,92,28,120
240,80,44,240
240,78,44,240
240,76,45,960
0,49,33,720
240,67,34,120
0,64,30,240
120,68,34,120
120,71,34,80
0,56,30,480
80,69,34,80
80,68,34,80
80,68,43,960
0,51,33,720
0,54,33,720
240,76,42,240
0,60,32,240
240,75,42,240
0,56,32,480
240,73,44,240
0,52,33,720
240,67,36,120
0,61,32,240
120,68,32,120
120,71,36,80
0,56,32,480
80,69,36,80
80,68,32,80
80,68,44,960
0,48,33,720
240,80,43,240
0,63,31,240
240,78,40,240
0,56,31,480
240,76,46,960
0,49,33,720
240,67,38,120
0,64,33,240
120,68,34,120
120,71,38,80
0,56,31,480
80,69,38,80
80,68,35,80
80,68,42,720
0,51,33,720
0,54,33,720
240,76,43,240
0,60,31,240
240,75,41,240
0,56,31,480
240,73,47,240
0,52,33,720
240,72,37,120
0,61,31,240
120,73,37,120
120,76,37,80
0,56,31,240
80,74,37,80
80,73,34,80
80,73,41,960
0,59,31,240
0,53,33,720
240,85,46,240
0,68,31,240
240,83,44,240
0,61,31,480
240,81,53,960
0,54,36,720
0,57,36,720
240,72,32,120
0,66,31,240
120,73,30,120
120,76,32,80
0,61,31,480
80,74,32,80
80,73,30,80
80,73,37,960
0,56,33,720
0,59,33,720
240,81,38,240
0,65,31,240
240,80,36,240
0,61,31,480
240,78,40,240
0,57,33,720
240,72,27,120
0,66,27,240
120,73,28,120
120,76,30,80
0,61,27,480
80,74,30,80
80,73,27,80
80,73,38,960
0,53,30,720
240,85,40,240
0,68,31,240
240,83,37,240
0,61,31,480
240,81,45,960
0,54,33,720
0,57,33,720
240,72,37,120
0,69,31,240
120,73,37,120
120,76,37,80
0,61,31,480
80,74,37,80
80,73,34,80
80,73,42,960
0,56,33,720
0,59,33,720
240,81,44,240
0,65,31,240
240,80,42,240
0,61,31,480
240,78,47,960
0,57,33,720
240,72,37,120
0,66,31,240
120,73,34,120
120,76,37,80
0,61,31,240
80,74,37,80
80,73,34,80
80,73,41,720
0,45,31,120
240,80,43,240
0,61,28,240
240,81,42,240
0,54,28,240
240,80,50,240
0,44,30,240
0,51,30,720
240,67,32,120
0,60,27,240
120,68,30,120
120,71,32,80
0,54,27,240
80,69,32,80
80,68,30,80
80,68,37,960
0,52,31,720
240,78,47,240
0,61,33,240
240,76,47,240
0,56,33,240
240,75,53,960
0,44,38,240
0,54,38,720
240,67,38,120
0,60,32,240
120,68,35,120
120,71,38,80
0,56,32,480
80,69,38,80
80,68,35,80
80,68,46,960
0,52,37,720
240,75,47,240
0,61,31,240
240,73,44,240
0,56,31,240
240,72,52,240
0,44,36,240
0,51,36,720
240,67,41,120
0,60,34,240
120,68,39,120
120,71,41,80
0,56,34,480
80,69,41,80
80,68,38,80
80,68,52,960
0,52,38,720
240,78,43,240
0,61,31,240
240,76,41,240
0,56,31,240
240,75,47,240
0,47,33,1440
240,70,38,120
0,54,29,1200
120,71,36,120
120,75,38,80
0,57,29,960
80,73,38,80
80,71,35,80
80,71,41,720
0,63,33,720
240,76,34,240
240,78,34,240
240,68,35,120
0,52,32,720
120,71,37,120
120,76,40,120
0,64,29,240
0,59,29,240
120,80,42,120
120,78,44,120
0,56,30,240
120,76,42,120
120,80,38,120
0,51,35,720
120,83,40,120
120,88,43,120
0,64,30,240
0,59,30,240
120,92,46,120
120,90,50,120
0,56,32,240
120,88,47,120
120,83,44,120
0,52,32,240
120,80,43,120
120,78,42,120
0,64,30,240
0,59,30,240
120,76,41,120
120,71,40,120
0,56,30,240
120,68,39,120
120,66,38,120
0,47,32,720
120,64,37,120
120,59,36,120
120,68,39,120
120,66,38,120
120,64,37,120
120,61,36,120
0,45,36,120
120,64,34,120
120,66,37,120
0,64,31,240
0,61,31,240
120,69,39,120
120,73,41,120
0,54,31,240
120,76,43,120
120,78,46,120
0,42,40,120
120,81,48,120
120,85,50,120
0,64,35,240
0,61,35,240
120,88,51,120
120,90,49,120
0,54,35,240
120,93,47,120
120,92,50,120
0,47,38,120
120,90,49,120
120,87,49,120
0,59,34,1200
0,63,34,1200
120,81,48,120
120,80,47,120
0,54,31,240
120,78,46,120
120,75,45,120
0,56,38,240
120,71,44,120
120,75,45,120
0,54,40,240
120,73,42,120
120,71,39,120
0,56,48,240
120,69,37,120
120,68,35,120
0,52,35,720
120,71,37,120
120,76,40,120
0,64,31,240
0,59,31,240
120,80,42,120
120,78,44,120
0,56,33,240
120,76,42,120
120,80,38,120
0,51,38,720
120,83,40,120
120,88,43,120
0,64,33,240
0,59,33,240
120,92,46,120
120,90,50,120
0,56,35,240
120,88,47,120
120,83,44,120
0,52,35,240
120,80,43,120
120,78,42,120
0,64,33,240
0,59,33,240
120,76,41,120
120,71,40,120
0,56,33,240
120,68,39,120
120,66,38,120
0,47,35,720
120,64,37,120
120,59,36,120
120,68,39,120
120,66,38,120
120,64,37,120
120,61,36,120
0,45,36,120
120,64,34,113
120,66,37,120
0,64,31,240
0,61,31,240
120,69,39,120
120,73,41,120
0,54,31,240
120,76,43,120
120,78,46,120
0,42,40,120
120,81,48,120
120,85,50,120
0,64,35,240
0,61,35,240
120,88,51,120
120,90,49,120
0,54,35,240
120,93,47,120
120,92,47,120
0,47,42,120
120,90,48,120
120,87,49,120
0,59,36,1200
0,63,36,1200
120,81,50,120
120,80,51,120
0,54,36,240
120,78,52,120
120,75,53,120
0,56,38,240
120,71,52,120
120,75,51,120
0,54,40,240
120,73,51,120
120,71,53,120
0,56,45,240
120,69,57,120
120,68,56,120
0,52,49,720
120,71,59,120
120,76,61,120
0,64,44,240
0,59,44,240
120,80,63,120
120,78,65,120
0,56,44,240
120,76,63,120
120,80,61,120
0,47,67,120
120,83,61,120
120,88,64,120
0,64,74,240
0,59,74,240
120,92,66,120
120,90,69,120
0,56,74,240
120,88,65,120
120,84,62,120
0,45,70,240
0,57,70,240
120,81,61,120
120,78,60,120
0,48,77,480
0,60,77,480
120,76,60,120
120,72,59,120
120,69,58,120
120,66,57,120
120,64,56,120
120,60,55,120
120,57,54,120
120,54,53,120
120,52,52,120
120,56,52,120
0,40,66,720
120,59,51,120
120,64,52,120
0,52,52,240
120,68,53,120
120,66,54,120
0,47,52,240
120,64,52,120
120,68,49,120
0,35,68,120
120,71,51,120
120,76,54,120
0,52,68,240
120,80,57,120
120,78,59,120
0,47,68,240
120,76,57,120
120,72,59,120
0,33,75,240
0,45,75,240
120,69,61,120
120,66,62,120
0,36,86,480
0,48,86,480
120,64,64,120
120,60,66,120
120,57,67,120
120,54,69,120
120,52,71,120
120,48,73,120
120,45,74,120
120,42,76,120
120,40,78,120
120,28,98,240
240,47,73,120
120,52,68,120
120,57,68,120
120,56,68,120
120,59,73,120
120,64,67,120
120,69,67,120
120,68,68,120
120,71,72,120
120,76,73,120
120,81,76,120
0,68,80,240
0,59,80,240
0,52,80,240
120,80,71,120
120,83,71,120
120,88,71,120
120,93,71,120
120,92,71,120
120,88,77,120
120,83,71,120
120,81,71,120
120,80,71,120
120,76,71,120
120,71,71,120
120,69,71,120
120,68,72,120
120,64,73,120
120,59,75,120
120,57,77,120
120,56,78,120
120,52,80,120
120,47,81,120
120,45,82,120
120,44,84,120
120,40,86,120
120,35,88,120
120,28,96,720
1440,52,55,720
0,61,65,720
0,64,65,720
0,33,50,720
0,45,50,2880
720,54,46,720
0,61,55,960
0,66,55,2160
0,38,44,2160
960,59,71,240
240,61,71,240
240,64,75,240
240,62,70,360
360,61,64,110
120,52,55,720
0,61,65,720
0,64,65,720
0,33,50,720
0,45,50,3600
720,54,46,2880
0,61,55,960
0,66,55,2160
0,38,44,2880
960,59,67,240
240,61,67,240
240,64,72,240
240,62,66,360
360,61,57,50
60,61,54,540
60,69,63,240
240,66,62,480
240,62,57,240
240,56,52,1200
0,61,52,720
0,64,52,1440
0,40,41,1200
0,52,41,720
720,59,43,480
0,50,39,480
480,57,37,240
0,45,36,1680
0,49,36,240
240,61,35,1440
0,52,32,1440
1440,73,53,600
480,52,32,240
0,55,32,240
0,58,32,240
120,71,45,60
60,73,45,60
60,71,50,360
0,50,38,240
0,54,38,240
0,59,38,240
360,69,47,120
120,71,50,240
0,54,32,240
0,57,32,240
0,62,32,240
240,73,53,360
0,53,36,480
0,56,36,480
0,61,36,480
360,74,50,120
120,73,48,120
0,52,31,240
0,55,31,240
0,58,31,240
120,71,43,60
60,73,43,60
60,71,52,360
0,50,37,240
0,54,37,240
0,59,37,240
360,69,48,120
120,71,47,240
0,54,32,240
0,57,32,240
0,62,32,240
240,73,39,120
0,49,29,240
30,56,29,210
30,65,29,180
60,61,29,120
120,73,29,120
120,68,29,120
120,73,29,120
120,68,29,120
120,80,29,120
0,37,25,120
120,73,29,120
120,80,29,120
120,73,29,120
120,85,29,120
120,80,29,120
120,85,29,120
120,80,29,120
120,92,29,120
120,85,29,120
120,92,29,120
120,85,29,120
120,97,39,120
720,52,37,720
0,61,44,1680
0,64,44,720
0,45,34,2880
720,54,31,720
0,66,37,2160
0,38,30,2160
960,59,48,240
240,61,48,240
240,64,51,240
240,62,47,360
360,61,47,120
120,52,37,720
0,61,44,1680
0,64,44,720
0,33,34,720
0,45,34,3600
720,54,31,2880
0,66,37,2160
0,38,30,2880
960,59,48,240
240,61,48,240
240,64,51,240
240,62,47,240
240,61,47,170
180,61,40,660
60,69,36,120
120,68,33,120
120,71,39,120
120,69,38,120
120,66,36,120
120,62,35,120
120,56,31,1200
0,61,37,720
0,64,37,1440
0,40,28,1200
0,52,28,720
720,59,31,480
0,50,28,480
480,57,27,240
0,45,25,1680
0,49,25,240
240,61,25,1440
0,52,22,1440
2160,73,42,1560
1560,75,42,120
120,78,43,120
120,76,41,120
120,73,39,120
120,69,39,120
120,68,35,30
60,68,35,60
60,80,43,480
360,59,26,240
0,62,26,240
0,65,26,240
120,78,37,60
60,80,37,60
60,78,43,360
0,57,31,240
0,61,31,240
0,66,31,240
360,76,39,120
120,78,39,240
0,61,28,240
0,64,28,240
0,69,28,240
240,80,42,360
0,60,31,480
0,63,31,480
0,68,31,480
360,81,40,120
120,80,40,120
0,59,27,240
0,62,27,240
0,65,27,240
120,78,37,60
60,80,37,60
60,78,44,360
0,57,31,240
0,61,31,240
0,66,31,240
360,76,33,120
120,78,31,240
0,61,25,240
0,64,25,240
0,69,25,240
240,80,31,1080
0,56,24,240
0,63,24,240
0,72,24,240
720,44,24,240
360,68,25,120
120,80,25,120
120,75,25,120
120,80,25,120
120,75,25,120
120,87,21,120
120,80,21,120
120,87,21,120
120,80,21,120
120,92,28,120
240,80,44,240
240,78,44,240
240,76,45,960
0,49,33,720
240,67,34,120
0,64,30,240
120,68,31,120
120,71,34,80
0,56,30,480
80,69,34,80
80,68,32,80
80,68,43,960
0,51,33,720
0,54,33,720
240,76,42,240
0,60,32,240
240,75,39,240
0,56,32,480
240,73,44,240
0,52,33,720
240,67,36,120
0,61,32,240
120,68,33,120
120,71,36,80
0,56,32,480
80,69,36,80
80,68,33,80
80,68,44,960
0,48,33,720
240,80,43,240
0,63,31,240
240,78,39,240
0,56,31,480
240,76,46,960
0,49,33,720
240,67,38,120
0,64,33,240
120,68,35,120
120,71,38,80
0,56,31,480
80,69,38,80
80,68,36,80
80,68,42,720
0,51,33,720
0,54,33,720
240,76,43,240
0,60,31,240
240,75,38,240
0,56,31,480
240,73,47,240
0,52,33,720
240,72,37,120
0,61,31,240
120,73,35,120
120,76,37,80
0,56,31,240
80,74,37,80
80,73,35,70
80,73,41,960
0,59,31,240
0,53,33,720
240,85,46,240
0,68,31,240
240,83,43,240
0,61,31,480
240,81,53,960
0,54,36,720
0,57,36,720
240,72,32,120
0,66,31,240
120,73,30,120
120,76,32,80
0,61,31,480
80,74,32,80
80,73,30,70
80,73,37,960
0,56,33,720
0,59,33,720
240,81,38,240
0,65,31,240
240,80,36,240
0,61,31,480
240,78,40,240
0,57,33,720
240,72,27,120
0,66,27,240
120,73,27,120
120,76,30,80
0,61,27,480
80,74,30,80
80,73,29,70
80,73,38,960
0,53,30,720
240,85,40,240
0,68,31,240
240,83,38,240
0,61,31,480
240,81,45,960
0,54,33,720
0,57,33,720
240,72,37,120
0,69,31,240
120,73,37,120
120,76,37,80
0,61,31,480
80,74,37,80
80,73,34,70
80,73,42,960
0,56,33,720
0,59,33,720
240,81,44,240
0,65,31,240
240,80,40,240
0,61,31,480
240,78,47,960
0,57,33,720
240,72,37,120
0,66,31,240
120,73,35,120
120,76,37,80
0,61,31,240
80,74,37,80
80,73,35,70
80,73,41,720
0,45,31,120
240,80,43,240
0,61,28,240
240,81,40,240
0,54,28,240
240,80,50,240
0,44,30,240
0,51,30,720
240,67,32,120
0,60,27,240
120,68,30,120
120,71,32,80
0,54,27,240
80,69,32,80
80,68,30,70
80,68,37,960
0,52,31,720
240,78,47,240
0,61,33,240
240,76,44,240
0,56,33,240
240,75,53,960
0,44,38,240
0,54,38,720
240,67,38,120
0,60,32,240
120,68,38,120
120,71,38,80
0,56,32,480
80,69,38,80
80,68,35,70
80,68,46,960
0,52,37,720
240,75,47,240
0,61,31,240
240,73,44,240
0,56,31,240
240,72,52,240
0,44,36,240
0,51,36,720
240,67,41,120
0,60,34,240
120,68,38,120
120,71,41,80
0,56,34,480
80,69,41,80
80,68,38,70
80,68,52,960
0,52,38,720
240,78,43,240
0,61,31,240
240,76,39,240
0,56,31,240
240,75,47,240
0,47,33,1440
240,70,38,120
0,54,29,1200
120,71,36,120
120,75,38,80
0,57,29,960
80,73,38,80
80,71,35,70
80,71,41,720
0,63,33,720
240,76,34,240
240,78,34,240
240,68,35,120
0,52,32,720
120,71,37,120
120,76,40,120
0,64,29,240
0,59,29,240
120,80,42,120
120,78,44,120
0,56,30,240
120,76,42,120
120,80,38,120
0,51,35,720
120,83,40,120
120,88,43,120
0,64,30,240
0,59,30,240
120,92,46,120
120,90,50,120
0,56,32,240
120,88,47,120
120,83,44,120
0,52,32,240
120,80,43,120
120,78,42,120
0,64,30,240
0,59,30,240
120,76,41,120
120,71,40,120
0,56,30,240
120,68,39,120
120,66,38,120
0,47,32,720
120,64,37,120
120,59,36,120
120,68,39,120
120,66,38,120
120,64,37,120
120,61,36,120
0,45,36,120
120,64,34,120
120,66,37,120
0,64,31,240
0,61,31,240
120,69,39,120
120,73,41,120
0,54,31,240
120,76,43,120
120,78,46,120
0,42,40,120
120,81,48,120
120,85,50,120
0,64,35,240
0,61,35,240
120,88,51,120
120,90,49,120
0,54,35,240
120,93,47,120
120,92,50,120
0,47,38,120
120,90,49,120
120,87,49,120
0,59,34,1200
0,63,34,1200
120,81,48,120
120,80,47,120
0,54,31,240
120,78,46,120
120,75,45,120
0,56,38,240
120,71,44,120
120,75,45,120
0,54,40,240
120,73,42,120
120,71,39,120
0,56,48,240
120,69,37,120
120,68,35,120
0,52,35,720
120,71,37,120
120,76,40,120
0,64,31,240
0,59,31,240
120,80,42,120
120,78,44,120
0,56,33,240
120,76,42,120
120,80,38,120
0,51,38,720
120,83,40,120
120,88,43,120
0,64,33,240
0,59,33,240
120,92,46,120
120,90,50,120
0,56,35,240
120,88,47,120
120,83,44,120
0,52,35,240
120,80,43,120
120,78,42,120
0,64,33,240
0,59,33,240
120,76,41,120
120,71,40,120
0,56,33,240
120,68,39,120
120,66,38,120
0,47,35,720
120,64,37,120
120,59,36,120
120,68,39,120
120,66,38,120
120,64,37,120
120,61,36,120
0,45,36,120
120,64,34,113
120,66,37,120
0,64,31,240
0,61,31,240
120,69,39,120
120,73,41,120
0,54,31,240
120,76,43,120
120,78,46,120
0,42,40,120
120,81,48,120
120,85,50,120
0,64,35,240
0,61,35,240
120,88,51,120
120,90,49,120
0,54,35,240
120,93,47,120
120,92,47,120
0,47,42,120
120,90,48,120
120,87,49,120
0,59,36,1200
0,63,36,1200
120,81,50,120
120,80,51,120
0,54,36,240
120,78,52,120
120,75,53,120
0,56,38,240
120,71,52,120
120,75,51,120
0,54,40,240
120,73,51,120
120,71,53,120
0,56,45,240
120,69,57,120
120,68,56,120
0,52,49,720
120,71,59,120
120,76,61,120
0,64,44,240
0,59,44,240
120,80,63,120
120,78,65,120
0,56,44,240
120,76,63,120
120,80,61,120
0,47,62,120
120,83,61,120
120,88,64,120
0,64,67,240
0,59,67,240
120,92,66,120
120,90,69,120
0,56,67,240
120,88,65,120
120,84,62,120
0,45,70,240
0,57,70,240
120,81,61,120
120,78,60,120
0,48,77,480
0,60,77,480
120,76,60,120
120,72,59,120
120,69,58,120
120,66,57,120
120,64,56,120
120,60,55,120
120,57,54,120
120,54,53,120
120,52,52,120
120,56,52,120
0,40,66,720
120,59,51,120
120,64,52,120
0,52,52,240
120,68,53,120
120,66,54,120
0,47,52,240
120,64,52,120
120,68,49,120
0,35,68,120
120,71,51,120
120,76,54,120
0,52,66,240
120,80,57,120
120,78,59,120
0,47,66,240
120,76,57,120
120,72,59,120
0,33,75,240
0,45,75,240
120,69,61,120
120,66,62,120
0,36,86,480
0,48,86,480
120,64,64,120
120,60,66,120
120,57,67,120
120,54,69,120
120,52,71,120
120,48,73,120
120,45,74,120
120,42,76,120
120,40,78,120
120,28,104,240
240,47,73,120
120,52,68,120
120,57,68,120
120,56,68,120
120,59,73,120
120,64,67,120
120,69,67,120
120,68,68,120
120,71,72,120
120,76,73,120
120,81,76,120
0,68,80,240
0,59,80,240
0,52,80,240
120,80,71,120
120,83,71,120
120,88,71,120
120,93,71,120
120,92,71,120
120,88,77,120
120,83,71,120
120,81,71,120
120,80,71,120
120,76,71,120
120,71,71,120
120,69,71,120
120,68,72,120
120,64,73,120
120,59,75,120
120,57,77,120
120,56,78,120
120,52,80,120
120,47,81,120
120,45,82,120
120,44,84,120
120,40,86,120
120,35,88,120
120,28,96,720
1440,38,98,240
0,26,83,240
240,47,73,120
120,53,68,120
120,57,68,120
120,56,68,120
120,59,73,120
120,65,67,120
120,69,67,120
120,68,68,120
120,71,72,120
120,77,73,120
120,81,76,120
0,56,80,240
0,65,80,240
0,59,80,240
0,50,68,240
120,80,71,120
120,83,71,120
120,89,71,120
120,93,71,120
120,92,71,120
120,89,77,120
120,83,71,120
120,81,71,120
120,80,71,120
120,77,71,120
120,71,71,120
120,69,71,120
120,68,72,120
120,65,73,120
120,59,75,120
120,57,77,120
120,56,78,120
120,53,80,120
120,47,81,120
120,45,82,120
120,44,84,120
120,41,86,120
120,35,88,120
120,26,96,1440
1440,25,86,240
0,37,102,240
240,70,66,120
120,68,67,120
120,71,68,120
120,77,69,120
120,82,71,120
0,44,84,240
0,56,84,240
120,80,72,120
120,83,73,120
0,51,90,240
0,63,90,240
120,89,74,120
120,94,75,120
0,49,84,240
0,61,84,240
120,92,77,120
120,82,80,120
0,49,95,480
0,61,95,480
120,88,74,120
120,92,77,120
120,91,81,120
120,88,80,120
120,82,78,120
120,80,76,120
0,37,90,120
0,49,90,120
120,79,76,120
120,76,76,120
120,70,76,120
120,68,74,120
120,67,73,120
120,57,73,120
0,25,90,240
0,37,90,240
120,63,73,120
120,68,74,120
120,66,75,120
120,69,76,120
120,75,76,120
120,80,77,120
0,42,82,240
0,54,82,240
120,78,76,120
120,81,79,120
0,51,87,240
0,63,87,240
120,87,81,120
120,92,84,120
0,49,82,240
0,61,82,240
120,90,86,120
120,80,88,120
0,49,93,120
0,61,93,120
120,85,87,120
120,90,87,120
0,31,71,240
0,43,71,240
120,89,85,120
120,85,83,120
0,32,71,240
0,44,71,240
120,80,82,120
120,78,80,120
0,32,71,240
0,44,71,240
120,77,78,120
120,73,76,120
0,39,75,240
0,51,75,240
120,68,74,120
120,66,72,120
0,37,74,240
0,49,74,240
120,65,71,120
120,60,71,120
0,38,93,240
0,50,93,240
120,66,71,120
120,71,71,120
120,69,71,120
120,72,71,120
120,78,71,120
120,83,69,120
0,45,81,240
0,57,81,240
120,81,71,120
120,84,73,120
0,64,86,240
0,52,86,240
120,90,75,120
120,95,76,120
0,50,79,240
0,62,79,240
120,93,78,120
120,83,80,120
0,50,93,480
0,62,93,480
120,89,82,120
120,93,82,120
120,92,80,120
120,89,79,120
120,83,78,120
120,81,77,120
0,38,97,120
0,50,97,120
120,80,76,120
120,77,75,120
120,71,74,120
120,69,73,120
120,68,72,120
120,58,71,120
0,38,93,240
0,26,79,240
120,64,71,120
120,69,71,120
120,67,71,120
120,70,71,120
120,76,71,120
120,81,69,120
0,43,81,240
0,55,81,240
120,79,71,120
120,82,73,120
0,64,86,240
0,52,86,240
120,88,75,120
120,93,76,120
0,50,79,240
0,62,79,240
120,91,78,120
120,81,80,120
0,50,86,120
0,62,86,120
120,86,82,120
120,91,82,120
0,37,71,240
0,49,71,240
120,90,80,120
120,86,79,120
0,38,71,240
0,50,71,240
120,81,78,120
120,79,76,120
0,38,77,120
0,50,77,120
120,78,75,120
120,74,73,120
0,35,70,240
0,47,70,240
120,69,71,120
120,67,70,120
0,36,71,240
0,48,71,240
120,66,68,120
120,62,66,240
0,67,66,240
0,74,66,240
0,34,84,240
0,46,84,240
240,73,58,120
0,62,56,240
120,74,55,120
120,77,58,80
0,50,56,240
0,55,56,240
80,75,58,80
80,74,55,80
80,74,67,960
0,45,68,240
240,86,66,240
0,78,66,480
0,62,56,240
240,84,64,240
0,50,56,240
0,57,56,240
240,79,70,240
0,82,70,240
0,43,66,240
240,73,59,120
0,62,56,240
120,74,55,120
120,77,59,80
0,50,56,240
0,58,56,240
80,75,59,80
80,74,55,80
80,74,69,960
0,48,65,720
240,70,65,240
0,82,65,240
0,62,56,240
240,69,62,240
0,81,62,240
0,54,56,240
0,57,56,240
240,67,69,240
0,79,69,240
0,46,65,240
240,73,59,120
0,62,56,240
120,74,55,120
120,77,59,80
0,50,56,240
0,55,56,240
80,75,59,80
80,74,55,80
80,74,70,960
0,45,66,240
240,86,65,240
0,78,65,480
0,62,56,240
240,84,65,240
0,50,56,240
0,57,56,240
240,79,69,240
0,82,69,240
0,43,65,240
240,66,58,120
0,62,56,240
120,67,53,120
120,70,58,80
0,55,56,240
80,68,58,80
80,67,55,80
80,67,70,960
0,47,64,240
240,79,63,240
0,74,63,480
0,62,56,240
240,77,63,240
0,55,56,240
240,72,71,240
0,75,71,240
0,48,65,240
240,78,57,120
0,63,56,240
120,79,57,120
120,82,57,80
0,55,56,240
80,80,57,80
80,79,54,80
80,79,71,960
0,50,65,240
240,91,63,240
0,83,63,480
0,65,54,240
240,89,63,240
0,55,54,240
0,59,54,240
240,84,71,240
0,87,71,240
0,51,66,240
240,78,59,120
0,67,54,240
120,79,56,120
120,82,59,80
0,55,54,240
0,60,54,240
80,80,59,80
80,79,55,80
80,79,70,720
0,53,64,720
240,75,64,240
0,87,64,240
0,67,54,240
240,74,64,240
0,86,64,240
0,55,54,240
0,59,54,240
240,79,70,240
0,72,70,240
0,84,70,240
0,51,63,720
240,66,59,120
0,63,52,240
120,67,55,120
120,70,59,80
0,55,52,240
0,60,52,240
80,68,59,80
80,67,56,80
80,67,71,960
0,50,58,720
240,79,56,240
0,71,56,480
0,62,51,240
240,77,55,240
0,55,51,240
240,72,60,240
0,75,60,240
0,48,57,720
240,62,53,120
0,60,49,240
120,63,53,120
120,67,53,80
0,51,49,240
0,55,49,240
80,65,53,80
80,63,50,80
80,63,61,960
0,46,55,720
240,75,58,240
0,67,58,480
0,61,50,240
240,73,56,240
0,51,50,240
0,55,50,240
240,68,63,240
0,71,63,240
0,44,56,240
240,74,54,120
0,59,50,240
120,75,51,120
120,78,54,80
0,51,50,240
0,56,50,240
80,76,54,80
80,75,51,80
80,75,62,960
0,43,57,240
240,87,58,240
0,82,58,480
0,63,52,240
240,85,59,240
0,51,52,240
0,58,52,240
240,80,67,240
0,83,67,240
0,44,59,240
240,74,59,120
0,63,53,240
120,75,56,120
120,78,59,80
0,51,53,240
0,56,53,240
0,59,53,240
80,76,59,80
80,75,55,73
80,75,68,720
0,46,64,240
240,71,63,240
0,83,63,240
0,63,54,240
240,70,63,240
0,82,63,240
0,51,54,240
0,55,54,240
0,61,54,240
240,75,69,240
0,68,69,240
0,80,69,240
0,47,66,240
240,74,60,120
0,63,57,240
120,75,56,120
120,78,60,80
0,51,57,240
0,56,57,240
0,59,57,240
80,76,60,80
80,75,56,71
80,75,74,960
0,43,68,240
240,87,65,240
0,82,65,480
0,63,60,240
240,85,65,240
0,51,60,240
0,58,60,240
240,80,76,240
0,83,76,240
0,44,70,240
240,74,66,120
0,63,60,240
120,75,61,120
120,78,66,80
0,51,60,240
0,56,60,240
0,59,60,240
80,76,66,80
80,75,61,74
80,75,82,720
0,46,72,240
240,71,73,240
0,83,73,240
0,63,67,240
240,70,73,240
0,82,73,240
0,51,72,240
0,55,72,240
0,61,72,240
240,76,87,240
0,68,73,240
0,80,87,240
0,35,86,120
0,47,86,120
480,64,50,240
0,56,50,240
180,80,70,60
60,92,95,240
0,71,62,240
0,59,62,240
240,90,81,120
120,88,76,120
120,83,79,120
0,56,51,240
0,64,51,240
120,80,72,120
120,78,76,120
0,59,61,240
0,71,61,240
120,76,71,120
120,71,74,120
120,68,68,120
120,66,71,120
120,64,66,120
120,59,69,240
720,75,55,120
0,35,40,120
0,47,40,120
120,76,52,120
120,78,50,120
120,80,44,120
120,81,45,120
120,83,42,120
120,84,40,240
0,63,38,240
0,66,38,240
0,57,38,240
0,60,38,240
240,60,44,240
0,57,44,240
0,63,44,240
0,68,44,240
240,63,42,240
0,66,42,240
0,57,42,240
0,60,42,240
240,84,50,120
0,66,39,120
0,63,39,120
0,60,39,120
0,57,39,120
120,83,46,120
120,81,47,120
120,80,43,120
120,78,44,120
120,76,42,120
120,75,41,240
0,35,53,240
0,47,53,240
240,45,49,240
0,33,49,240
240,36,53,240
0,48,53,240
180,80,81,60
60,92,115,960
0,35,52,120
0,47,52,120
240,64,45,240
0,56,45,240
240,64,45,240
0,56,45,240
240,71,51,360
0,59,51,360
240,90,81,120
120,88,73,120
0,64,45,120
0,56,45,120
120,83,79,120
0,56,45,240
0,64,45,240
120,80,73,120
120,78,76,120
0,59,52,240
0,71,52,240
120,76,70,120
120,71,74,120
120,68,69,120
120,66,71,120
120,64,70,120
120,59,69,240
720,77,57,120
0,38,40,120
0,50,40,120
120,78,55,120
120,80,53,120
120,81,52,120
120,83,50,120
120,85,48,120
120,86,46,240
0,66,38,240
0,68,38,240
0,59,38,240
240,59,44,240
0,66,44,240
0,69,44,240
240,66,42,240
0,68,42,240
0,59,42,240
240,86,56,120
0,68,39,120
0,65,39,120
0,59,39,120
120,85,54,120
120,83,53,120
120,81,52,120
120,80,51,120
120,78,50,120
120,77,48,240
0,38,53,240
0,50,53,240
240,48,53,240
0,36,53,240
240,37,53,240
0,49,53,240
240,79,66,120
0,40,47,120
0,52,47,120
120,80,65,120
120,82,64,120
120,83,63,120
120,85,62,120
120,87,61,120
120,88,60,240
0,68,48,240
0,70,48,240
0,61,48,240
240,61,53,240
0,68,53,240
0,71,53,240
240,68,51,240
0,70,51,240
0,61,51,240
240,88,65,120
0,70,49,120
0,67,49,120
0,61,49,120
120,87,64,120
120,85,62,120
120,83,61,120
120,82,59,120
120,80,58,120
120,79,56,240
0,40,58,240
0,52,58,240
240,50,58,240
0,38,58,240
240,39,58,240
0,51,58,240
240,81,71,120
0,42,55,120
0,54,55,120
120,82,72,120
120,84,73,120
120,85,75,120
120,87,76,120
0,60,49,240
0,63,49,240
0,69,49,240
120,89,77,120
120,90,78,120
0,63,54,240
0,69,54,240
0,75,54,240
120,99,78,120
120,90,77,120
120,89,76,120
120,87,75,120
0,60,52,240
0,63,52,240
0,69,52,240
120,85,75,120
120,84,71,120
0,63,56,240
0,69,56,240
0,75,56,240
120,85,72,120
120,86,73,120
120,87,74,120
120,88,76,120
0,54,70,228
0,66,70,228
120,89,77,120
120,90,78,120
0,54,70,228
0,66,70,228
120,99,79,120
120,90,80,120
0,54,70,228
0,66,70,228
120,89,82,120
120,87,83,120
0,54,70,228
0,66,70,228
120,85,84,120
120,84,85,120
0,53,73,240
0,60,73,240
0,63,73,240
0,69,73,240
240,101,93,120
120,100,83,120
120,99,81,120
120,96,78,120
120,93,76,240
0,89,89,120
120,88,81,120
120,87,79,120
120,84,78,120
120,77,90,120
0,81,76,240
120,76,82,120
120,75,80,120
120,72,78,120
120,69,76,240
0,65,88,120
120,64,81,120
120,63,79,120
120,60,77,120
120,53,90,120
0,57,75,240
120,52,84,120
120,51,82,120
120,48,80,120
120,41,117,240
240,85,89,240
0,73,89,240
0,34,100,240
0,46,100,240
240,76,74,120
0,70,58,240
0,58,58,240
120,77,71,120
120,80,74,80
0,65,58,240
0,61,58,240
80,78,74,80
80,77,71,70
80,77,89,240
0,44,81,240
0,56,81,240
240,88,81,240
0,76,81,240
0,68,58,240
0,56,58,240
240,77,81,240
0,89,81,240
0,65,58,240
0,60,58,240
240,70,89,240
0,82,89,240
0,42,81,240
0,54,81,240
240,72,73,120
0,66,58,240
0,54,58,240
120,73,71,120
120,77,73,80
0,61,58,240
0,58,58,240
80,75,73,80
80,73,69,70
80,73,89,240
0,41,80,240
0,53,80,240
240,84,81,240
0,72,81,240
0,65,56,240
0,53,56,240
240,73,81,240
0,85,81,240
0,61,56,240
0,56,56,240
240,66,89,240
0,78,89,240
0,39,81,240
0,51,81,240
240,69,73,120
0,63,56,240
0,51,56,240
120,70,69,120
120,73,73,80
0,58,56,240
0,54,56,240
80,72,73,80
80,70,69,70
80,70,89,240
0,37,81,240
0,49,81,240
240,81,81,240
0,69,81,240
0,61,62,240
0,49,62,240
240,70,81,240
0,82,81,240
0,53,61,240
0,58,61,240
240,63,89,240
0,75,89,240
0,36,81,240
0,48,81,240
240,65,74,120
0,60,57,240
0,48,57,240
120,66,70,120
120,70,74,80
0,51,57,240
0,54,57,240
80,68,74,80
80,66,71,70
80,66,89,720
0,34,80,240
0,46,80,240
240,74,85,240
0,77,85,240
0,58,58,480
0,46,58,480
240,75,85,240
0,78,85,240
0,51,58,240
0,54,58,240
240,65,84,240
0,72,84,240
0,75,84,240
0,77,84,240
0,48,76,240
0,45,76,240
0,53,76,240
0,57,76,240
240,64,68,120
0,52,64,120
120,65,66,120
0,53,61,120
120,68,68,100
0,56,64,100
80,66,68,100
0,54,64,100
80,65,66,70
0,53,61,70
80,53,59,240
0,34,57,240
15,58,59,225
15,61,59,210
0,46,57,210
15,65,59,195
195,87,73,240
0,75,73,240
0,63,71,240
0,51,71,240
240,85,73,240
0,73,73,240
0,49,72,240
0,61,72,240
240,72,68,240
0,41,74,240
15,77,69,225
0,48,74,225
15,81,72,210
0,57,74,210
15,84,77,195
195,64,68,120
0,52,62,120
120,65,66,120
0,53,59,120
120,68,69,100
0,56,62,100
80,66,69,100
0,54,62,100
80,65,67,70
0,53,58,70
80,53,60,240
0,34,54,240
15,58,60,225
15,61,60,210
0,46,54,210
15,65,60,195
195,84,74,240
0,72,74,240
0,60,69,240
0,48,69,240
240,70,74,240
0,82,74,240
0,46,69,240
0,58,69,240
240,69,69,240
0,41,75,240
15,72,70,225
0,48,75,225
15,77,74,210
0,57,75,210
15,81,76,195
195,64,65,120
0,52,61,120
120,65,60,120
0,53,58,120
120,68,65,100
0,56,61,100
80,66,65,100
0,54,61,100
80,65,61,70
0,53,57,70
80,53,56,240
0,34,55,240
15,58,56,225
15,61,56,210
0,46,55,210
15,65,56,195
195,87,78,240
0,75,78,240
0,63,74,240
0,51,74,240
240,73,78,240
0,85,78,240
0,49,73,240
0,61,73,240
240,72,74,240
0,41,75,240
15,77,75,225
0,48,75,225
15,81,77,210
0,57,74,210
15,84,80,195
195,64,70,120
0,52,67,120
120,65,67,120
0,53,63,120
120,68,70,100
0,56,67,100
80,66,70,100
0,54,67,100
80,65,68,70
0,53,62,70
80,53,62,240
0,34,60,240
15,58,62,225
15,61,62,210
0,46,60,210
15,65,62,195
195,84,77,240
0,72,77,240
0,60,74,240
0,48,74,240
240,70,77,240
0,82,77,240
0,46,74,240
0,58,74,240
240,69,73,240
0,41,75,240
15,72,74,225
0,48,75,225
15,77,77,210
0,57,74,210
15,81,81,195
195,64,67,120
0,52,63,120
120,65,64,120
0,53,60,120
120,68,67,100
0,56,63,100
80,66,67,100
0,54,63,100
80,65,64,70
0,53,60,70
80,65,80,240
0,53,74,240
240,85,77,240
0,73,77,240
0,61,71,240
240,72,78,240
0,84,78,240
0,60,73,240
240,69,74,240
0,41,76,240
15,72,75,225
0,48,76,225
15,77,78,210
0,57,76,210
15,81,83,195
195,59,70,120
0,47,67,120
120,60,66,120
0,48,64,120
120,63,70,100
0,51,67,100
80,61,70,100
0,49,67,100
80,60,66,70
0,48,64,70
80,60,80,240
0,36,74,240
0,48,74,240
240,70,78,240
0,58,73,240
240,69,75,240
0,57,70,240
240,69,65,240
0,41,69,240
15,72,67,225
0,48,69,225
15,77,71,210
0,57,69,210
15,81,71,195
195,64,70,120
0,52,66,120
120,65,67,120
0,53,63,120
120,68,70,100
0,56,66,100
80,66,70,100
0,54,66,100
80,65,66,70
0,53,63,70
80,65,80,240
0,53,74,240
240,85,77,240
0,73,77,240
0,61,74,240
240,72,77,240
0,84,77,240
0,60,71,240
240,69,65,240
0,41,68,240
15,72,66,225
0,48,68,225
15,77,70,210
0,57,68,210
15,81,76,195
195,59,69,120
0,47,66,120
120,60,67,120
0,48,64,120
120,63,69,100
0,51,66,100
80,61,69,100
0,49,66,100
80,60,66,70
0,48,63,70
80,60,78,240
0,36,75,240
0,48,75,240
240,70,77,240
0,58,69,240
240,69,74,240
0,57,71,240
240,69,62,240
0,41,59,240
15,72,63,225
0,48,59,225
15,77,65,210
0,57,59,210
15,81,69,195
195,59,64,120
0,47,61,120
120,60,59,120
0,48,57,120
120,63,64,100
0,51,61,100
80,61,64,100
0,49,61,100
80,60,60,70
0,48,57,70
80,60,72,240
0,36,69,240
0,48,69,240
240,70,71,240
0,58,67,240
240,69,69,240
0,57,65,240
240,69,58,240
0,41,62,240
15,72,59,225
0,48,62,225
15,77,61,210
0,57,62,210
15,81,63,195
195,59,59,120
0,47,56,120
120,60,56,120
0,48,53,120
120,63,59,100
0,51,57,100
80,61,59,100
0,49,57,100
80,60,55,70
0,48,54,70
80,60,67,240
0,36,65,240
0,48,65,240
240,70,67,240
0,58,60,240
240,69,64,240
0,57,60,240
240,69,54,240
0,41,56,240
15,72,54,225
0,48,56,225
15,77,56,210
0,53,56,210
15,81,58,195
195,47,53,150
0,35,48,150
120,48,51,150
0,36,44,150
120,51,53,100
0,39,48,100
80,49,53,100
0,37,48,100
80,48,49,70
0,36,45,70
80,48,59,240
0,36,55,240
240,58,56,120
0,46,55,120
240,57,58,120
0,45,53,120
240,53,62,240
0,41,56,240
240,47,46,150
0,35,43,150
120,48,43,150
0,36,40,150
120,51,46,100
0,39,43,100
80,49,46,100
0,37,43,100
80,48,42,70
0,36,40,70
80,48,51,240
0,36,46,240
240,58,52,120
0,46,49,120
240,57,52,120
0,45,49,120
240,53,56,240
0,41,52,240
1680,47,47,150
0,35,44,150
120,48,44,150
0,36,41,150
120,51,47,100
0,39,44,100
80,49,47,100
0,37,44,100
80,48,44,70
0,36,41,70
80,48,55,120
0,36,52,120
240,58,52,120
0,46,49,120
240,57,49,120
0,45,46,120
240,53,55,240
0,41,52,240
960,46,46,240
0,34,43,240
240,45,45,240
0,33,43,240
240,41,46,720
0,29,43,720
1920,57,29,80
0,45,27,80
80,58,31,80
0,46,28,80
80,61,33,80
0,49,29,80
80,65,37,120
0,53,33,120
480,57,29,80
0,45,26,80
80,58,31,80
0,46,27,80
80,61,32,80
0,49,29,80
80,65,43,1440
0,53,38,1440
1440,58,100,120
0,34,95,120
0,46,95,120
720,94,92,1440
0,90,92,1440
0,82,78,1440
0,58,72,1440
0,60,72,1440
0,63,85,1440
0,66,85,1440
0,70,85,1440
1440,75,51,360
0,84,61,360
0,87,61,360
0,58,47,360
0,60,47,360
0,63,56,360
0,66,56,360
0,70,56,360
360,77,57,120
0,84,68,120
0,89,68,120
0,58,51,120
0,60,51,120
0,63,61,120
0,66,61,120
0,70,61,120
120,78,60,240
0,84,71,240
0,90,71,240
0,58,56,240
0,60,56,240
0,63,66,240
0,66,66,240
0,70,66,240
240,77,57,240
0,85,68,240
0,89,68,240
0,58,52,240
0,61,52,240
0,65,62,240
0,70,62,240
480,57,27,80
0,45,27,80
80,58,29,80
0,46,28,80
80,61,30,80
0,49,30,80
80,65,35,120
0,53,33,120
480,57,27,80
0,45,26,80
80,58,29,80
0,46,28,80
80,61,30,80
0,49,30,80
80,65,39,1440
0,53,37,1440
1440,56,100,120
0,32,95,120
0,44,95,120
660,56,75,1500
30,65,89,1470
30,92,90,1440
0,89,90,1440
0,80,76,1440
0,73,89,1440
1440,75,51,360
0,84,60,360
0,87,60,360
0,56,49,360
0,63,58,360
0,66,58,360
0,68,58,360
360,77,55,120
0,84,65,120
0,89,65,120
0,56,53,120
0,63,63,120
0,66,63,120
0,68,63,120
120,78,59,240
0,84,70,240
0,90,70,240
0,56,57,240
0,63,68,240
0,66,68,240
0,68,68,240
240,77,56,240
0,85,67,240
0,89,67,240
0,68,65,240
0,61,55,240
0,65,65,240
720,69,81,480
0,77,81,480
0,65,77,480
0,60,77,480
0,53,65,480
720,57,81,480
0,65,81,480
0,41,65,480
0,48,77,480
0,53,77,480
720,29,79,1680
0,41,94,1680
1680,30,82,180
0,42,97,180
2400,57,27,80
0,45,27,80
80,58,29,80
0,46,28,80
80,61,30,80
0,49,29,80
80,65,34,120
0,53,33,120
480,57,29,80
0,45,27,80
80,58,30,80
0,46,28,80
80,61,31,80
0,49,29,80
80,65,39,1440
0,53,37,1440
1440,58,100,120
0,46,95,120
0,34,95,120
720,82,78,1080
0,90,92,1080
0,94,92,1080
0,63,85,1080
0,58,72,1080
0,60,72,1080
0,70,85,1080
0,66,85,1080
1080,87,58,120
0,84,58,120
0,75,49,120
0,58,47,120
0,60,47,120
0,63,56,120
0,66,56,120
0,70,56,120
120,87,58,240
0,84,58,240
0,75,49,240
0,58,47,240
0,60,47,240
0,63,56,240
0,66,56,240
0,70,56,240
240,75,51,360
0,84,61,360
0,87,61,360
0,63,56,360
0,58,47,360
0,60,47,360
0,66,56,360
0,70,56,360
360,84,68,120
0,89,68,120
0,77,57,120
0,60,51,120
0,63,61,120
0,58,51,120
0,66,61,120
0,70,61,120
120,84,71,240
0,78,60,240
0,90,71,240
0,63,66,240
0,66,66,240
0,58,56,240
0,60,56,240
0,70,66,240
240,85,68,240
0,77,57,240
0,89,68,240
0,65,62,240
0,58,52,240
0,61,62,240
0,70,62,240
480,57,29,80
0,45,27,80
80,58,30,80
0,46,29,80
80,61,32,80
0,49,30,80
80,65,37,120
0,53,34,120
480,57,29,80
0,45,24,80
80,58,30,80
0,46,26,80
80,61,32,80
0,49,27,80
80,65,39,1440
0,53,37,1440
1440,48,100,120
0,24,95,120
0,36,95,120
720,84,76,1440
0,92,90,1440
0,96,90,1440
0,68,89,1440
0,72,89,1440
0,65,75,1440
0,60,75,1440
1440,91,60,360
0,88,60,360
0,79,51,360
0,60,49,360
0,70,58,360
0,64,58,360
0,72,58,360
360,80,55,120
0,88,65,120
0,92,65,120
0,64,63,120
0,60,53,120
0,72,63,120
0,70,63,120
120,82,59,240
0,88,70,240
0,94,70,240
0,70,68,240
0,60,57,240
0,64,68,240
0,72,68,240
240,92,67,240
0,89,67,240
0,80,56,240
0,72,65,240
0,65,55,240
0,68,65,240
720,72,81,480
0,80,81,480
0,68,68,480
0,77,81,480
0,53,65,480
0,65,77,480
0,60,77,480
720,60,81,480
0,68,81,480
0,56,68,480
0,65,81,480
0,53,77,480
0,48,77,480
0,41,65,480
720,28,79,1440
0,40,94,1440
1440,41,94,720
0,29,94,720
720,38,50,90
0,26,45,90
80,39,51,90
0,27,45,90
80,41,51,90
0,29,45,90
80,39,52,80
0,27,46,90
80,41,53,90
0,29,47,80
80,39,55,90
0,27,49,90
77,41,56,90
3,29,50,90
80,39,56,90
0,27,51,90
80,41,57,90
0,29,51,90
80,39,58,70
0,27,52,70
60,41,59,70
0,29,53,70
60,39,60,70
0,27,53,70
60,41,61,70
0,29,54,70
57,39,62,60
3,27,55,70
60,41,62,70
0,29,55,70
60,39,62,70
0,27,56,70
60,41,63,70
0,29,56,70
60,39,64,90
0,27,59,90
80,38,73,90
0,26,73,90
80,39,73,90
0,27,73,90
80,101,97,960
0,25,74,120
0,37,88,120
480,44,45,240
0,56,45,240
240,61,53,240
0,53,53,240
240,99,68,120
120,97,62,120
120,92,65,120
0,44,42,240
0,56,42,240
120,89,60,120
120,87,62,120
0,53,47,240
0,61,47,240
120,85,57,120
120,80,58,120
120,77,52,120
120,75,55,120
120,73,51,120
120,68,52,240
720,72,55,120
0,32,52,120
0,44,52,120
120,73,52,120
120,75,50,120
120,77,47,120
120,78,45,120
113,80,42,120
127,81,40,120
0,66,38,240
0,55,38,240
0,60,38,240
240,56,35,240
0,60,35,240
0,66,35,240
240,66,31,120
0,56,31,120
0,60,31,120
240,81,50,120
120,80,49,120
120,79,47,120
120,78,46,120
120,77,44,120
120,76,42,120
120,75,41,120
0,57,35,240
0,60,35,240
0,66,35,240
240,66,32,240
0,60,32,240
0,56,32,240
240,66,28,120
0,60,28,120
0,56,28,120
240,101,97,960
0,25,74,120
0,37,88,120
480,44,45,240
0,56,45,240
240,61,53,240
0,53,53,240
240,99,68,120
120,97,61,120
120,92,65,120
0,44,42,240
0,56,42,240
120,89,59,120
120,87,62,120
0,53,47,240
0,61,47,240
120,85,57,120
120,80,58,120
120,77,57,120
120,75,55,120
120,73,51,120
120,68,52,240
720,72,42,120
0,44,25,720
0,51,25,720
0,54,25,720
120,73,41,120
120,75,41,120
120,77,40,120
120,78,39,120
113,80,38,120
127,81,37,120
0,60,32,120
120,61,32,120
120,63,32,120
120,65,32,120
120,66,32,120
120,68,32,120
120,81,42,120
0,69,32,120
120,80,41,120
120,79,40,120
120,78,39,120
120,77,37,120
120,76,36,120
120,75,35,240
0,57,30,120
120,56,29,120
120,55,28,120
120,54,27,120
120,53,26,120
120,51,25,120
120,71,40,1440
0,77,59,960
0,49,27,120
120,56,28,120
120,61,30,120
120,65,34,120
120,61,31,120
120,56,30,120
120,49,29,120
120,59,28,120
120,75,53,360
0,61,30,120
120,65,31,120
120,61,30,120
120,73,52,110
0,59,29,120
120,71,38,720
0,73,56,720
0,54,28,120
120,59,28,120
120,61,31,120
120,66,34,120
120,61,31,120
120,59,29,120
120,70,56,720
0,78,56,1200
0,49,29,120
120,58,28,120
120,61,30,120
120,66,33,120
120,61,31,120
120,58,30,120
120,71,50,1440
0,56,28,120
120,59,28,120
120,61,30,120
120,68,33,120
120,77,52,230
0,61,31,120
120,59,29,120
120,77,51,240
0,49,29,120
120,59,28,120
120,75,50,240
0,61,30,120
120,65,31,120
120,73,49,240
0,61,30,120
120,59,29,120
120,70,44,720
0,73,44,720
0,82,56,720
0,54,29,120
120,58,30,120
120,61,34,120
120,66,35,120
120,61,34,120
120,58,33,120
120,68,44,480
0,73,44,720
0,82,62,480
0,52,35,120
120,58,36,120
120,61,39,120
120,68,37,120
120,82,64,240
0,61,34,120
120,58,31,120
60,67,44,60
60,73,45,1440
0,82,68,480
0,51,36,120
120,58,38,120
120,61,41,120
120,67,45,120
120,75,57,240
0,61,42,120
120,58,39,120
120,75,57,240
0,55,36,120
120,61,38,120
120,77,51,60
0,63,41,120
60,79,51,60
60,77,56,240
0,70,46,120
120,63,42,120
120,75,56,110
0,61,39,120
120,73,49,720
0,75,59,720
0,56,37,120
120,61,38,120
120,63,42,120
120,68,45,120
120,63,41,120
120,61,38,120
120,72,53,720
0,80,64,960
0,51,36,120
120,60,37,120
120,63,40,120
120,68,44,120
120,63,41,120
120,60,39,120
120,73,55,1440
0,58,36,120
120,61,37,120
120,79,60,240
0,63,40,120
120,70,42,120
120,77,59,240
0,63,41,120
120,61,39,120
120,79,60,240
0,51,37,120
120,61,36,120
120,77,59,360
0,63,38,120
120,67,40,120
120,63,40,120
120,75,56,120
0,61,37,120
120,72,56,1440
0,84,56,720
0,56,50,120
120,60,40,120
120,63,44,120
120,68,45,120
120,63,44,120
120,60,42,120
120,84,64,480
0,55,39,720
120,56,41,120
120,60,45,120
120,63,49,120
120,84,63,230
0,60,47,120
120,56,41,120
120,84,68,960
0,54,38,720
120,56,36,120
120,60,39,120
120,63,42,120
120,60,41,120
120,56,38,120
120,54,47,720
120,56,41,120
120,82,63,360
0,60,41,120
120,63,41,120
120,60,38,120
120,80,63,110
0,56,35,120
120,80,63,720
0,53,34,720
120,56,33,120
120,61,36,120
120,65,39,120
120,61,37,120
120,56,35,120
120,85,75,720
0,53,36,120
120,56,38,120
120,61,41,120
120,68,42,120
120,61,40,120
120,56,37,120
120,85,82,480
0,51,35,120
120,56,38,120
120,60,41,120
120,66,41,120
120,84,78,230
0,60,39,120
120,56,36,120
120,84,75,240
0,51,34,120
120,56,34,120
120,82,71,360
0,60,37,120
120,66,39,120
120,60,36,120
120,80,63,120
0,56,31,120
120,89,80,720
0,50,31,120
120,56,31,120
120,59,35,120
120,65,37,120
120,59,36,120
120,56,34,120
120,89,77,480
0,50,34,120
120,56,30,120
120,58,35,120
120,65,37,120
120,89,81,230
0,58,36,120
120,56,34,120
120,89,85,720
0,51,34,120
120,54,35,120
120,58,38,120
120,63,39,120
120,58,38,120
120,54,36,120
120,87,72,240
0,42,34,120
120,54,31,120
120,85,71,240
0,58,36,120
120,63,38,120
120,82,70,240
0,58,36,120
120,54,34,120
120,84,75,720
0,44,35,120
120,53,36,120
120,56,37,120
120,61,39,120
120,56,37,120
120,53,35,120
120,82,71,240
0,44,33,120
120,53,34,120
120,80,68,240
0,56,35,120
120,61,38,120
120,77,63,240
0,56,37,120
120,53,36,120
120,82,69,240
0,44,39,120
120,54,34,120
120,80,64,240
0,56,36,120
120,60,36,120
120,78,61,230
0,56,35,120
120,54,34,120
120,78,55,60
0,44,31,120
60,80,55,60
60,78,63,120
0,54,31,120
120,77,58,360
0,56,35,120
120,60,37,120
120,56,35,120
120,76,59,110
0,54,33,120
120,76,59,720
0,49,33,120
120,56,33,120
120,61,36,120
120,65,37,120
120,61,36,120
120,58,35,120
120,77,63,480
0,56,36,240
120,61,36,120
120,65,39,120
120,68,40,120
120,80,57,240
0,65,39,120
120,61,38,120
120,68,57,480
0,54,38,720
60,80,57,660
60,56,42,120
120,60,42,120
120,63,42,120
120,72,63,480
0,60,42,120
120,56,42,120
120,84,63,240
0,54,41,720
120,56,45,120
120,70,63,360
0,82,63,360
0,60,45,120
120,63,45,120
120,60,41,120
120,68,63,110
0,80,63,110
0,56,38,120
120,68,63,720
0,80,63,1440
0,53,37,720
120,56,36,120
120,61,39,120
120,65,42,120
120,61,40,120
120,56,38,120
120,73,75,720
0,85,75,720
0,53,39,120
120,56,41,120
120,61,45,120
120,68,46,120
120,61,44,120
120,56,40,120
120,78,60,480
0,80,60,480
0,73,75,360
0,85,75,360
0,51,39,120
120,56,41,120
120,60,45,120
120,75,71,120
0,84,71,120
0,66,45,120
120,80,60,240
0,78,60,240
0,72,78,240
0,84,78,240
0,60,42,120
120,56,39,120
120,80,60,360
0,78,60,360
0,72,75,360
0,84,75,360
0,51,38,120
120,56,37,120
120,60,40,120
120,70,71,120
0,82,71,120
0,66,42,120
120,78,60,240
0,68,63,240
0,80,63,240
0,60,39,120
120,56,34,120
120,80,80,720
0,77,68,720
0,89,80,720
0,50,35,120
120,56,37,120
120,59,41,120
120,65,44,120
120,59,42,120
120,56,40,120
120,77,65,480
0,80,77,480
0,89,77,480
0,50,35,120
120,56,36,120
120,58,41,120
120,65,44,120
120,77,66,240
0,80,78,240
0,89,78,240
0,58,42,120
120,56,40,120
120,77,69,720
0,80,82,720
0,89,82,720
0,51,37,120
120,54,38,120
120,58,41,120
120,63,42,120
120,58,41,120
120,54,39,120
120,78,67,240
0,75,56,240
0,87,67,240
0,42,37,120
120,54,34,120
120,73,55,360
0,78,65,360
0,85,65,360
0,58,39,120
120,63,41,120
120,58,39,120
120,70,54,120
0,78,64,120
0,82,64,120
0,54,37,120
120,72,52,720
0,80,62,720
0,84,62,720
0,44,37,120
120,53,39,120
120,56,40,120
120,61,42,120
120,56,40,120
120,53,38,120
120,70,54,240
0,78,64,240
0,82,64,240
0,44,35,120
120,53,35,120
120,68,57,240
0,77,68,240
0,80,68,240
0,56,37,120
120,61,39,120
120,70,61,240
0,77,72,240
0,82,72,240
0,56,37,120
120,53,35,120
120,77,77,480
0,71,65,480
0,83,77,480
0,44,38,120
120,53,37,120
120,56,39,120
120,62,41,120
120,77,75,240
0,70,63,240
0,82,75,240
0,56,39,120
120,53,36,120
120,71,66,1200
0,77,78,1200
0,83,78,1200
0,44,40,120
120,53,39,120
120,56,43,120
120,62,48,120
120,56,45,120
120,53,41,120
120,44,40,120
120,53,40,120
120,56,43,120
120,62,45,120
120,70,64,240
0,77,76,240
0,82,76,240
0,56,42,120
120,53,36,120
120,71,68,240
0,77,81,240
0,83,81,240
0,44,52,120
120,53,40,120
120,70,66,240
0,77,78,240
0,82,78,240
0,56,43,120
120,62,47,120
120,71,66,240
0,77,78,240
0,83,78,240
0,56,44,120
120,53,40,120
120,71,68,480
0,78,81,480
0,83,81,480
0,44,54,120
120,51,43,120
120,54,47,120
120,63,50,120
120,70,69,240
0,78,82,240
0,82,82,240
0,54,46,120
120,51,43,120
120,73,74,1200
0,79,88,1200
0,85,88,1200
0,44,56,120
120,52,47,120
120,55,49,120
120,64,51,120
120,55,49,120
120,52,47,120
120,44,57,120
120,52,48,120
120,55,51,120
120,64,53,120
120,72,69,240
0,79,82,240
0,84,82,240
0,55,51,120
120,52,49,120
120,73,73,240
0,79,86,240
0,85,86,240
0,44,61,120
120,52,51,120
120,72,68,240
0,79,81,240
0,84,81,240
0,55,54,120
120,64,56,120
120,73,72,240
0,79,85,240
0,85,85,240
0,55,54,120
120,52,51,120
120,73,74,480
0,80,88,480
0,85,88,480
0,44,64,120
120,53,54,120
120,56,56,120
120,65,59,120
120,72,77,240
0,80,91,240
0,84,91,240
0,56,55,120
120,53,52,120
120,81,90,480
0,75,76,480
0,87,90,480
0,44,67,120
120,51,55,120
120,54,57,120
120,60,60,120
120,87,88,240
0,81,88,240
0,75,74,240
0,54,58,120
120,51,55,120
120,87,92,480
0,80,92,480
0,75,78,480
0,44,68,120
120,47,57,120
120,53,59,120
120,59,60,120
120,86,88,240
0,80,88,240
0,74,74,240
0,53,59,120
120,47,57,120
120,89,99,480
0,83,99,480
0,77,84,480
0,44,68,120
120,53,56,120
120,56,60,120
120,62,62,120
120,89,95,240
0,83,95,240
0,77,80,240
0,56,60,120
120,53,57,120
120,89,96,480
0,82,96,480
0,77,81,480
0,44,70,120
120,49,59,120
120,55,62,120
120,61,65,120
120,88,96,240
0,82,96,240
0,76,81,240
0,55,62,120
120,49,59,120
120,91,101,480
0,85,101,480
0,79,85,480
0,44,72,120
120,52,59,120
120,58,64,120
120,64,66,120
120,91,98,240
0,85,98,240
0,79,83,240
0,58,62,120
120,52,59,120
120,91,98,480
0,84,98,480
0,79,83,480
0,44,72,120
120,51,58,120
120,54,63,120
120,63,68,120
120,92,94,240
0,84,94,240
0,80,79,240
0,54,65,120
120,51,62,120
120,93,110,480
0,84,110,480
0,81,93,480
0,44,72,120
120,51,60,120
120,54,64,120
120,60,69,120
120,84,94,240
0,78,94,240
0,72,79,240
0,54,65,120
120,51,63,120
120,85,109,180
0,77,109,180
0,73,92,180
0,37,78,180
484,44,68,120
116,51,68,120
120,65,97,120
0,61,83,240
120,73,75,120
120,80,79,120
120,77,83,120
120,85,87,120
120,94,91,120
120,84,96,240
0,92,96,240
0,32,87,120
480,44,68,120
120,51,74,120
120,66,97,120
0,60,84,240
120,72,75,120
120,80,80,120
120,78,84,120
120,84,88,120
120,92,93,120
120,85,97,240
0,89,97,240
0,37,87,120
480,44,70,120
120,53,75,120
120,65,97,120
0,61,83,240
120,73,75,120
120,80,79,120
120,77,83,120
120,85,87,120
120,94,91,120
120,84,96,240
0,92,96,240
0,32,87,120
480,44,68,120
120,51,74,120
120,66,97,120
0,60,84,240
120,72,75,120
120,80,80,120
120,78,84,120
120,84,88,120
120,92,93,60
60,85,100,60
60,97,113,240
0,33,97,120
0,45,97,120
240,95,111,120
0,39,82,240
0,51,82,240
120,93,103,120
120,88,107,120
0,40,90,240
0,52,90,240
120,85,98,120
120,83,102,120
0,40,90,720
0,52,90,720
120,81,94,120
120,76,98,120
120,73,91,120
120,71,94,120
120,69,85,120
120,64,90,120
120,61,82,120
120,59,85,120
0,39,77,240
120,57,77,120
120,52,81,240
0,40,77,240
240,53,93,480
0,65,93,480
0,33,81,480
0,41,81,480
480,52,87,180
0,64,87,180
0,40,75,240
0,33,75,240
180,85,100,60
60,97,113,240
0,33,97,120
0,45,97,120
240,95,111,120
0,39,82,240
0,51,82,240
120,93,103,120
120,88,107,120
0,40,90,240
0,52,90,240
120,85,98,120
120,83,102,120
0,40,90,720
0,52,90,720
120,81,96,120
120,76,98,120
120,73,91,120
120,71,94,120
120,69,87,120
120,64,90,120
120,61,82,120
120,59,85,120
0,39,77,240
120,57,78,120
120,52,81,240
0,40,77,240
240,53,93,480
0,65,93,480
0,33,81,480
0,41,81,480
480,52,87,240
0,64,87,240
0,40,75,240
0,33,75,240
240,53,87,180
0,65,87,180
0,33,87,180
0,41,87,180
240,53,43,120
120,57,45,120
120,61,46,120
0,33,38,240
0,45,38,240
120,65,48,120
120,73,54,240
0,77,54,240
0,41,42,240
0,53,42,240
240,53,43,120
120,57,44,120
120,61,45,120
0,33,39,240
0,45,39,240
120,65,46,120
120,73,54,240
0,77,54,240
0,41,43,240
0,53,43,240
240,53,46,120
120,58,46,120
120,61,47,120
0,34,39,240
0,46,39,240
120,65,47,120
120,73,54,240
0,77,54,240
0,41,43,240
0,53,43,240
240,53,45,120
120,58,46,120
120,62,47,120
0,34,40,240
0,46,40,240
120,65,49,120
120,74,55,240
0,77,55,240
0,41,44,240
0,53,44,240
240,54,46,120
120,58,47,120
120,62,48,120
0,34,42,240
0,46,42,240
120,66,49,120
120,74,57,240
0,78,57,240
0,42,48,240
0,54,48,240
240,54,47,120
120,58,48,120
120,63,49,120
0,34,44,240
0,46,44,240
120,66,51,120
120,75,57,240
0,78,57,240
0,42,48,240
0,54,48,240
240,55,47,120
120,61,48,120
120,64,50,120
0,33,46,240
0,45,46,240
120,67,51,120
120,76,60,240
0,79,60,240
0,45,51,240
0,57,51,240
240,68,56,120
120,73,60,120
120,77,63,120
0,32,54,240
0,44,54,240
120,80,67,360
120,92,77,240
0,89,77,240
0,85,77,240
0,65,65,240
0,61,65,240
0,56,65,240
0,53,65,240
480,60,63,80
0,48,58,80
80,61,64,80
0,49,60,80
80,65,66,80
0,53,61,80
80,68,68,240
0,56,63,240
480,59,62,80
0,47,58,80
80,60,63,80
0,48,60,80
80,65,65,80
0,53,62,80
80,68,67,240
0,56,64,240
480,57,62,80
0,45,57,80
80,58,64,80
0,46,58,80
80,65,66,80
0,53,61,80
80,68,68,240
0,56,63,240
720,56,86,240
0,32,81,240
0,44,81,240
720,92,90,960
0,89,90,960
0,80,90,960
0,66,85,960
0,72,85,960
0,77,85,960
960,80,77,240
0,87,77,240
0,92,77,240
0,66,65,240
0,72,65,240
0,75,65,240
240,80,77,240
0,89,77,240
0,92,77,240
0,66,65,240
0,72,65,240
0,77,65,240
240,80,75,240
0,87,75,240
0,92,75,240
0,66,63,240
0,72,63,240
0,75,63,240
240,80,80,240
0,89,80,240
0,92,80,240
0,66,67,240
0,72,67,240
0,77,67,240
240,80,79,240
0,92,79,240
0,87,79,240
0,75,66,240
0,72,66,240
0,66,66,240
240,92,90,180
0,89,90,180
0,85,90,180
0,80,90,180
0,65,76,180
0,68,76,180
0,73,76,180
0,77,76,180
480,60,63,80
0,48,58,80
80,61,64,80
0,49,60,80
80,65,66,80
0,53,61,80
80,68,68,240
0,56,63,240
480,59,62,80
0,47,58,80
80,60,63,80
0,48,60,80
80,65,65,80
0,53,62,80
80,68,67,240
0,56,64,240
480,57,62,80
0,45,57,80
80,58,64,80
0,46,58,80
80,65,66,80
0,53,61,80
80,68,68,240
0,56,63,240
720,56,86,240
0,32,81,240
0,44,81,240
720,92,90,960
0,89,90,960
0,80,90,960
0,66,85,960
0,72,85,960
0,77,85,960
960,80,74,240
0,87,74,240
0,92,74,240
0,66,70,240
0,72,70,240
0,75,70,240
240,80,71,240
0,89,71,240
0,92,71,240
0,66,68,240
0,72,68,240
0,77,68,240
240,80,68,240
0,87,68,240
0,92,68,240
0,66,66,240
0,72,66,240
0,75,66,240
240,80,66,240
0,89,66,240
0,92,66,240
0,66,64,240
0,72,64,240
0,77,64,240
240,80,63,240
0,92,63,240
0,87,63,240
0,75,61,240
0,72,61,240
0,66,61,240
240,89,59,480
0,92,59,720
0,80,59,720
0,77,59,480
0,66,59,720
0,72,59,720
480,87,59,240
0,75,56,240
240,89,58,480
0,93,58,720
0,81,58,720
0,77,55,480
0,66,55,720
0,72,55,720
480,87,58,240
0,75,58,240
240,89,60,480
0,81,60,720
0,93,60,720
0,77,60,480
0,66,60,720
0,72,60,720
480,87,58,240
0,75,57,240
240,90,62,480
0,82,62,720
0,94,62,720
0,78,61,480
0,67,61,720
0,73,61,720
480,88,63,240
0,76,63,240
240,90,64,480
0,82,64,720
0,94,64,720
0,78,67,480
0,67,67,720
0,73,67,720
480,88,70,240
0,76,69,240
240,91,74,480
0,83,74,720
0,95,74,720
0,79,72,480
0,68,72,720
0,74,72,720
480,89,73,240
0,77,74,240
240,91,78,480
0,83,78,720
0,95,78,720
0,79,75,480
0,68,75,720
0,74,75,720
480,89,78,240
0,77,79,240
240,92,84,480
0,96,84,720
0,84,84,720
0,80,83,480
0,68,83,720
0,75,83,720
480,90,86,240
0,78,86,240
240,101,101,240
0,37,90,240
0,49,90,240
240,99,100,120
0,43,74,240
120,97,96,120
120,92,98,120
0,44,74,240
120,89,93,120
120,87,95,120
0,44,79,240
120,85,89,120
120,80,92,120
0,42,62,240
0,54,62,240
120,77,86,120
120,75,89,120
0,41,58,240
0,53,58,240
120,73,83,120
120,68,86,120
0,41,68,120
0,53,68,120
120,65,81,120
120,63,83,120
0,43,59,240
120,61,79,120
120,56,80,240
0,44,59,240
240,65,64,720
0,57,88,480
0,69,88,480
0,45,73,480
480,56,83,240
0,68,83,240
0,44,70,240
240,101,100,240
0,37,90,240
0,49,90,240
240,99,99,120
0,43,73,240
120,97,92,120
120,92,96,120
0,44,75,240
120,89,91,120
120,87,93,120
0,44,77,240
120,85,88,120
120,80,90,120
0,42,62,240
0,54,62,240
120,77,86,120
120,75,87,120
0,41,58,240
0,53,58,240
120,73,81,120
120,68,84,120
0,41,68,120
0,53,68,120
120,65,79,120
120,63,82,120
0,43,59,240
120,61,76,120
120,56,79,240
0,44,59,240
240,65,82,720
0,57,82,480
0,69,82,480
0,45,73,480
480,56,77,240
0,68,77,240
0,44,70,240
240,56,70,240
0,65,70,240
0,68,70,240
0,37,60,120
0,49,60,120
240,43,68,240
240,44,68,240
240,57,82,480
0,69,82,480
240,42,70,240
0,54,70,240
240,56,77,240
0,68,77,240
0,41,70,240
0,53,70,240
240,56,71,240
0,65,71,240
0,68,71,240
0,37,63,120
0,49,63,120
240,43,69,240
240,44,69,240
240,57,83,480
0,69,83,480
240,42,70,240
0,54,70,240
240,56,77,240
0,68,77,240
0,41,70,240
0,53,70,240
240,56,74,240
0,65,74,240
0,68,74,240
0,37,64,120
0,49,64,120
240,43,69,240
240,44,69,240
240,57,86,480
0,69,86,480
240,42,70,240
0,54,70,240
240,56,81,240
0,68,81,240
0,41,70,240
0,53,70,240
240,57,71,180
0,65,71,180
0,69,71,180
0,37,67,180
0,45,67,180
240,56,73,180
0,65,73,180
0,68,73,180
0,37,68,180
0,44,68,180
240,57,74,180
0,65,74,180
0,69,74,180
0,37,70,180
0,45,70,180
240,56,76,180
0,65,76,180
0,68,76,180
0,37,71,180
0,44,71,180
240,57,77,180
0,65,77,180
0,69,77,180
0,37,73,180
0,45,73,180
240,56,79,180
0,65,79,180
0,68,79,180
0,37,74,180
0,44,74,180
240,57,89,180
0,65,89,180
0,69,89,180
0,36,84,180
0,45,84,180
720,60,85,240
0,64,85,10
0,70,100,240
0,72,100,240
0,36,85,240
0,43,101,240
0,48,101,240
720,69,85,240
0,72,100,240
0,81,100,240
0,77,100,240
0,41,85,240
0,48,101,240
0,53,101,240
720,66,85,240
0,68,85,240
0,72,100,240
0,75,100,240
0,78,100,240
0,80,100,240
0,44,85,240
0,51,101,240
0,56,101,240
720,65,85,720
0,68,85,720
0,73,100,720
0,77,100,720
0,49,85,720
0,56,101,720
0,61,101,720
1440,53,85,720
0,56,85,720
0,61,101,720
0,65,101,720
0,37,85,720
0,44,100,720
0,49,100,720
1260,49,69,180
30,56,82,150
30,61,73,120
0,68,87,120
0,73,87,120
0,65,82,120
120,101,123,720
0,25,100,720