0,64,60,0
480,64,60,360
360,64,57,120
120,64,60,480
480,65,58,480
480,64,60,480
480,60,58,480
480,64,60,960
960,64,38,480
0,55,28,480
0,60,28,480
0,48,24,480
480,64,38,360
0,55,28,360
0,60,28,360
0,48,24,360
360,55,26,120
0,64,36,120
0,60,26,120
0,48,22,120
120,60,28,480
0,55,28,480
0,64,38,480
0,48,25,480
480,65,36,480
0,57,26,480
0,60,26,480
0,41,24,480
480,60,26,480
0,55,26,480
0,64,36,480
0,36,24,480
480,57,25,480
0,60,34,480
0,41,22,480
480,60,22,480
0,64,31,960
0,55,22,480
0,36,20,480
480,62,19,480
0,56,19,480
0,35,18,480
478,101,96,80
2,33,112,240
81,96,71,80
78,100,91,80
83,93,71,80
79,99,84,80
79,96,71,80
80,98,82,80
0,64,88,360
0,60,74,360
0,57,74,360
83,93,69,80
79,97,79,80
80,93,69,80
77,96,79,80
41,57,70,120
0,60,70,120
0,64,82,120
43,88,69,80
77,64,88,480
0,60,74,480
0,57,74,480
2,95,78,80
79,88,71,80
78,94,78,80
79,84,71,80
80,93,78,80
82,88,71,80
78,92,78,80
2,57,77,480
0,60,77,480
0,65,92,480
78,84,69,80
85,91,71,80
77,84,69,80
78,90,71,80
80,81,69,80
80,89,78,80
2,57,74,480
0,60,74,480
0,64,88,480
80,84,71,80
81,88,78,80
80,81,71,80
80,87,78,80
80,84,71,80
77,86,78,80
2,52,70,480
0,57,70,480
0,60,82,480
81,81,69,80
79,85,71,80
80,81,69,80
78,84,71,80
83,76,69,80
79,57,70,960
0,60,70,960
0,64,82,960
2,83,71,80
80,76,69,80
79,82,71,80
78,72,69,80
84,81,71,80
79,76,69,80
81,80,71,80
80,72,69,80
78,79,71,80
77,72,69,80
82,78,71,80
79,69,69,80
81,33,99,240
3,77,56,80
76,72,51,80
83,76,56,80
81,69,56,80
80,75,56,80
80,72,51,80
77,45,58,360
0,52,69,360
1,74,56,80
79,69,51,80
79,73,56,80
80,69,51,80
84,72,56,80
37,45,50,120
0,52,61,120
38,64,51,80
82,71,56,80
0,45,60,480
0,52,70,480
78,64,50,80
84,70,55,80
76,60,49,80
80,69,53,80
85,64,47,80
76,68,50,80
1,45,52,480
0,53,62,480
79,60,46,80
82,67,49,80
81,60,46,80
81,66,47,80
79,57,45,80
78,65,47,80
0,45,55,480
0,52,63,480
79,60,45,80
83,64,47,80
78,57,45,80
80,63,46,80
83,60,44,80
77,33,60,1440
2,62,45,80
76,57,42,80
83,61,45,80
79,57,40,80
82,60,44,80
79,52,42,80
79,40,68,960
1,59,44,80
79,52,42,80
78,58,47,80
81,48,45,80
81,57,49,80
82,52,47,80
79,56,53,80
82,48,49,80
79,57,56,80
78,52,53,80
79,60,59,80
82,53,59,80
79,64,59,80
0,32,99,240
78,59,59,80
84,62,59,80
79,65,59,80
77,76,59,80
85,71,59,80
75,74,62,80
2,53,66,360
0,62,77,360
83,77,64,80
79,88,67,80
77,83,68,80
81,86,69,80
40,53,61,120
0,62,73,120
38,77,70,80
82,53,66,480
0,60,77,480
3,86,69,80
79,81,68,80
76,84,67,80
85,77,66,80
79,74,64,80
79,69,62,80
78,72,58,80
1,33,70,480
0,45,84,480
79,65,58,80
83,62,58,80
78,57,58,80
78,60,58,80
83,53,58,80
79,32,73,240
0,44,86,240
2,64,59,80
78,59,59,80
79,62,59,80
82,65,59,80
81,76,59,80
80,71,59,80
78,55,77,160
0,62,66,160
2,74,64,80
78,77,64,80
78,88,66,80
2,53,72,160
0,62,60,160
80,83,67,80
80,52,73,160
0,62,61,160
3,86,69,80
75,76,69,80
82,52,77,480
0,60,66,480
1,86,67,80
80,81,66,80
79,84,64,80
78,76,62,80
85,74,61,80
80,69,60,80
77,33,68,480
0,45,81,480
1,72,59,80
79,64,59,80
80,62,59,80
80,57,59,80
83,60,59,80
76,59,59,80
81,69,59,80
0,35,66,240
0,47,77,240
79,64,58,80
84,68,58,80
76,71,58,80
83,81,58,80
79,76,58,80
78,80,58,80
1,56,60,480
0,59,60,480
0,64,70,10
82,83,57,80
78,68,66,160
3,93,58,80
77,88,59,80
80,73,70,160
1,92,59,80
82,83,59,80
75,92,60,80
2,59,60,480
0,63,60,480
0,71,70,480
0,69,70,480
83,87,60,80
78,90,59,80
77,83,59,80
83,80,59,80
78,75,58,80
81,47,66,480
0,59,77,478
3,78,55,80
78,71,55,80
80,68,55,80
78,63,55,80
84,66,55,80
75,59,55,82
80,69,55,80
2,40,66,240
0,52,77,240
82,64,55,80
77,68,55,80
84,71,55,80
76,81,55,80
81,76,55,80
78,80,55,80
2,68,67,160
0,59,56,160
82,83,59,80
78,67,58,160
0,58,49,160
3,93,59,80
79,88,59,80
78,68,63,160
0,59,55,160
1,92,59,80
81,83,59,80
78,100,81,240
0,52,63,240
0,56,63,240
0,64,72,8
959,101,94,80
1,33,100,240
78,96,69,80
80,100,90,80
80,93,69,80
84,99,84,80
81,96,69,80
76,98,82,80
1,64,84,360
0,60,70,360
0,57,70,360
78,93,67,80
83,97,79,80
77,93,67,80
80,96,78,80
42,57,67,120
0,60,67,120
0,64,79,120
40,88,67,80
80,64,84,480
0,60,70,480
0,57,70,480
2,95,77,80
80,88,69,80
79,94,75,80
77,84,69,80
82,93,73,80
79,88,69,80
81,57,74,480
0,60,74,480
0,65,88,480
2,92,73,80
77,84,67,80
81,91,69,80
79,84,67,80
82,90,69,80
80,81,67,80
79,57,70,480
0,60,70,480
0,64,84,480
1,89,73,80
77,84,69,80
83,88,73,80
82,81,69,80
79,87,73,80
81,84,69,80
76,86,73,80
1,52,67,480
0,57,67,480
0,60,79,480
80,81,67,80
79,85,69,80
84,81,67,80
77,84,69,80
83,76,67,80
75,83,69,80
2,57,67,960
0,60,67,960
0,64,79,960
81,76,67,80
77,82,69,80
82,72,67,80
83,81,69,80
75,76,67,80
85,80,69,80
76,72,67,80
80,79,69,80
83,72,67,80
78,78,69,80
79,69,67,80
81,24,70,240
0,36,80,240
1,77,56,80
80,70,56,80
79,76,56,80
80,67,51,80
81,75,56,80
80,70,51,80
79,43,58,360
0,52,69,360
3,74,56,80
79,67,51,80
79,73,56,80
81,70,51,80
79,72,56,80
39,43,50,120
0,52,61,120
40,67,51,80
79,71,56,80
1,43,60,480
0,52,70,480
82,67,50,80
79,70,55,80
82,64,49,80
76,69,53,80
80,60,47,80
81,43,52,480
0,53,62,480
1,68,50,80
81,58,46,80
79,67,49,80
79,60,46,80
80,66,47,80
78,58,45,80
82,43,49,480
0,52,58,480
2,65,47,80
79,60,45,80
80,64,47,80
81,58,45,80
80,63,46,80
76,60,44,80
82,48,58,480
0,36,55,1440
1,62,45,80
82,55,42,80
80,61,45,80
78,58,40,80
81,60,44,80
76,55,39,80
82,52,58,960
0,43,49,960
2,59,44,80
81,55,42,80
76,60,47,80
82,58,45,80
78,61,49,80
80,55,47,80
79,62,53,80
85,58,49,80
80,63,56,80
79,55,53,80
76,64,59,80
81,58,56,80
79,69,59,80
2,36,74,240
78,64,59,80
83,67,59,80
81,70,59,80
79,81,59,80
79,76,59,80
80,79,59,80
0,64,55,8
0,58,55,160
0,55,61,160
79,82,59,80
81,93,60,80
0,47,62,160
81,88,62,80
77,91,64,80
2,48,63,160
79,82,66,80
81,49,69,480
0,63,58,480
0,58,58,480
0,55,58,480
2,93,67,80
77,87,67,80
83,91,66,80
81,82,64,80
80,81,64,80
79,75,62,80
77,79,62,80
1,37,60,480
0,49,72,480
83,70,59,80
75,69,59,80
80,63,59,80
84,67,59,80
79,58,59,80
79,38,66,240
0,50,77,240
1,69,59,80
82,62,59,80
75,67,59,80
85,70,59,80
78,81,59,80
78,74,59,80
79,79,59,80
2,64,55,12
0,58,55,160
0,55,63,160
81,82,59,80
78,93,60,80
1,47,63,160
79,86,62,80
81,49,63,120
3,91,66,80
78,82,68,80
34,51,70,525
15,55,70,510
15,58,58,495
15,63,58,480
1,93,69,80
77,85,69,80
82,91,68,80
80,82,67,80
80,81,66,80
82,73,64,80
78,39,60,480
0,51,72,480
1,79,59,80
79,70,59,80
82,69,59,80
79,61,59,80
80,67,59,80
79,58,59,80
78,69,59,80
2,40,80,240
0,52,80,240
82,60,59,80
76,67,59,80
83,58,59,80
82,72,59,80
77,69,59,80
80,60,88,360
2,70,61,80
78,67,62,80
80,81,64,80
82,72,64,80
79,79,64,80
39,60,79,120
40,70,64,80
80,60,88,480
3,84,64,80
78,81,64,80
78,82,62,80
81,79,61,80
78,93,61,80
84,84,60,80
78,36,55,480
0,48,63,480
3,91,59,80
78,82,59,80
77,96,59,80
81,93,59,80
79,94,59,80
83,91,59,80
77,98,59,80
2,41,58,240
0,53,70,240
83,93,59,80
80,96,59,80
78,89,59,80
81,92,59,80
81,89,59,80
75,93,59,80
2,69,74,360
78,84,59,80
84,88,59,80
79,84,59,80
78,89,59,80
41,57,67,1080
38,81,59,80
81,85,59,80
1,62,70,360
0,53,70,960
81,81,59,80
79,86,59,80
79,77,59,80
81,80,59,80
40,64,67,120
41,77,59,80
79,65,70,480
2,81,59,80
80,74,59,80
79,76,59,80
80,74,59,80
81,77,59,80
81,69,59,80
75,76,59,80
2,31,77,240
0,43,77,240
81,71,59,80
79,74,59,80
79,77,59,80
79,88,59,80
85,83,59,80
75,86,55,80
2,55,70,480
0,59,70,160
80,89,53,80
80,65,63,160
1,100,55,80
78,95,56,80
81,69,63,160
1,98,57,80
78,89,58,80
80,93,57,80
1,67,70,480
78,89,57,80
84,91,56,80
76,83,56,80
81,81,55,80
83,77,55,80
78,55,68,480
0,59,68,480
0,65,68,480
3,79,55,80
79,71,59,80
80,88,59,80
79,79,59,80
79,86,59,80
83,77,59,80
76,83,59,80
1,36,72,240
0,48,72,240
83,79,59,80
76,84,59,80
80,76,59,80
82,87,59,80
39,48,55,600
43,84,59,80
17,55,55,540
58,88,59,80
2,64,63,480
78,79,59,80
83,90,59,80
79,88,55,80
78,91,59,80
81,84,55,80
84,94,59,80
76,91,51,80
79,95,58,80
80,88,55,80
85,96,59,80
75,91,58,80
80,97,61,80
80,88,59,80
82,98,64,80
83,91,62,80
77,99,69,80
80,88,67,80
80,40,90,240
0,28,90,240
3,100,89,80
80,95,64,80
78,99,75,80
82,91,64,80
79,98,73,80
78,95,64,80
79,97,61,80
1,59,77,360
0,55,66,360
0,52,66,360
78,91,59,80
83,96,61,80
82,91,59,80
77,95,61,80
40,52,60,120
0,55,60,120
0,59,72,120
39,88,59,80
81,59,77,480
0,55,66,480
0,52,66,480
1,94,69,80
78,91,64,80
83,93,69,80
81,88,64,80
77,92,69,80
83,88,64,80
75,91,69,80
2,52,67,480
0,55,67,480
0,60,80,480
83,84,59,80
78,90,61,80
81,84,59,80
79,89,61,80
77,79,59,80
81,88,69,80
1,52,66,480
0,55,66,480
0,59,77,480
80,83,64,80
78,87,69,80
82,79,64,80
78,86,69,80
83,83,64,80
79,52,60,480
0,55,72,480
0,47,60,480
3,85,61,80
75,79,59,80
84,84,61,80
79,79,59,80
81,83,61,80
80,76,59,80
78,52,60,960
0,59,72,960
0,55,60,960
1,82,69,80
81,79,64,80
76,81,69,80
84,76,64,80
80,80,69,80
80,76,64,80
76,79,69,80
85,71,59,80
78,78,61,80
81,71,59,80
76,77,61,80
83,67,59,80
79,28,74,240
3,76,59,80
75,71,55,80
81,75,59,80
79,67,55,80
85,74,59,80
78,71,55,80
78,73,59,80
1,40,58,360
0,47,69,360
83,67,55,80
77,72,59,80
82,67,55,80
77,71,59,80
41,47,61,120
0,40,50,120
38,64,55,80
81,70,59,80
1,40,60,480
0,47,70,480
81,67,55,80
82,69,59,80
75,64,55,80
85,68,59,80
77,64,55,80
78,67,59,80
2,40,52,480
0,48,62,480
82,60,55,80
77,66,59,80
84,60,55,80
79,65,59,80
81,55,55,80
76,64,55,80
1,40,55,480
0,47,63,480
80,59,50,80
78,63,53,80
84,55,47,80
76,62,50,80
82,59,46,80
79,61,49,80
1,28,55,1440
83,55,45,80
75,60,47,80
81,55,45,80
80,59,46,80
80,52,42,80
79,58,45,80
2,35,58,960
81,55,45,80
82,57,47,80
80,47,45,80
76,56,47,80
83,52,46,80
79,55,49,80
80,47,46,80
82,54,49,80
77,52,46,80
83,55,50,80
78,48,50,80
77,59,59,80
2,27,70,240
81,54,59,80
80,57,59,80
79,60,59,80
83,71,59,80
78,66,59,80
79,60,77,360
0,51,77,360
1,69,62,80
80,72,66,80
78,83,67,80
81,78,69,80
80,81,69,80
40,60,73,120
0,51,73,120
38,72,69,80
82,52,77,480
0,60,77,480
2,81,68,80
77,76,67,80
79,79,66,80
82,72,62,80
81,69,61,80
77,64,60,80
81,67,58,80
1,28,66,480
0,40,77,480
78,60,58,80
83,57,58,80
79,52,58,80
81,55,58,80
81,48,58,80
78,59,59,80
0,27,67,240
0,39,67,240
82,54,59,80
78,57,59,80
83,60,59,80
78,71,59,80
78,66,59,80
81,62,77,160
0,51,77,160
3,69,64,80
80,72,66,80
77,83,67,80
0,60,72,240
0,51,72,240
83,78,68,80
76,81,69,80
81,51,73,80
0,59,73,80
3,71,70,80
77,59,77,480
0,52,77,480
1,81,70,80
79,76,69,80
81,79,68,80
81,71,67,80
76,69,66,80
81,64,64,80
80,67,59,80
1,28,67,480
0,40,79,480
80,59,59,80
83,57,59,80
79,52,59,80
80,55,59,80
81,54,59,80
77,64,59,8
0,42,69,240
0,30,69,240
80,59,58,80
83,63,58,80
76,66,58,80
81,76,58,80
81,71,58,80
79,75,58,80
0,59,70,160
0,54,60,480
82,78,58,80
78,63,66,160
2,88,59,80
80,83,59,80
78,68,70,160
2,87,61,80
76,78,62,80
81,87,64,80
1,58,60,480
0,66,70,480
0,64,70,3
0,54,60,480
79,82,64,80
83,85,61,80
81,78,60,80
77,75,59,80
81,70,59,80
77,73,55,80
2,42,77,480
0,30,66,480
83,66,55,80
76,63,55,80
82,58,55,80
80,61,55,80
79,54,55,80
80,35,66,240
0,47,77,240
2,63,55,80
76,59,55,80
80,63,55,80
80,66,55,80
80,76,55,80
82,71,55,80
79,75,55,80
1,54,56,160
0,63,67,160
82,78,59,80
76,88,59,80
2,53,49,160
0,62,58,160
80,83,59,80
78,87,59,80
2,63,63,160
0,54,55,160
82,78,59,80
78,95,83,240
0,51,65,240
0,59,76,240
0,47,65,240
960,40,90,240
2,96,94,80
77,91,70,80
83,95,90,80
79,88,70,80
80,94,88,80
80,91,70,80
77,93,85,80
2,59,77,360
0,55,66,360
0,52,66,360
81,88,68,80
77,92,84,80
85,88,68,80
77,91,80,80
40,52,60,120
0,55,60,120
0,59,72,120
43,83,68,80
77,59,77,480
0,55,66,480
0,52,66,480
2,90,81,80
79,83,70,80
81,89,77,80
80,79,70,80
78,88,77,80
80,83,70,80
78,87,77,80
2,52,67,480
0,55,67,480
0,60,80,480
82,79,68,80
77,86,73,80
79,79,68,80
81,85,70,80
83,76,68,80
77,84,77,80
1,52,66,480
0,55,66,480
0,59,77,480
79,79,70,80
81,83,77,80
78,76,70,80
82,82,77,80
81,79,70,80
79,47,60,480
0,52,60,480
0,55,72,480
1,81,77,80
81,76,68,80
78,80,70,80
80,76,68,80
83,79,70,80
80,71,70,80
77,52,60,960
0,55,60,960
0,59,72,960
1,78,70,80
82,71,68,80
75,77,70,80
83,67,68,80
82,76,70,80
77,71,68,80
79,75,70,80
80,67,68,80
79,74,70,80
83,67,68,80
79,73,70,80
78,64,68,80
80,72,61,80
2,31,62,240
80,67,59,80
83,71,61,80
80,64,59,80
77,70,61,80
82,67,59,80
78,38,58,1920
0,47,69,360
1,69,61,80
81,64,59,80
81,68,61,80
78,64,59,80
80,67,61,80
39,47,61,120
38,59,59,80
82,47,70,480
2,66,61,80
78,59,58,80
81,65,60,80
80,55,56,80
80,64,59,80
81,59,55,80
78,48,62,480
2,63,59,80
78,54,53,80
78,62,56,80
81,55,51,80
81,61,55,80
79,53,49,80
81,47,73,480
2,60,55,80
78,55,50,80
83,59,53,80
75,53,49,80
84,58,50,80
79,55,47,80
79,31,69,1440
3,57,49,80
76,50,46,80
82,56,49,80
82,53,46,80
79,55,49,80
81,47,45,80
76,54,49,80
1,38,66,960
83,53,46,80
79,55,53,80
81,47,50,80
80,56,56,80
80,53,55,80
78,57,59,80
78,50,56,80
82,58,61,80
78,55,59,80
80,59,64,80
83,53,64,80
78,31,75,240
2,64,69,80
77,59,69,80
83,62,69,80
78,65,69,80
78,76,69,80
84,71,69,80
78,59,82,160
0,50,70,160
3,74,66,80
75,77,67,80
81,88,69,80
1,42,73,160
81,83,70,80
79,86,72,80
0,43,79,160
82,77,73,80
77,88,77,80
1,44,82,480
0,58,82,480
0,50,70,480
82,82,73,80
81,86,72,80
75,77,71,80
83,76,69,80
81,70,69,80
77,74,64,80
1,32,86,480
78,65,64,80
81,64,64,80
83,58,64,80
81,62,64,80
78,53,64,80
79,64,69,80
0,33,81,240
82,57,69,80
77,62,69,80
82,65,69,80
78,76,69,80
80,69,69,80
81,62,80,160
0,53,67,160
3,74,68,80
76,77,68,80
79,88,69,80
2,44,73,160
82,81,70,80
76,86,71,80
2,45,79,160
78,77,72,80
80,88,73,80
2,46,82,480
0,62,82,480
0,56,70,480
0,53,70,480
80,80,72,80
81,86,71,80
79,77,70,80
80,76,69,80
80,68,69,80
78,74,64,80
2,34,94,480
81,65,64,80
81,64,64,80
78,56,64,80
81,62,64,80
82,53,64,80
77,35,90,240
1,64,69,8
80,55,69,80
77,62,69,80
82,53,69,80
79,67,69,80
81,64,69,80
80,55,96,360
3,65,70,80
77,62,70,80
78,76,70,80
83,67,70,80
81,74,70,80
38,55,86,120
42,65,70,80
78,55,96,480
3,79,69,80
80,76,69,80
76,77,69,80
84,74,69,80
78,88,69,80
81,79,69,80
78,31,55,480
0,43,55,480
2,86,64,80
80,77,59,80
81,91,59,80
80,88,59,80
80,89,59,80
78,86,59,80
79,93,62,80
0,36,60,240
0,48,60,240
78,88,62,80
82,91,62,80
82,84,62,80
78,100,68,80
79,91,62,80
79,98,66,80
2,52,57,160
81,88,59,80
79,60,57,160
2,96,63,80
76,92,59,80
80,95,63,80
2,68,57,160
80,88,59,80
80,41,57,240
2,94,62,80
80,89,59,80
76,92,62,80
80,85,59,80
80,90,62,80
82,85,59,80
78,89,62,80
2,53,48,160
0,56,57,160
83,80,59,80
77,61,57,160
1,87,62,80
77,80,59,80
82,68,57,160
3,85,62,80
78,77,59,80
79,85,59,80
0,43,68,240
78,78,59,80
81,84,59,80
81,76,59,80
81,79,59,80
81,72,59,80
76,80,55,80
2,55,52,160
0,60,62,160
82,76,55,80
76,78,55,80
2,64,57,160
81,72,55,80
79,67,57,160
1,79,55,80
82,76,55,80
77,81,55,80
0,43,62,240
79,71,55,80
80,78,55,80
83,77,55,80
78,79,55,80
80,71,55,80
80,65,57,480
0,55,57,480
0,62,57,480
0,67,57,480
1,83,55,80
77,77,53,80
85,88,53,80
79,79,53,80
76,86,53,80
82,77,53,80
50,48,60,510
15,55,60,15
15,64,60,6
2,86,55,80
81,79,46,80
79,84,55,80
79,76,46,80
80,81,55,80
82,76,47,80
79,79,55,80
77,72,47,80
82,77,55,80
78,72,47,80
82,76,55,80
81,67,47,80
77,81,55,80
82,76,49,80
79,79,55,80
83,72,49,80
79,77,55,80
80,72,47,80
79,76,55,80
79,67,49,80
82,81,55,80
80,76,47,80
81,79,55,80
76,72,47,80
81,76,69,480
0,79,82,480
1,69,66,80
82,64,61,80
78,67,66,80
82,61,61,80
78,65,66,80
79,61,61,80
80,76,69,360
0,79,82,360
0,67,69,360
0,64,66,80
83,58,61,80
80,62,66,80
76,58,61,80
80,61,66,80
41,76,63,120
0,67,63,120
0,79,77,120
39,55,61,80
81,67,69,480
0,79,82,480
0,76,69,480
2,60,66,80
81,55,61,80
78,58,66,80
77,52,61,80
83,57,66,80
77,52,61,80
82,76,72,480
0,69,72,480
0,81,85,480
1,55,66,80
80,49,61,80
79,53,61,80
78,49,57,80
85,52,61,80
75,46,57,80
82,79,82,480
0,67,69,480
0,76,69,480
1,50,61,80
77,46,61,80
81,49,66,80
82,43,61,80
78,48,66,80
80,43,61,80
81,73,63,480
0,67,63,480
0,76,77,480
1,46,66,80
79,40,57,80
80,45,61,80
79,40,57,80
83,43,61,80
76,37,57,80
82,67,63,960
0,79,77,960
0,76,63,960
0,41,61,80
81,37,57,80
81,40,61,80
78,34,57,80
78,38,61,80
82,34,57,80
80,37,61,80
78,31,57,80
84,36,61,80
80,31,57,80
81,34,61,80
78,28,57,80
79,79,69,480
0,82,82,480
1,72,66,80
80,67,61,80
81,70,66,80
80,64,61,80
81,69,66,80
77,64,61,80
80,70,69,360
0,79,69,360
0,82,82,360
0,67,66,80
78,61,61,80
85,65,66,80
79,61,61,80
78,64,66,80
40,70,63,120
0,79,63,120
0,82,77,120
38,58,61,80
82,82,82,480
0,70,69,480
0,79,69,480
3,62,66,80
79,58,61,80
76,61,66,80
82,55,61,80
83,60,66,80
75,55,61,80
80,58,66,80
2,72,72,480
0,84,85,480
0,79,72,480
79,52,57,80
79,57,61,80
83,52,57,80
77,55,61,80
83,49,57,80
79,70,69,480
0,79,69,480
0,82,82,480
1,53,61,80
81,49,61,80
80,52,66,80
81,46,61,80
79,50,66,80
77,46,61,80
81,79,81,480
0,70,68,480
0,76,68,480
2,49,66,80
78,43,57,80
83,48,61,80
79,43,57,80
77,46,61,80
80,40,57,80
81,79,70,960
0,70,70,960
0,82,84,960
0,45,61,80
79,40,57,80
82,43,61,80
78,37,57,80
84,41,61,80
76,37,57,80
81,40,61,80
79,34,57,80
79,38,61,80
81,34,57,80
79,37,61,80
84,31,57,80
78,39,74,240
2,96,67,80
5,27,74,240
76,87,58,80
75,94,61,80
82,85,58,80
80,92,61,80
82,87,58,80
78,91,56,80
0,63,64,360
80,85,52,80
82,89,56,80
77,85,52,80
82,87,56,80
39,63,61,120
38,79,52,80
82,51,55,480
0,60,55,480
0,63,66,480
3,89,61,80
80,84,58,80
80,87,61,80
75,80,58,80
82,85,61,80
81,80,58,80
79,68,64,360
2,84,61,80
80,75,52,80
77,82,56,80
84,75,52,80
79,80,56,80
38,60,61,120
39,72,52,80
81,51,50,1440
0,63,61,480
1,84,61,80
77,75,58,80
83,82,61,80
81,73,58,80
80,81,61,80
76,75,58,80
82,58,64,360
2,82,56,80
79,73,52,80
82,85,56,80
80,75,52,80
79,79,56,80
38,63,61,120
39,73,52,80
81,82,61,80
0,44,50,480
0,60,61,480
80,75,58,80
78,80,61,80
83,72,58,80
77,79,61,80
84,75,58,80
80,80,61,80
77,72,52,80
79,82,56,80
80,75,52,80
84,80,56,80
76,72,52,80
82,92,50,80
0,35,48,240
0,47,48,240
82,83,48,80
80,90,50,80
78,81,48,80
83,88,50,80
78,83,48,80
78,87,48,80
1,59,53,360
80,81,44,80
83,85,48,80
75,81,44,80
80,83,48,80
42,59,50,120
38,78,44,80
80,88,50,80
2,47,46,480
0,56,46,480
0,59,55,480
83,80,48,80
76,87,50,80
81,76,48,80
82,85,50,80
76,80,48,80
82,64,53,15
2,83,50,80
77,76,44,80
84,81,48,80
76,76,44,80
80,80,48,80
41,56,50,120
39,71,44,80
80,80,50,80
1,47,42,960
0,59,50,480
83,75,48,80
80,78,50,80
80,69,48,80
80,77,50,80
78,75,48,80
77,78,48,80
2,54,50,160
79,69,44,80
80,81,48,80
1,56,42,160
80,71,44,80
80,75,48,80
0,57,48,130
79,69,44,80
51,40,38,510
15,47,38,15
15,56,45,480
3,78,48,80
78,71,44,80
80,77,45,80
82,68,42,80
78,76,44,80
81,71,41,80
81,75,44,80
80,68,41,80
80,74,42,80
80,71,40,80
75,73,42,80
82,68,40,80
79,73,62,80
1,40,70,480
0,52,70,480
79,68,59,80
84,71,59,80
79,62,59,80
80,73,60,80
76,68,61,80
82,35,58,160
0,47,70,160
1,71,62,80
81,74,64,80
78,32,55,160
0,44,66,160
2,85,67,80
80,80,68,80
76,83,69,80
2,35,62,160
0,47,74,160
82,86,70,80
78,97,72,80
0,28,67,180
0,40,79,180
81,92,73,80
82,95,71,80
80,86,71,80
75,85,71,80
42,40,66,120
0,52,77,120
42,80,71,80
78,83,71,80
0,42,70,360
0,54,84,360
78,74,69,80
81,73,69,80
81,68,69,80
78,71,69,80
42,40,67,120
0,52,79,120
43,62,69,80
77,39,73,480
0,51,86,480
1,74,69,80
78,67,69,80
83,72,69,80
81,60,69,80
76,77,69,80
79,72,69,80
82,36,62,480
0,48,74,480
2,75,69,80
77,67,61,80
82,80,61,80
81,75,61,80
81,79,61,80
76,72,61,80
81,39,69,480
0,51,82,480
1,84,61,80
82,79,61,80
80,83,61,80
78,75,61,80
78,82,61,80
83,79,61,80
78,81,61,80
0,41,66,160
0,53,77,160
80,76,62,80
78,80,64,80
2,42,58,160
0,54,70,160
81,76,67,80
79,79,68,80
0,43,62,160
0,55,74,160
78,72,69,80
81,77,66,80
1,44,66,480
0,56,77,480
83,72,59,80
76,75,59,80
84,66,59,80
75,77,60,80
85,72,61,80
77,39,67,160
0,51,79,160
3,75,62,80
77,78,64,80
79,89,67,80
1,36,58,160
0,48,70,160
81,84,69,80
79,39,62,160
0,51,74,160
1,87,70,80
80,90,72,80
79,101,70,80
0,32,67,180
0,44,79,180
78,96,61,80
85,99,69,80
75,90,69,80
81,89,69,80
41,44,66,120
0,56,77,120
39,84,69,80
81,46,70,360
0,58,84,360
2,87,69,80
79,78,69,80
82,77,69,80
78,72,69,80
81,75,69,80
38,44,67,120
0,56,79,120
40,66,69,80
80,43,73,480
0,55,86,480
2,78,69,80
80,71,69,80
76,76,69,80
83,64,69,80
77,81,69,80
80,76,69,80
82,40,62,480
0,52,74,480
2,79,69,80
78,71,61,80
83,84,61,80
77,79,61,80
82,83,61,80
76,76,61,80
82,43,69,480
0,55,82,480
1,88,66,80
77,83,66,80
84,87,67,80
81,79,68,80
78,86,69,80
81,83,69,80
77,85,70,80
1,45,66,160
0,57,77,160
82,79,71,80
78,46,67,160
0,58,79,160
1,84,72,80
80,79,73,80
78,83,73,80
1,47,69,160
0,59,82,160
83,76,75,80
77,82,68,80
0,48,75,480
0,60,90,480
82,76,64,80
78,81,69,80
78,70,64,80
82,80,69,80
81,76,64,80
49,36,63,510
15,43,63,495
15,79,69,80
0,52,82,480
80,70,64,80
78,81,69,80
81,76,64,80
82,79,69,80
82,70,64,80
47,41,67,510
15,48,68,495
15,79,69,80
0,57,89,480
83,72,64,80
77,78,69,80
81,69,64,80
77,77,69,80
85,72,64,80
62,35,60,495
15,54,82,480
3,78,69,80
77,69,64,80
82,79,69,80
77,71,64,80
82,78,69,80
79,69,64,80
50,40,62,510
15,47,63,495
15,55,90,480
1,78,69,80
77,71,64,80
82,77,69,80
79,67,64,80
84,76,69,80
80,71,64,80
47,45,55,510
15,52,56,495
15,61,82,480
3,76,69,80
78,67,64,80
80,77,69,80
77,69,64,80
82,76,69,80
79,67,64,80
51,50,62,510
15,57,66,495
15,76,69,80
0,62,89,480
78,69,64,80
85,73,69,80
76,65,64,80
83,74,69,80
81,69,64,80
47,45,55,510
15,52,55,495
15,60,82,480
1,74,69,80
78,64,64,80
80,71,69,80
82,69,64,80
82,72,69,80
76,64,64,80
80,72,70,80
1,38,80,240
0,50,94,240
82,69,70,80
81,71,70,80
76,65,70,80
80,72,70,80
81,69,70,80
80,53,77,480
0,65,90,480
3,71,70,80
78,77,71,80
77,84,72,80
85,81,73,80
75,83,75,80
83,89,77,80
78,96,77,80
1,46,74,240
0,58,88,240
79,93,77,80
79,95,75,80
81,89,73,80
81,84,73,80
40,48,79,120
0,60,93,120
43,81,72,80
75,83,70,80
2,47,74,480
0,59,89,480
78,77,70,80
82,72,70,80
79,69,70,80
82,71,70,80
79,65,70,80
80,71,70,80
0,39,80,240
0,51,94,240
83,66,70,80
78,69,70,80
78,60,70,80
81,71,70,80
80,66,70,80
80,54,77,480
0,66,90,480
3,69,70,80
78,72,71,80
82,83,72,80
79,78,73,80
80,81,75,80
79,84,77,80
79,45,74,240
0,57,88,240
3,95,79,80
76,90,78,80
84,93,77,80
76,84,75,80
84,83,72,80
37,50,79,120
0,62,93,120
42,78,71,80
76,81,70,80
2,48,74,480
0,60,89,478
82,72,70,80
78,71,70,80
79,66,70,80
79,69,70,80
80,60,70,82
82,69,59,80
0,52,62,1920
0,40,62,240
83,64,59,80
75,68,59,80
80,71,60,80
81,81,60,80
83,76,61,80
78,59,80,360
2,80,62,80
80,83,62,80
79,93,63,80
78,88,63,80
83,92,64,80
38,64,77,120
43,83,63,80
77,62,77,799
3,92,63,80
76,86,63,80
81,90,63,80
78,83,63,80
80,80,62,80
80,74,62,80
82,78,62,80
82,71,61,80
78,68,61,80
79,62,61,241
80,66,61,80
80,59,61,80
81,28,61,240
0,40,61,240
2,66,60,80
76,61,59,80
80,64,59,80
83,68,60,80
79,78,60,80
82,73,61,80
76,76,62,80
2,56,80,360
83,80,66,80
75,90,66,80
80,85,66,80
81,88,66,80
41,61,77,120
42,80,66,80
77,88,66,80
1,59,77,798
81,83,64,80
79,86,64,80
81,78,63,80
80,76,63,80
82,71,62,80
80,74,62,80
80,66,67,80
75,64,64,80
80,59,62,242
83,62,62,80
81,54,61,80
78,40,74,3840
3,61,71,80
75,56,66,80
85,59,71,80
79,53,67,80
78,64,71,80
81,59,68,80
79,53,79,360
2,62,71,80
78,56,66,80
79,67,71,80
84,62,68,80
80,65,71,80
37,53,77,120
42,59,68,80
78,53,77,480
1,69,71,80
78,65,71,80
79,68,71,80
81,62,71,80
82,72,71,80
79,68,71,80
80,71,71,80
0,55,80,480
79,65,71,80
81,76,71,80
82,71,71,80
81,74,71,80
79,68,71,80
78,53,79,480
3,79,71,80
76,74,71,80
82,77,73,80
78,71,75,80
84,81,77,80
77,77,77,80
79,80,77,80
1,50,79,480
81,74,78,80
80,84,78,80
79,80,78,80
80,83,79,80
79,77,79,80
80,88,77,80
1,53,77,960
79,83,77,80
84,86,77,80
79,80,77,80
80,91,77,80
79,86,77,80
81,89,75,80
77,83,77,80
83,93,79,80
76,89,80,80
84,92,82,80
81,86,84,80
76,40,82,1
1,101,97,96
78,95,88,96
1,47,70,96
80,44,79,96
1,100,94,96
78,92,85,96
4,50,68,96
79,44,74,96
2,99,94,96
75,50,68,96
3,95,85,96
78,47,74,96
2,98,90,96
80,92,85,96
0,53,66,96
78,47,74,96
2,97,89,96
80,53,67,96
1,92,84,96
76,50,74,96
3,96,89,96
79,56,66,96
2,89,84,96
78,50,74,96
2,95,89,96
77,56,66,96
4,89,84,96
75,94,89,96
4,53,74,96
78,86,84,96
3,59,66,96
78,53,73,96
1,93,89,96
76,89,82,96
5,59,63,96
77,92,88,96
2,56,73,96
76,83,82,96
3,62,63,96
80,91,88,96
0,56,72,96
78,86,82,96
2,62,63,96
77,90,88,96
3,59,72,96
78,80,82,96
0,65,63,96
80,59,72,96
4,89,88,96
76,65,64,96
2,83,82,96
78,62,72,96
2,88,88,96
77,80,82,96
2,68,63,96
80,87,88,96
2,62,72,96
77,68,63,96
4,83,82,96
79,65,72,96
1,86,88,96
76,71,63,96
1,79,82,96
78,65,72,96
1,85,88,96
80,79,82,96
2,71,63,96
77,84,88,96
2,68,72,96
80,74,63,240
3,77,81,240
77,83,103,120
0,80,88,120
960,35,82,96
2,95,103,96
80,41,67,96
1,89,85,96
76,94,99,96
0,38,79,96
80,44,67,96
4,86,85,96
76,38,79,96
1,93,90,96
79,44,67,96
4,89,85,96
78,92,90,96
1,41,74,96
77,86,85,96
1,47,67,96
78,41,74,96
1,91,89,96
81,86,85,96
3,47,68,96
75,44,74,96
3,90,89,96
78,83,84,96
2,50,67,96
78,89,89,96
2,44,74,96
77,83,84,96
2,50,66,96
78,88,89,96
2,47,74,96
80,53,64,96
2,80,84,96
79,47,73,96
2,87,89,96
79,83,82,96
0,53,66,96
77,50,73,96
3,86,88,96
76,77,82,96
3,56,64,96
77,50,72,96
2,85,88,96
81,80,82,96
0,56,64,96
79,53,72,96
3,84,88,96
76,74,84,96
4,59,64,96
77,53,73,96
1,83,88,96
79,59,64,96
2,77,84,96
79,56,72,96
2,82,88,96
79,62,64,96
1,74,82,96
75,56,72,96
4,81,88,96
76,62,63,96
3,77,84,96
78,80,86,96
0,59,72,96
83,74,82,96
0,65,63,96
76,79,85,96
5,59,72,96
76,65,63,96
2,74,81,96
78,62,72,336
3,78,85,96
78,71,81,78
1,68,63,80
77,77,100,144
2,74,90,120
0,65,71,120
0,71,81,120
3,68,90,120
957,77,60,80
0,65,60,80
80,74,55,80
0,62,53,80
80,76,60,80
0,64,60,80
80,68,60,240
0,59,60,240
720,77,60,80
0,65,60,80
80,74,53,80
0,62,52,80
80,76,60,80
0,64,60,80
80,68,60,240
0,59,60,240
720,77,51,80
1,65,48,80
79,74,51,80
3,62,48,80
77,76,51,80
2,64,48,80
78,59,49,80
1,68,52,80
82,77,52,80
0,65,49,80
76,62,50,80
1,74,53,80
80,76,53,80
0,64,50,80
80,59,50,80
3,68,53,80
78,77,55,80
1,65,51,80
77,62,51,80
1,74,55,80
81,76,56,80
2,64,52,80
76,59,52,80
3,68,56,80
76,77,57,80
1,65,53,80
79,74,57,80
4,62,53,80
77,76,57,80
3,64,53,80
76,68,58,80
3,59,55,80
78,77,58,80
3,65,55,80
76,62,56,80
2,74,59,80
79,64,56,80
2,76,59,80
78,68,60,80
0,59,56,80
79,77,60,80
5,65,57,80
78,74,60,80
2,62,57,80
75,76,61,80
3,64,58,80
78,68,61,80
3,59,58,80
77,65,59,96
3,77,62,80
78,74,62,80
3,64,59,96
77,63,59,96
3,76,62,80
75,62,60,96
1,68,63,80
79,77,63,80
4,61,60,96
76,60,61,96
3,74,64,80
78,76,64,80
0,59,61,96
79,68,66,80
2,58,62,96
81,77,66,80
0,57,62,96
80,56,62,96
1,74,66,80
76,76,67,80
2,55,63,96
78,54,63,96
5,68,67,80
77,77,68,80
3,53,64,96
75,52,64,96
5,74,68,80
75,51,64,96
3,76,69,80
78,68,69,80
4,50,66,96
76,77,69,80
1,49,66,96
80,74,70,80
2,48,67,96
77,76,70,80
0,47,67,96
79,46,68,96
2,68,71,80
80,45,68,96
2,77,71,80
80,44,68,96
1,74,72,80
77,76,72,80
1,43,69,96
79,68,72,80
2,42,69,96
80,77,73,80
1,41,70,80
76,40,70,80
3,74,73,80
76,76,74,80
2,39,70,80
78,68,74,80
5,40,71,80
75,41,71,80
4,77,74,80
81,74,75,80
0,40,72,80
78,76,75,80
0,39,72,80
78,40,73,80
1,80,77,80
78,41,73,80
2,89,77,80
78,86,78,80
1,40,73,80
80,39,74,80
1,88,78,80
79,92,78,80
0,40,74,80
80,41,75,80
1,101,79,80
83,98,79,80
0,40,75,80
76,100,80,80
2,39,77,80
78,92,80,80
3,40,77,80
76,101,81,80
1,41,77,80
81,98,81,80
2,40,78,80
77,100,81,80
3,39,78,80
77,92,82,80
4,40,79,80
76,101,82,80
4,41,79,80
76,98,83,80
4,40,79,80
76,39,80,80
1,100,83,80
78,92,84,80
0,40,80,80
80,101,97,80
2,33,119,240
83,96,81,80
75,100,90,80
85,93,73,80
77,99,93,80
83,96,73,80
77,98,83,80
0,64,92,360
0,60,77,360
0,57,77,360
79,93,67,80
83,97,79,80
81,93,67,80
77,96,78,80
40,57,73,120
0,60,73,120
0,64,86,120
40,88,67,80
80,64,92,480
0,60,77,480
0,57,77,480
2,95,79,80
77,88,73,80
81,94,79,80
81,84,73,80
81,93,79,80
80,88,73,80
78,57,82,480
0,60,82,480
0,65,97,480
2,92,79,80
78,84,67,80
82,91,71,80
79,84,67,80
78,90,71,80
81,81,67,80
78,89,79,80
2,57,77,480
0,60,77,480
0,64,92,480
83,84,73,80
79,88,79,80
78,81,73,80
79,87,79,80
80,84,73,80
80,86,79,80
1,52,73,480
0,57,73,480
0,60,86,480
78,81,67,80
85,85,71,80
76,81,67,80
81,84,71,80
78,76,67,80
82,57,73,960
0,60,73,960
0,64,86,960
3,83,71,80
78,76,67,80
81,82,71,80
77,72,67,80
81,81,71,80
82,76,67,80
78,80,71,80
81,72,67,80
81,79,71,80
77,72,67,80
80,78,71,80
84,69,67,80
77,33,72,240
2,77,53,80
77,72,49,80
84,76,53,80
75,69,49,80
84,75,53,80
76,72,49,80
80,74,53,80
2,45,49,360
0,52,69,360
78,69,49,80
83,73,53,80
80,69,49,80
80,72,53,80
39,45,42,120
0,52,61,120
39,64,49,80
79,71,53,80
2,45,50,480
0,52,70,480
79,64,49,80
79,70,51,80
82,60,48,80
78,69,50,80
81,64,45,80
81,45,42,480
0,53,62,480
2,68,49,80
79,60,44,80
78,67,47,80
84,60,44,80
80,66,45,80
75,57,45,80
81,65,45,80
1,45,41,480
0,52,58,480
82,60,42,80
78,64,45,80
79,57,42,80
81,63,44,80
81,60,40,80
79,33,55,1440
2,62,42,80
79,57,39,80
77,61,42,80
84,57,39,80
79,60,40,80
77,52,38,80
82,40,58,960
1,59,40,80
82,52,39,80
79,58,45,80
78,48,42,80
80,57,47,80
83,52,45,80
78,56,50,80
79,48,48,80
83,57,53,80
78,52,50,80
77,60,56,80
83,53,53,80
77,64,57,80
2,32,69,240
79,59,57,80
82,62,57,80
81,65,57,80
78,76,57,80
83,71,57,80
77,53,66,360
0,62,77,360
2,74,59,80
78,77,60,80
80,88,61,80
80,83,62,80
81,86,64,80
39,53,61,120
0,62,73,120
40,77,66,80
80,53,66,480
0,60,77,480
1,86,67,80
80,81,64,80
79,84,61,80
83,77,59,80
76,74,59,80
79,69,57,80
80,72,55,80
2,33,77,480
0,45,77,480
78,65,55,80
81,62,55,80
80,57,55,80
81,60,55,80
82,53,55,80
78,64,57,80
0,32,66,240
0,44,66,240
78,59,57,80
83,62,57,80
82,65,57,80
79,76,57,80
77,71,57,80
81,55,73,160
0,62,66,160
3,74,60,80
76,77,60,80
79,88,61,80
2,53,72,160
0,62,60,160
81,83,64,80
77,86,64,80
2,52,73,160
0,62,61,160
83,76,66,80
77,52,77,480
0,60,66,480
1,86,66,80
79,81,64,80
78,84,61,80
81,76,59,80
84,74,58,80
78,69,56,80
77,72,56,80
2,33,67,480
0,45,79,480
78,64,56,80
83,62,56,80
82,57,56,80
78,60,56,80
78,59,56,80
81,69,57,80
0,35,68,240
0,47,68,240
83,64,55,80
75,68,55,80
82,71,55,80
81,81,55,80
79,76,55,80
79,80,55,80
1,56,60,480
0,59,60,480
0,64,70,10
81,83,55,80
78,93,56,80
1,68,66,160
79,88,57,80
81,73,70,160
1,92,59,80
82,83,59,80
77,92,59,80
0,59,60,480
0,63,60,480
0,71,70,480
0,69,70,480
79,87,59,80
83,90,59,80
78,83,58,80
81,80,57,80
79,75,56,80
80,47,66,480
0,59,77,478
3,78,51,80
75,71,51,80
83,68,51,80
77,63,51,80
81,66,51,80
79,59,51,82
80,69,51,80
2,40,66,240
0,52,77,240
82,64,51,80
80,68,51,80
78,71,51,80
80,81,51,80
81,76,51,80
79,80,51,80
0,68,67,160
0,59,56,160
81,83,57,80
77,93,57,80
2,67,58,160
0,58,49,160
82,88,57,80
78,92,57,80
0,68,63,160
0,59,55,160
83,83,57,80
77,100,76,240
0,52,65,240
0,56,65,240
0,64,74,8
960,33,99,240
1,101,99,80
82,96,67,80
77,100,89,80
82,93,67,80
79,99,82,80
79,96,67,80
80,64,84,360
0,60,70,360
0,57,70,360
2,98,79,80
81,93,62,80
75,97,77,80
84,93,62,80
78,96,77,80
40,57,67,120
0,60,67,120
0,64,79,120
39,88,62,80
81,64,84,480
0,60,70,480
0,57,70,480
2,95,74,80
80,88,67,80
77,94,75,80
82,84,67,80
78,93,75,80
79,88,67,80
82,57,74,480
0,60,74,480
0,65,88,480
2,92,73,80
78,84,62,80
79,91,70,80
80,84,62,80
82,90,67,80
78,81,62,80
80,89,70,80
1,57,70,480
0,60,70,480
0,64,84,480
79,84,67,80
82,88,70,80
81,81,67,80
80,87,70,80
79,84,67,80
77,86,70,80
2,52,67,480
0,57,67,480
0,60,79,480
79,81,62,80
84,85,67,80
76,81,62,80
80,84,67,80
79,76,62,80
82,83,67,80
0,57,67,960
0,60,67,960
0,64,79,960
79,76,62,80
84,82,67,80
76,72,62,80
80,81,67,80
82,76,62,80
81,80,67,80
79,72,62,80
78,79,67,80
83,72,62,80
78,78,67,80
82,69,62,80
76,77,53,80
2,31,69,240
82,72,49,80
79,76,53,80
77,69,49,80
84,75,53,80
78,72,49,80
80,43,58,360
0,52,69,360
1,74,53,80
82,69,49,80
78,73,53,80
79,69,49,80
78,72,53,80
42,43,50,120
0,52,61,120
42,64,49,80
78,43,60,1440
0,52,70,480
1,71,53,80
79,64,49,80
81,70,51,80
81,60,48,80
76,69,50,80
80,64,45,80
82,53,62,480
1,68,49,80
81,60,44,80
77,67,47,80
83,60,44,80
81,66,45,80
79,57,42,80
77,65,45,80
1,43,58,960
0,52,58,480
81,60,42,80
79,64,45,80
78,57,42,80
82,63,44,80
78,60,40,80
82,48,58,480
2,62,42,80
76,57,39,80
84,61,42,80
80,57,39,80
80,60,40,80
81,52,38,80
77,41,58,480
2,59,40,80
79,53,39,80
78,57,45,80
79,48,42,80
81,56,47,80
83,53,45,80
78,40,58,480
3,57,50,80
77,48,48,80
79,59,53,80
83,52,50,80
79,60,56,80
79,48,53,80
80,60,57,80
0,38,63,240
83,53,57,80
77,59,57,76
83,59,57,80
76,72,57,80
82,65,57,80
79,71,56,75
0,65,63,1
0,57,63,160
80,71,57,80
80,49,62,160
3,84,58,80
77,77,59,80
80,83,59,75
0,50,63,160
80,83,60,80
80,51,69,480
0,66,58,480
0,57,58,480
1,96,61,80
81,90,61,80
76,95,60,80
83,83,59,80
78,84,59,80
80,78,58,80
81,39,72,480
2,83,56,80
81,71,56,80
79,72,56,80
81,66,56,80
78,71,56,80
82,59,56,80
77,40,73,240
3,74,59,80
78,67,59,80
79,73,60,75
80,73,61,80
78,86,61,80
84,77,64,80
78,85,66,75
0,67,67,160
0,58,79,160
80,85,66,80
80,51,79,160
1,98,67,80
81,91,68,80
78,52,79,160
2,97,68,80
81,85,69,80
75,99,69,80
2,53,81,480
0,70,68,480
0,58,68,480
0,62,68,480
80,94,69,80
81,98,70,80
79,86,71,80
80,87,71,80
82,82,72,80
78,41,70,480
0,53,82,480
1,86,73,80
79,74,73,80
81,75,75,80
79,70,78,80
82,74,78,80
76,62,79,80
80,76,78,80
2,29,80,240
0,41,96,240
83,69,72,80
75,75,78,80
82,63,72,80
78,76,78,80
82,69,72,80
80,75,81,80
0,53,89,360
0,65,89,360
80,75,75,80
80,88,86,80
79,81,79,80
81,87,86,80
40,53,89,120
0,65,89,120
40,87,80,80
80,53,89,480
0,65,89,480
3,100,86,80
80,93,80,80
77,99,86,80
80,87,81,80
79,88,86,80
84,81,81,80
77,53,75,480
0,60,75,480
0,67,90,480
2,87,86,80
78,75,80,80
82,88,86,80
79,81,86,80
79,87,86,73
80,87,80,80
80,53,94,480
0,65,94,480
2,100,86,80
77,93,80,80
79,99,86,80
83,87,86,80
81,88,86,80
79,81,80,80
77,87,82,80
2,48,90,480
0,60,90,480
81,75,78,80
79,88,82,80
83,81,82,80
77,87,82,74
80,87,78,80
79,100,80,80
1,53,92,960
0,65,92,960
78,93,68,80
81,99,70,80
81,87,62,80
81,100,66,80
77,93,60,80
82,99,62,80
78,87,58,80
85,100,59,80
79,93,53,80
76,99,55,80
80,87,49,80
80,41,58,80
4,100,60,80
76,47,45,80
5,95,55,80
78,45,53,80
1,99,61,80
77,51,46,80
3,93,56,80
76,100,62,80
4,45,55,80
80,95,56,80
0,51,49,80
79,99,63,80
1,47,56,80
79,93,57,80
0,53,49,80
77,47,56,80
5,100,64,80
75,95,60,80
1,53,50,80
84,99,66,80
0,51,57,80
77,57,50,80
3,93,60,80
78,100,67,80
1,51,58,80
81,95,60,80
0,57,50,80
78,99,68,80
2,53,58,80
75,93,62,80
2,59,51,80
80,53,60,80
3,100,69,80
78,95,63,80
1,59,51,80
77,99,70,80
3,57,61,80
77,93,64,80
1,63,52,80
81,100,72,80
1,57,61,80
77,63,55,80
4,95,66,80
77,59,62,80
2,99,73,80
76,65,53,80
5,93,67,80
77,100,74,80
2,59,62,80
77,65,56,80
4,95,67,80
75,63,63,80
3,99,75,80
78,69,56,80
3,93,67,80
76,100,77,80
3,63,64,80
81,95,69,80
0,69,57,80
77,65,64,80
3,99,78,80
77,71,58,80
4,93,69,80
77,65,66,80
3,100,79,80
76,95,69,80
3,71,58,80
76,99,80,80
3,69,67,80
78,93,69,80
1,75,58,80
79,100,81,80
4,69,67,80
76,75,58,80
4,95,70,80
80,99,82,80
0,71,68,80
76,93,74,80
2,77,60,80
78,100,84,80
2,71,69,80
79,77,62,80
3,95,78,80
77,99,86,80
2,75,69,80
77,93,78,80
3,81,62,80
80,75,70,80
1,100,88,80
77,81,63,80
2,95,80,80
76,77,72,80
2,99,89,80
80,93,81,80
1,83,63,80
78,69,89,240
0,76,89,240
1,64,89,3
1,101,89,80
0,72,89,240
80,96,82,80
82,100,89,80
79,93,82,80
80,98,79,80
1,86,79,80
77,93,72,80
2,81,69,80
78,84,79,80
1,96,79,80
78,76,70,80
4,88,75,80
77,83,79,80
1,95,79,80
78,88,75,80
2,76,71,80
79,93,79,80
3,81,79,80
78,84,72,80
2,72,70,80
79,89,79,80
0,77,79,80
78,84,73,80
3,72,70,80
79,88,79,80
1,76,79,80
76,81,72,80
2,69,70,80
77,86,79,80
0,74,79,80
80,81,73,80
1,69,72,80
79,84,79,80
1,72,79,80
81,76,72,80
2,64,70,80
77,83,79,80
0,71,79,80
80,64,71,80
2,76,72,80
79,69,79,80
3,81,79,80
76,72,72,80
4,60,71,80
76,65,79,80
3,77,79,80
77,60,71,80
2,72,72,80
82,76,79,80
0,64,79,80
75,69,72,80
1,57,71,80
80,74,79,80
4,62,79,80
77,69,72,80
2,57,71,80
76,60,79,80
4,72,79,80
79,52,71,80
1,64,73,80
76,71,79,80
1,59,79,80
81,64,72,80
0,52,70,80
79,57,79,80
1,69,79,80
82,48,70,80
1,60,72,80
77,59,81,480
0,71,96,480
0,64,81,14
0,69,96,480
0,40,73,480
0,52,86,480
480,64,81,19
0,76,96,480
0,62,81,480
0,68,96,480
0,71,96,480
0,28,73,480
0,40,86,480
478,93,100,74
5,33,101,120
79,88,82,80
39,40,77,120
41,92,93,80
76,48,77,120
3,84,84,80
80,91,93,80
39,40,77,120
40,88,82,80
78,90,93,80
4,33,88,120
76,84,83,80
44,40,77,120
40,89,93,80
76,84,83,80
5,48,77,120
76,88,93,80
44,40,77,120
36,81,83,80
79,87,93,80
0,33,97,120
83,84,82,80
40,40,77,120
38,86,93,80
83,81,82,80
1,48,77,120
78,85,93,80
40,40,77,120
40,81,82,80
80,33,89,120
2,84,93,80
78,76,82,80
40,40,77,120
41,83,93,80
77,48,77,120
2,76,82,80
77,82,93,80
44,40,77,120
37,72,82,80
79,81,93,80
5,33,101,120
79,76,81,80
41,40,77,120
40,80,93,80
75,48,77,120
3,72,82,80
78,79,93,80
41,40,77,120
40,76,82,80
78,78,93,80
2,28,101,120
81,72,82,80
39,40,77,120
39,77,93,80
79,48,77,120
3,72,82,80
79,76,93,80
39,40,77,120
42,69,82,80
81,75,93,80
0,33,96,120
80,72,82,80
36,40,77,120
44,74,93,80
79,69,82,80
2,48,77,120
75,73,93,80
42,40,77,120
43,69,82,80
78,48,83,120
1,72,93,80
76,64,80,80
42,40,73,120
39,71,92,80
81,64,79,80
2,48,71,120
76,70,90,80
43,40,70,120
42,60,79,80
77,69,89,80
1,33,78,120
81,64,77,80
38,40,68,120
41,68,88,80
81,60,77,80
0,48,67,120
79,67,86,80
42,40,66,120
40,64,75,80
76,66,85,80
2,33,72,120
82,60,74,80
39,40,63,120
41,65,84,80
77,60,73,80
2,48,62,120
76,64,81,80
45,40,61,120
35,57,72,80
81,33,69,120
4,63,79,80
80,60,70,80
38,40,60,120
40,62,78,80
77,57,68,80
5,48,59,120
75,61,75,80
44,40,58,120
37,57,67,80
81,60,74,80
0,33,63,120
80,52,63,80
42,40,52,120
40,59,72,80
79,48,51,120
1,52,60,80
79,58,68,80
39,40,50,120
43,48,58,80
78,57,100,80
2,45,89,112
80,52,89,80
76,56,100,80
2,44,84,112
78,48,91,80
80,55,100,80
0,43,88,112
81,52,89,80
79,54,100,80
2,42,89,112
78,48,90,80
83,41,83,112
1,53,100,80
79,48,90,80
79,40,84,112
2,52,100,80
77,45,90,80
80,51,100,80
3,39,89,112
80,48,88,80
75,50,100,80
3,38,84,112
81,45,88,80
77,49,100,80
0,37,84,112
82,45,88,80
78,48,100,80
2,36,89,112
81,40,88,80
77,47,100,80
0,35,83,112
80,40,88,80
84,46,100,80
0,34,83,112
77,40,88,80
80,45,121,480
0,33,104,480
480,57,85,360
0,60,85,360
0,69,101,360
0,64,101,360
0,33,76,360
0,40,90,360
0,45,90,360
360,57,81,120
0,64,96,120
0,60,81,120
0,69,96,120
0,33,73,120
0,40,86,120
0,45,86,120
120,57,85,480
0,64,101,480
0,60,85,480
0,69,101,480
0,33,76,480
0,40,90,480
0,45,90,480
480,57,82,480
0,65,97,480
0,62,82,480
0,69,97,480
0,33,74,480
0,38,88,480
0,45,88,480
480,57,85,960
0,64,101,17
0,60,85,960
0,69,101,960
0,33,76,960
0,40,90,960
0,45,90,960
960,57,84,960
0,62,99,960
0,59,84,960
0,69,99,960
0,33,74,960
0,41,88,960
0,45,88,960
960,57,85,1947
0,64,101,17
0,60,85,2185
0,69,101,2785
0,33,76,1104
0,40,90,1586
0,45,90,1103
959,45,70,983
1,33,68,144
118,47,72,144
0,35,68,144
121,36,69,144
3,48,72,144
119,38,69,144
1,50,73,144
119,52,74,144
1,40,70,144
118,42,72,144
1,54,74,144
119,44,72,144
3,56,74,144
115,45,73,2522
5,57,74,144
118,59,75,144
1,47,73,144
118,48,74,144
1,60,78,144
118,50,74,144
2,62,78,144
117,64,79,144
5,52,74,144
118,54,75,144
1,66,80,144
119,56,75,144
2,68,80,144
118,69,81,144
2,57,78,144
116,71,81,144
2,59,78,144
117,72,81,144
1,60,79,144
120,62,80,144
4,74,82,144
116,64,80,144
3,76,84,144
116,78,84,144
3,66,81,144
117,80,85,144
3,68,81,144
120,69,81,144
2,81,85,144
117,83,86,144
2,71,81,144
118,72,82,144
2,84,88,144
116,86,88,144
3,74,84,144
118,88,89,144
0,76,84,144
119,90,90,144
2,78,85,144
118,92,90,144
2,80,85,144
120,93,97,240