1,48,90,1199
0,36,74,1199
1199,51,79,240
0,39,66,240
240,56,83,240
0,44,70,240
240,58,76,240
0,46,64,240
240,60,83,240
0,48,70,240
240,56,75,240
0,44,63,240
240,63,76,240
0,51,63,240
240,70,72,240
0,58,55,240
240,72,73,240
0,60,58,240
240,68,68,240
0,56,54,240
240,75,76,240
0,63,62,240
240,82,68,240
0,70,54,240
240,84,69,240
0,72,57,240
240,79,58,240
0,67,48,240
240,82,59,240
0,70,53,240
240,80,53,240
0,68,35,240
240,79,49,480
0,67,32,480
480,78,44,240
0,66,27,240
720,78,40,240
0,66,34,240
240,79,44,240
0,67,37,240
240,78,41,240
0,66,34,240
240,77,44,240
0,65,37,240
240,78,41,240
0,66,34,240
240,81,45,160
0,69,38,160
160,79,41,160
0,67,34,160
160,75,44,160
0,63,37,160
160,75,43,360
0,63,36,360
360,74,39,120
0,62,33,120
120,77,40,160
0,65,34,160
160,75,39,160
0,63,33,160
160,74,33,144
0,62,26,144
160,74,31,480
0,62,24,480
1920,72,43,720
0,55,42,960
0,51,42,960
0,60,42,960
720,67,46,240
240,50,44,1920
120,55,48,1800
120,70,62,3840
0,63,56,1680
3120,38,46,240
240,60,48,1200
240,62,44,960
240,66,44,240
240,70,49,240
240,69,47,240
240,67,44,1440
480,58,28,475
0,62,33,475
0,43,27,475
480,58,28,475
0,62,33,475
0,43,27,475
480,74,47,1440
480,62,28,475
0,67,33,475
0,58,25,475
480,62,28,475
0,67,33,475
0,58,25,475
480,72,47,1440
480,60,22,475
0,63,23,475
0,67,28,475
0,57,22,475
480,60,22,475
0,63,23,475
0,67,28,475
0,57,22,475
720,60,48,1200
240,62,44,960
0,38,46,240
240,66,44,240
240,70,49,240
0,38,46,240
240,69,47,240
240,67,44,1440
480,58,28,475
0,62,33,475
0,43,27,475
480,58,28,475
0,62,33,475
0,43,27,475
480,64,44,1440
480,57,28,475
0,55,28,475
0,61,33,475
0,45,25,475
480,57,28,475
0,55,28,475
0,61,33,475
0,45,25,475
480,66,44,1440
480,54,20,475
0,57,23,475
0,62,28,475
0,38,19,475
480,54,20,475
0,57,23,475
0,62,28,475
0,38,19,475
720,60,48,1200
240,62,44,960
0,50,46,475
240,66,44,240
240,70,49,240
0,50,46,475
240,69,47,240
240,67,44,1440
480,58,28,475
0,62,33,475
0,43,27,475
480,58,28,475
0,62,33,475
0,43,27,475
480,79,53,1440
480,70,28,475
0,67,28,475
0,73,33,475
0,64,25,475
480,70,28,475
0,67,28,475
0,73,33,475
0,64,25,475
480,77,50,1440
480,70,29,475
0,72,34,475
0,65,28,475
480,70,29,475
0,72,35,475
0,65,28,475
480,63,48,1440
240,65,48,240
240,69,44,960
0,41,46,475
240,75,46,240
240,74,51,240
0,41,46,475
360,73,49,110
120,73,46,1440
480,63,20,475
0,65,23,475
0,69,28,475
0,46,19,475
480,63,20,475
0,65,23,475
0,69,28,475
0,46,19,475
480,74,46,1440
480,65,23,475
0,62,19,475
0,70,28,475
0,58,21,475
480,65,23,475
0,62,18,475
0,70,28,475
0,58,21,475
480,72,47,1440
480,63,28,475
0,67,33,475
0,57,27,475
480,63,28,475
0,67,34,475
0,57,27,475
720,60,48,1200
240,62,44,960
0,38,46,475
240,66,44,240
240,70,49,240
0,38,46,475
240,69,47,240
240,67,44,1440
480,58,28,475
0,62,33,475
0,43,27,475
480,58,28,475
0,62,33,475
0,43,27,475
480,74,47,1440
480,62,28,475
0,67,33,475
0,58,25,475
480,62,28,475
0,67,33,475
0,58,25,475
480,72,47,1440
480,60,23,475
0,63,23,475
0,67,28,475
0,57,22,475
480,60,23,475
0,63,23,475
0,67,28,475
0,57,22,475
720,60,48,1200
240,62,44,960
0,38,46,475
240,66,44,240
240,70,49,240
0,38,46,475
240,69,47,240
240,67,44,1440
480,58,28,475
0,62,33,475
0,43,27,475
480,58,28,475
0,62,33,475
0,43,27,475
480,64,44,1440
480,57,23,475
0,55,23,475
0,61,28,475
0,45,21,475
480,57,23,475
0,55,23,475
0,61,28,475
0,45,21,475
480,66,44,1440
480,54,17,475
0,57,19,475
0,62,23,475
0,38,17,475
480,54,17,475
0,57,19,475
0,62,23,475
0,38,17,475
720,60,48,1200
240,62,44,960
0,50,46,475
240,66,44,240
240,70,49,240
0,50,46,475
240,69,47,240
240,67,44,1440
480,62,28,475
0,59,28,475
0,65,33,475
0,55,27,475
480,62,28,475
0,59,28,475
0,65,33,475
0,55,27,475
480,79,58,1440
480,65,28,475
0,71,31,475
0,67,31,475
0,74,36,475
0,43,28,475
480,65,32,475
0,71,32,475
0,67,28,475
0,74,37,475
0,43,28,475
480,79,62,1440
480,67,33,475
0,72,33,475
0,75,39,475
0,48,32,960
0,36,35,475
480,67,34,475
0,72,34,475
0,75,40,475
0,55,43,475
480,74,66,1440
480,62,35,475
0,67,41,475
0,50,31,960
0,38,34,475
480,62,36,475
0,67,42,475
0,55,44,475
480,72,58,1440
480,60,35,475
0,67,41,475
0,51,33,960
0,39,36,475
480,60,34,475
0,67,40,475
0,55,43,475
480,67,62,1440
480,58,31,475
0,62,37,475
0,50,28,960
0,38,31,475
480,58,30,475
0,62,36,475
0,55,36,475
480,79,62,1440
0,47,52,240
240,48,42,240
240,67,33,475
0,72,33,475
0,75,39,475
0,50,42,240
240,48,42,240
240,67,34,475
0,72,34,475
0,75,40,475
0,55,51,480
480,74,59,1440
0,49,53,240
240,50,43,240
240,62,35,475
0,67,41,475
0,51,47,240
240,50,42,240
240,62,36,475
0,67,42,475
0,55,52,480
480,72,64,1440
0,50,57,240
240,51,48,240
240,60,35,475
0,67,41,475
0,53,48,240
240,51,48,240
240,60,34,475
0,67,40,475
0,55,54,360
360,51,36,4
40,52,36,40
40,53,35,40
40,67,62,1440
0,52,35,60
60,53,36,60
60,52,36,60
60,53,37,60
60,52,37,60
60,53,38,60
60,52,38,60
60,53,39,60
60,58,31,475
0,61,37,475
0,52,39,60
60,53,39,60
60,52,40,60
60,53,40,60
60,52,42,60
60,53,42,60
60,52,43,60
60,53,43,60
60,58,30,475
0,61,36,475
0,52,44,60
60,53,44,60
60,52,46,60
60,53,46,60
60,52,47,60
60,51,47,90
90,52,48,90
90,65,57,1440
0,53,55,1920
480,58,35,475
0,62,42,475
480,58,35,475
0,62,42,475
480,74,60,1860
480,65,38,475
0,62,38,475
0,70,45,475
0,40,37,480
0,52,46,480
480,65,38,475
0,62,38,475
0,70,45,475
0,41,37,480
0,53,46,480
480,63,51,480
0,69,51,480
0,42,42,1920
0,54,51,1920
420,74,55,60
60,63,48,480
0,69,48,480
0,72,62,480
480,63,45,480
0,69,45,480
0,71,58,480
480,63,50,480
0,69,50,480
0,72,65,480
480,63,49,480
0,69,49,480
0,74,64,480
0,41,34,480
0,53,40,480
480,63,51,480
0,69,51,480
0,75,66,480
0,42,37,480
0,54,44,480
480,75,71,1440
0,43,40,2880
0,55,48,2880
480,63,49,480
0,70,49,480
480,63,49,480
0,70,49,480
480,62,43,480
0,70,43,480
0,74,56,1440
480,62,43,480
0,70,43,480
480,62,43,480
0,70,43,480
480,60,51,480
0,66,51,480
0,38,32,2880
0,50,38,2880
420,70,50,60
60,60,48,480
0,66,48,480
0,69,57,480
480,60,43,480
0,66,43,480
0,68,54,480
480,60,48,480
0,66,48,480
0,69,57,480
480,60,47,480
0,66,47,480
0,70,56,480
480,60,49,480
0,66,49,480
0,72,58,480
480,72,67,1440
0,39,33,2880
0,51,39,2880
480,60,49,480
0,67,49,480
480,60,49,480
0,67,49,480
480,58,43,480
0,67,43,480
0,70,51,1440
480,58,43,480
0,67,43,480
480,58,43,480
0,67,43,480
480,63,50,480
0,67,50,480
0,69,56,1440
0,36,39,1440
0,48,39,1440
480,63,50,480
0,67,50,480
480,63,50,480
0,67,50,480
480,62,42,480
0,66,42,480
0,69,51,1200
0,38,33,1440
0,50,39,1440
480,62,42,480
0,66,42,480
480,62,42,480
0,66,42,480
240,69,51,120
120,57,51,600
60,64,51,540
60,69,51,2400
0,37,33,480
0,49,39,480
480,52,30,475
0,57,30,475
0,64,36,475
480,52,28,475
0,57,28,475
0,64,34,475
480,52,28,475
0,57,28,475
0,64,34,475
480,52,28,475
0,57,28,475
0,64,34,475
480,69,66,600
0,52,29,475
0,57,29,475
0,64,35,475
480,36,36,480
0,48,42,480
120,70,56,120
120,69,56,120
120,68,57,120
120,69,58,120
0,53,33,475
0,57,33,475
0,63,33,475
0,65,39,475
120,79,60,120
120,76,61,120
120,77,62,120
120,77,63,120
0,53,33,475
0,57,33,475
0,63,33,475
0,65,39,475
120,91,64,120
120,89,66,120
120,88,66,120
120,87,67,80
0,53,33,475
0,57,33,475
0,63,33,475
0,65,39,475
80,84,58,80
80,81,58,80
80,82,62,80
80,86,58,80
80,84,58,80
80,82,66,80
0,53,33,475
0,57,33,475
0,63,33,475
0,65,39,475
80,79,58,80
80,77,58,80
80,74,62,80
80,75,58,80
80,76,58,80
80,77,63,80
0,53,33,475
0,57,33,475
0,63,33,475
0,65,39,475
80,78,58,80
80,81,58,80
80,79,58,80
80,77,56,80
80,75,56,80
80,73,64,240
0,34,38,480
0,46,45,480
480,74,66,1440
0,50,31,480
0,53,31,480
0,58,39,480
480,53,33,480
0,58,33,480
0,62,39,480
480,39,40,480
480,72,56,480
0,51,31,480
0,55,31,480
0,60,37,480
480,67,57,480
0,55,31,480
0,60,31,480
0,63,37,480
480,70,62,1440
0,38,42,480
480,55,29,480
0,58,29,480
0,63,35,480
480,62,35,960
0,58,29,960
0,55,29,480
480,66,53,1440
0,50,39,1440
480,61,35,480
0,58,29,480
480,57,30,480
0,60,36,480
480,67,47,480
0,43,36,240
480,70,28,240
0,82,50,240
0,65,28,480
0,58,19,960
0,55,19,960
240,74,45,240
240,77,48,240
0,63,29,480
240,75,45,720
240,42,38,240
480,69,31,240
0,81,50,240
0,63,28,480
0,54,19,960
0,57,19,960
240,73,44,240
240,75,49,240
0,62,29,480
240,74,45,720
240,43,38,240
480,70,30,240
0,82,50,240
0,65,30,480
0,58,20,960
0,55,20,960
240,74,48,240
240,77,50,240
0,63,30,480
240,75,47,720
240,41,40,240
480,68,32,240
0,80,51,240
0,59,20,960
0,63,30,480
0,53,20,960
0,56,20,960
240,73,47,240
240,75,52,240
0,62,30,480
240,74,47,720
240,39,41,240
480,67,32,240
0,79,53,240
0,62,32,480
0,55,21,960
0,51,21,960
240,71,50,240
240,74,53,240
0,60,32,480
240,72,49,720
240,36,42,240
480,60,41,240
0,72,54,240
0,58,31,480
0,51,26,960
240,68,49,240
240,70,55,240
0,57,32,480
240,69,49,720
240,38,43,240
480,63,43,240
0,75,55,240
0,55,33,480
0,60,28,960
0,50,28,960
240,71,53,240
240,74,56,240
0,54,33,480
240,72,52,720
240,38,44,240
480,63,48,240
0,67,57,480
0,57,37,480
240,62,51,240
240,61,52,240
0,66,47,480
0,69,57,480
0,50,38,480
240,60,52,240
240,58,60,480
0,67,60,480
0,70,71,480
0,55,59,240
0,43,59,240
480,70,52,960
0,82,71,960
0,65,43,480
0,55,36,960
240,74,67,240
240,77,71,240
0,58,36,480
0,63,43,480
240,75,66,720
240,54,62,240
0,42,62,240
480,69,57,960
0,81,71,960
0,63,41,480
0,54,35,960
240,73,65,240
240,75,72,240
0,57,35,480
0,62,42,480
240,74,66,720
240,55,61,240
0,43,61,240
480,70,56,960
0,82,72,960
0,65,44,480
0,55,36,960
240,74,69,240
240,77,73,240
0,58,37,480
0,63,44,480
240,75,67,240
240,53,63,240
0,41,63,240
480,68,57,960
0,80,74,960
0,63,43,480
0,53,36,960
240,73,67,240
240,75,74,240
0,56,36,480
0,59,36,480
0,62,43,480
240,74,67,240
240,51,62,240
0,39,62,240
480,67,57,960
0,79,75,960
0,62,45,480
0,51,38,960
240,71,71,240
240,74,75,240
0,55,38,480
0,60,45,480
240,72,70,240
240,48,66,240
0,36,66,240
480,60,57,960
0,72,75,960
0,58,44,480
0,48,37,960
240,68,69,240
240,70,76,240
0,51,37,480
0,57,44,480
240,69,69,240
240,38,64,240
480,63,59,960
0,75,76,960
0,45,46,480
0,55,46,480
240,71,73,240
240,74,77,240
0,48,39,480
0,54,47,480
240,72,71,240
240,38,67,240
480,54,78,960
0,66,78,960
0,45,51,480
0,51,51,480
240,61,71,240
240,63,71,240
0,48,51,480
0,50,51,720
240,62,71,240
240,67,79,240
0,58,67,240
0,43,51,240
240,60,78,120
0,55,53,120
0,31,32,240
0,43,38,240
120,58,65,120
120,57,64,120
120,55,65,120
120,58,77,240
0,67,77,240
0,50,51,240
0,43,38,240
240,60,77,120
0,55,52,120
0,43,32,480
0,51,43,120
120,58,64,120
0,50,45,120
120,57,64,120
120,55,63,120
120,65,69,120
0,48,43,960
0,43,43,960
0,51,51,960
120,60,52,120
120,63,54,120
0,57,49,720
120,54,55,120
120,60,57,120
120,63,58,120
120,66,60,120
120,72,62,120
120,77,63,120
0,43,43,240
0,55,51,240
120,75,65,120
120,74,67,120
0,63,55,240
0,51,46,240
120,72,68,120
120,79,79,120
0,70,67,120
0,50,46,120
0,62,51,120
240,67,53,120
0,72,78,120
0,43,32,480
0,55,38,480
120,70,65,120
120,69,64,120
120,67,65,120
120,70,69,240
0,79,77,240
0,62,45,240
0,55,38,240
240,72,77,120
0,67,52,120
0,55,32,480
0,63,43,120
120,70,64,120
0,62,45,120
120,69,64,120
120,67,63,120
120,77,69,120
0,60,43,960
0,55,43,960
0,63,51,960
120,72,52,120
120,75,54,120
0,69,49,720
120,66,55,120
120,72,57,120
120,75,58,120
120,78,60,120
120,84,62,120
120,89,63,120
0,55,43,240
0,67,51,240
120,87,65,120
120,86,67,120
0,75,55,240
0,63,46,240
120,84,68,120
120,91,76,120
0,82,64,120
0,67,55,120
0,74,55,120
360,91,63,120
0,96,75,120
120,94,68,120
120,86,68,120
120,94,73,120
0,90,62,120
0,75,66,240
0,63,38,240
0,66,38,240
0,69,48,240
120,93,67,120
120,86,66,120
0,74,52,240
120,78,60,120
0,82,71,120
120,81,64,120
0,62,52,240
120,74,64,120
120,84,66,120
0,79,56,120
0,55,55,120
120,82,60,120
120,86,60,120
0,62,51,480
120,91,62,120
0,96,74,120
120,94,68,120
0,74,51,240
120,86,69,120
120,94,71,120
0,90,60,120
0,66,38,240
0,63,38,240
0,75,66,240
0,69,48,240
120,93,64,120
120,86,63,120
0,74,50,240
120,78,56,120
0,82,66,120
120,81,60,120
0,62,53,240
120,74,60,120
120,79,56,120
0,84,66,120
0,55,55,240
120,82,60,120
120,86,60,120
120,91,62,120
0,96,74,120
120,94,68,120
0,50,51,240
120,86,69,120
120,94,71,120
0,90,60,120
0,54,38,240
0,63,66,240
0,57,48,240
0,51,38,240
120,93,64,120
120,86,63,120
0,62,50,240
120,78,56,120
0,82,66,120
120,81,60,120
0,50,53,240
120,74,60,120
120,72,59,120
0,67,50,120
0,43,49,120
120,70,54,120
120,74,54,120
0,50,45,480
120,84,66,120
0,79,55,120
120,82,61,120
0,62,45,240
120,74,62,120
120,82,63,120
0,78,54,120
0,63,57,240
0,51,34,240
0,54,34,240
0,57,42,240
120,81,57,120
120,74,56,120
0,62,45,240
120,70,59,120
0,66,50,120
120,69,54,120
0,50,47,240
120,62,54,120
120,72,59,120
0,67,50,120
0,43,58,240
120,70,54,120
120,74,54,120
0,58,45,240
0,50,45,240
120,84,59,120
0,79,49,120
120,82,54,120
120,74,55,120
120,81,56,120
0,74,48,120
0,37,46,240
0,49,58,240
120,79,51,120
120,70,50,120
0,38,39,240
0,50,45,240
120,75,53,120
0,70,45,120
120,74,48,120
120,67,48,120
120,72,45,120
0,67,38,120
0,43,49,240
0,31,49,240
120,70,40,120
120,62,40,120
0,46,38,240
120,62,41,120
0,69,50,120
120,67,45,120
120,58,46,120
120,63,47,120
0,58,40,120
0,37,49,240
120,62,43,120
120,55,42,120
0,38,38,240
120,55,38,120
0,60,45,120
120,58,40,120
120,50,40,120
120,55,45,120
0,60,53,120
0,43,49,240
0,31,49,240
120,58,48,120
120,50,48,120
120,55,46,120
0,62,55,120
120,60,50,120
0,36,45,240
120,51,51,120
120,55,45,120
0,60,54,120
0,31,49,240
0,43,49,240
120,58,50,120
120,50,50,120
120,55,45,120
0,62,53,120
120,60,48,120
0,36,45,240
120,51,48,120
120,55,45,120
0,60,53,120
0,31,49,240
0,43,49,240
120,58,48,120
120,50,48,120
120,62,55,120
0,55,46,120
120,60,50,120
0,36,45,240
120,51,51,120
120,55,45,120
0,60,54,120
0,43,49,240
0,31,49,240
120,58,50,120
120,50,50,120
120,62,53,120
0,55,45,120
120,60,48,120
0,36,45,240
120,51,48,120
120,55,50,120
0,31,41,720
0,43,49,720
120,62,51,120
120,58,52,120
120,62,53,120
120,67,55,120
120,70,56,120
120,74,57,120
120,79,58,120
120,82,59,120
0,62,48,220
0,67,57,220
120,86,61,120
120,91,62,120
0,62,53,220
0,55,45,220
120,98,63,120
120,94,63,120
0,62,48,480
0,67,57,480
120,98,60,120
120,91,59,120
120,86,58,120
120,82,58,120
120,79,57,120
120,74,56,120
120,70,56,120
120,67,55,120
120,62,54,120
120,58,53,120
0,38,49,240
120,50,53,120
120,55,49,120
0,31,44,1200
0,43,52,1200
120,62,50,120
120,58,52,120
120,62,54,120
120,67,55,120
120,74,57,120
120,70,57,120
120,74,56,120
120,67,54,120
120,62,53,120
120,58,51,120
0,38,47,240
120,50,49,120
120,54,49,120
0,30,44,1200
0,42,52,1200
120,62,50,120
120,58,52,120
120,62,54,120
120,66,55,120
120,74,57,120
120,70,57,120
120,74,56,120
120,66,54,120
120,62,53,120
120,58,51,120
0,38,47,240
120,50,49,120
120,55,50,120
0,43,49,720
0,31,41,720
120,62,51,120
120,58,52,120
120,62,53,120
120,67,55,120
120,70,56,120
120,74,57,120
120,79,58,120
120,82,59,120
0,55,57,220
0,50,48,220
120,86,61,120
120,91,62,120
0,43,45,220
0,50,53,220
120,98,63,120
120,94,63,120
0,50,48,480
0,55,57,480
120,98,60,120
120,91,59,120
120,86,58,120
120,82,58,120
120,79,57,120
120,74,56,120
120,70,56,120
120,67,55,120
120,62,54,120
120,58,53,120
0,38,49,240
120,50,53,120
120,54,49,120
0,42,52,1200
0,30,44,1200
120,62,50,120
120,58,52,120
120,62,54,120
120,66,55,120
120,74,57,120
120,70,57,120
120,74,56,120
120,66,54,120
120,62,53,120
120,58,51,120
0,38,47,240
120,50,49,120
120,53,49,120
0,41,52,1200
0,29,44,1920
120,62,50,120
120,58,52,120
120,62,54,120
120,65,55,120
120,74,57,120
120,70,57,120
120,74,56,120
120,65,54,120
120,62,53,120
120,58,51,120
0,43,47,240
120,50,49,120
120,53,50,120
0,45,49,480
120,60,51,120
120,57,52,120
120,60,53,120
120,65,55,120
120,69,56,120
120,72,57,120
120,77,58,120
120,81,59,120
0,60,44,220
0,65,52,220
120,84,61,120
120,89,62,120
0,60,44,220
0,53,36,220
120,93,63,120
120,101,63,240
0,65,52,1200
0,60,44,1200
1200,53,35,240
0,60,41,240
240,65,46,1200
0,60,39,1200
1200,53,31,240
0,60,36,240
240,60,34,480
0,65,40,480
480,53,28,240
0,60,34,240
240,65,37,240
0,60,31,240
240,53,30,230
0,60,36,230
240,60,30,1680
0,65,36,1680
240,34,36,480
480,46,29,480
480,56,29,480
480,62,34,1440
0,67,42,960
0,53,31,480
480,60,31,480
480,67,37,480
0,58,31,480
480,63,42,1920
0,39,36,480
480,46,27,480
480,51,26,480
480,55,32,480
480,75,50,720
0,58,31,480
480,63,31,480
240,74,40,240
240,67,33,1440
0,72,49,1440
0,60,33,480
480,63,30,480
480,53,25,480
480,74,48,960
0,69,37,1440
0,63,33,480
480,67,30,480
480,74,37,480
0,65,30,480
480,70,40,1440
0,46,36,480
480,53,29,480
480,58,29,480
480,82,60,960
0,62,32,480
480,65,32,480
480,82,56,480
0,70,32,480
480,82,59,960
0,60,36,480
480,63,30,480
480,80,55,454
0,53,30,480
480,80,59,480
0,58,33,480
480,79,56,480
0,62,26,480
480,78,55,460
0,68,28,480
480,78,58,960
0,58,36,480
480,62,29,480
480,79,56,960
0,51,29,480
480,56,28,480
480,80,62,720
0,60,29,480
480,67,29,480
240,75,56,240
240,79,59,960
0,56,36,480
480,60,31,480
480,77,50,960
0,50,32,480
480,55,30,480
480,79,59,720
0,59,36,480
480,65,30,480
240,74,53,240
240,77,59,480
0,55,36,480
480,75,55,480
0,60,31,480
480,74,55,480
0,48,31,480
480,72,55,160
0,53,33,480
160,74,50,160
160,72,50,160
160,71,53,240
0,57,33,480
240,72,50,240
240,74,50,240
0,63,33,480
240,75,50,180
180,60,30,1500
60,65,36,1440
0,53,36,480
480,56,29,480
480,46,29,480
480,62,34,1440
0,67,42,960
0,56,31,480
480,60,31,480
480,67,37,480
0,58,31,480
480,63,42,1920
0,39,36,480
480,46,30,480
480,51,27,480
480,55,31,480
480,75,55,720
0,58,31,480
480,63,28,480
240,74,44,240
240,67,34,1440
0,72,53,1440
0,60,30,480
480,63,30,480
480,53,25,480
480,69,40,1440
0,74,52,950
0,63,33,480
480,67,30,480
480,74,47,480
0,65,30,480
480,70,49,1440
0,46,36,480
480,53,32,480
480,58,32,480
480,82,66,950
0,62,34,480
480,65,37,480
480,82,60,460
0,70,42,480
480,82,68,1440
0,36,44,480
480,64,30,480
480,58,26,480
480,72,61,960
0,55,30,1440
480,64,27,480
480,74,55,480
0,58,27,480
480,75,60,160
0,53,36,1440
160,77,53,160
160,75,53,160
160,74,52,480
0,63,31,480
480,75,55,480
0,57,31,480
480,79,56,474
0,46,36,480
480,79,61,640
0,62,31,480
480,56,31,480
160,77,48,160
160,75,48,140
160,75,50,1440
0,39,38,240
240,46,26,240
240,55,31,240
240,51,27,240
240,58,31,240
240,55,27,240
240,63,32,480
480,67,36,240
240,68,34,240
240,70,37,160
160,74,34,160
160,72,34,160
160,70,42,1440
0,39,32,240
240,46,22,240
240,55,26,240
240,51,22,240
240,58,26,240
240,55,22,240
240,63,27,480
480,67,36,240
240,68,34,240
240,70,37,160
160,74,34,160
160,72,34,160
160,70,42,1440
0,39,32,240
240,46,22,240
240,56,26,240
240,53,22,240
240,58,26,240
240,56,22,240
240,62,27,480
480,65,36,240
240,68,34,240
240,70,37,160
160,74,34,160
160,72,34,160
160,70,42,640
0,39,32,240
240,46,25,240
240,55,28,480
160,61,34,480
160,63,34,160
160,67,39,160
160,72,34,160
160,70,35,160
160,68,38,720
0,39,32,240
240,51,25,240
240,56,29,480
240,59,37,480
240,63,38,240
240,65,35,240
240,67,46,1440
0,39,32,240
240,46,22,240
240,55,26,240
240,51,22,240
240,58,26,240
240,55,22,240
240,63,27,480
480,67,36,240
240,68,34,240
240,70,37,160
160,74,34,160
160,72,34,160
160,70,42,480
0,39,32,240
240,46,22,240
240,82,51,1440
0,55,26,240
240,51,22,240
240,58,26,240
240,55,22,240
240,63,27,480
640,67,36,160
160,68,34,160
160,70,37,160
160,74,34,160
160,72,34,160
160,70,42,480
0,39,32,240
240,46,22,240
240,82,50,1440
0,56,26,240
240,53,22,240
240,58,26,240
240,56,22,240
240,62,27,480
640,65,36,160
160,68,34,160
160,70,37,160
160,74,34,160
160,72,34,160
160,70,42,640
0,39,32,240
240,46,25,240
240,55,28,480
160,61,34,480
160,63,34,160
160,67,39,160
160,72,34,160
160,70,35,160
160,68,38,720
0,39,32,240
240,51,25,240
240,56,29,480
240,59,37,480
240,63,38,240
240,65,35,240
240,67,46,1680
0,39,32,240
240,46,22,240
240,55,26,240
240,51,22,240
240,58,26,240
240,55,22,240
240,63,27,480
240,67,34,240
240,70,36,240
240,79,37,240
240,77,40,240
240,75,37,240
240,74,46,1680
0,43,32,240
240,50,22,240
240,58,26,240
240,55,22,240
240,62,26,240
240,58,22,240
240,67,27,480
240,70,34,240
240,74,36,240
240,82,37,240
240,74,40,240
240,75,37,240
240,76,46,480
0,46,32,240
240,53,22,240
240,77,46,1200
0,62,26,240
240,58,22,240
240,65,26,240
240,62,22,240
240,70,27,480
240,74,39,240
240,77,43,240
240,86,50,240
240,84,46,240
240,82,41,240
240,80,45,240
0,50,31,240
240,81,40,240
0,57,26,240
240,89,51,240
0,65,31,240
240,88,46,240
0,62,26,240
240,86,45,240
0,69,31,240
240,81,40,240
0,65,26,240
240,74,40,240
240,69,36,240
240,65,39,240
240,62,34,240
240,64,39,14
180,67,31,60
60,65,36,240
240,52,28,1440
480,40,25,480
480,40,25,480
720,62,38,1200
240,64,37,960
0,40,39,240
240,68,37,240
240,72,41,240
0,40,39,240
240,71,39,240
240,69,37,1440
480,60,23,475
0,64,28,475
0,40,22,475
480,60,23,475
0,64,28,475
0,40,22,475
480,76,41,1440
0,64,34,1440
480,69,28,475
0,52,21,475
0,57,21,475
480,69,28,475
0,57,21,475
0,52,21,475
480,74,39,1440
0,62,34,1440
480,69,28,475
0,65,23,475
0,57,22,475
0,52,22,475
480,65,23,475
0,69,28,475
0,52,22,475
0,57,22,475
720,62,40,1200
240,64,37,960
0,40,39,240
240,68,37,240
240,72,41,240
0,40,39,240
240,71,39,240
240,69,37,1440
480,60,23,475
0,64,28,475
0,40,22,475
480,60,23,475
0,64,28,475
0,40,22,475
480,66,37,1440
0,54,31,1440
480,64,28,475
0,57,23,475
0,60,23,475
0,40,21,475
480,64,28,475
0,57,23,475
0,60,23,475
0,40,21,475
480,68,37,1440
0,56,31,1440
480,59,19,475
0,64,23,475
0,40,16,475
480,59,19,475
0,64,23,475
0,40,16,475
720,62,40,1200
240,64,37,960
0,40,39,475
240,68,37,240
240,72,41,240
0,40,39,475
240,71,39,240
240,69,37,1440
480,60,23,475
0,64,28,475
0,40,22,475
480,60,23,475
0,64,28,475
0,40,22,475
480,76,53,1440
0,64,41,1440
480,72,32,475
0,69,26,475
0,60,24,475
0,52,19,475
0,57,19,475
480,69,26,475
0,72,32,475
0,52,19,475
0,60,24,475
0,57,19,475
480,78,53,1440
0,66,41,1440
480,64,26,475
0,69,26,475
0,72,32,475
0,52,19,475
0,60,24,475
0,57,19,475
480,69,26,475
0,72,32,475
0,64,26,475
0,60,24,475
0,52,19,475
0,57,19,475
720,60,40,1200
240,64,37,960
0,40,39,475
240,68,37,240
240,71,41,240
0,40,39,475
240,69,39,240
240,69,37,1440
480,64,28,475
0,60,23,475
0,40,22,475
480,60,23,475
0,64,28,475
0,40,22,475
480,78,55,1440
0,66,45,1440
480,64,28,475
0,69,28,475
0,72,34,475
0,52,21,475
0,60,26,475
0,57,21,475
480,64,28,475
0,69,28,475
0,72,36,475
0,57,21,475
0,52,21,475
0,60,26,475
480,80,58,1440
0,68,47,1440
480,69,30,475
0,72,30,475
0,75,36,475
0,52,21,475
0,60,28,475
0,57,21,475
480,75,37,475
0,72,30,475
0,69,30,475
0,57,21,475
0,52,21,475
0,60,28,475
480,78,62,960
0,66,50,960
480,69,31,480
0,75,39,480
0,72,31,480
0,57,23,480
0,52,23,480
0,60,28,480
720,80,65,220
0,68,53,220
240,80,66,1440
0,68,53,1440
480,75,45,475
0,72,35,475
0,69,35,475
0,52,25,475
0,60,32,475
0,57,25,475
480,75,45,475
0,72,35,475
0,69,35,475
0,52,26,475
0,60,33,475
0,57,26,475
480,78,69,960
0,66,57,960
480,69,38,480
0,72,38,480
0,75,47,480
0,60,34,480
0,52,27,480
0,57,27,480
720,80,71,220
0,68,59,220
240,80,74,1440
0,68,59,1440
480,75,50,475
0,72,39,475
0,69,39,475
0,52,29,475
0,57,29,475
0,60,36,475
480,75,50,475
0,72,40,475
0,69,40,475
0,52,29,475
0,60,37,475
0,57,29,475
480,78,81,960
0,66,65,960
480,75,53,480
0,69,42,480
0,72,42,480
0,57,31,480
0,52,31,480
0,60,39,480
720,80,77,240
0,68,61,240
240,81,78,1440
0,69,63,1440
480,78,57,475
0,72,47,475
0,75,47,475
0,57,34,475
0,52,34,475
0,60,41,475
480,78,59,475
0,75,48,475
0,72,48,475
0,60,46,475
0,52,34,475
0,57,34,475
480,80,94,960
0,68,74,780
480,78,63,475
0,75,50,475
0,72,50,475
0,57,35,300
0,52,35,300
0,60,46,300
300,52,35,660
60,57,36,600
60,60,46,540
60,75,50,475
0,72,50,475
0,78,61,475
0,81,100,475
0,69,80,480
480,71,82,1440
0,74,82,1440
0,83,99,1440
0,80,82,1440
0,76,82,1440
0,28,70,480
0,40,84,480
480,52,61,480
0,62,72,480
0,56,61,480
480,62,61,480
0,64,73,480
0,56,61,480
480,76,81,960
0,74,81,960
0,80,81,960
0,85,96,960
0,68,84,480
0,59,70,480
0,62,70,480
480,64,72,480
0,56,61,480
0,62,61,480
480,74,77,480
0,76,77,480
0,80,77,480
0,85,91,480
0,62,73,480
0,52,61,480
0,56,61,480
480,81,96,1440
0,73,81,1440
0,69,81,1440
0,45,84,480
0,33,70,480
480,52,61,480
0,61,73,480
480,57,62,480
0,64,74,480
480,81,89,960
0,85,89,960
0,93,105,960
0,61,70,480
0,69,84,480
480,64,73,480
0,57,61,480
480,80,85,480
0,85,85,480
0,92,101,480
0,61,73,480
0,52,61,480
480,78,85,1440
0,85,89,1440
0,90,103,1440
0,47,84,480
0,35,70,480
480,59,73,480
0,54,61,480
480,63,73,480
0,57,61,480
480,83,86,960
0,87,86,960
0,92,102,960
0,66,84,480
0,59,70,480
480,57,61,480
0,63,72,480
480,92,93,480
0,87,79,480
0,81,79,480
0,59,72,480
0,54,61,480
480,88,103,1440
0,80,88,1440
0,76,88,1440
0,52,84,480
0,40,70,480
480,52,62,480
0,59,74,480
480,56,62,480
0,64,74,480
480,88,113,960
0,76,96,960
0,68,84,480
0,59,70,480
480,56,62,480
0,64,74,480
480,76,96,480
0,88,113,480
0,59,74,480
0,52,62,480
480,81,86,1440
0,76,94,960
0,88,113,960
0,42,70,480
0,54,84,480
480,54,62,480
0,62,74,480
480,74,82,480
0,86,97,480
0,69,74,480
0,57,62,480
480,86,95,160
0,74,81,160
0,35,70,480
0,47,84,480
160,76,79,160
0,88,93,160
160,74,75,160
0,86,90,160
160,73,82,240
0,85,97,240
0,54,62,480
0,62,74,960
240,86,93,240
0,74,79,240
240,90,97,240
0,78,82,240
0,69,74,480
0,59,62,480
240,88,92,240
0,76,78,240
240,74,94,960
0,80,86,1440
0,86,113,960
0,52,84,480
0,40,70,480
480,52,62,480
0,61,74,480
480,73,82,480
0,85,97,480
0,56,62,480
0,68,74,480
480,85,95,160
0,73,81,160
0,45,84,480
0,33,70,480
160,74,79,160
0,86,93,160
160,73,75,160
0,85,90,160
160,72,82,240
0,84,97,240
0,61,74,960
0,52,62,480
240,85,93,240
0,73,79,240
240,76,82,240
0,88,97,240
0,68,74,480
0,57,62,480
240,74,78,240
0,86,92,240
240,78,86,1440
0,73,94,480
0,85,110,480
0,38,70,480
0,50,84,480
480,71,82,720
0,83,97,720
0,50,62,480
0,59,74,480
480,54,62,480
0,66,74,480
240,70,82,240
0,82,97,240
240,83,97,360
0,71,82,360
0,77,86,1440
0,37,70,480
0,49,84,480
360,72,79,360
0,84,93,360
120,61,74,480
0,56,62,480
240,85,97,360
0,73,82,360
240,65,74,480
0,59,62,480
120,68,78,360
0,80,92,360
360,73,77,960
0,78,81,960
0,71,94,480
0,83,113,480
0,42,84,480
0,30,70,480
480,81,97,720
0,69,82,960
0,54,62,960
0,61,74,480
480,57,62,480
0,66,74,480
240,80,97,120
120,78,80,60
60,80,79,60
60,69,82,480
0,78,97,480
0,75,82,480
0,71,82,480
0,35,70,480
0,47,84,480
480,69,71,220
0,77,84,220
0,75,71,220
0,71,71,220
0,59,74,480
0,53,62,960
240,71,74,220
0,69,74,220
0,75,74,220
0,78,88,220
240,69,77,220
0,71,77,220
0,75,77,220
0,80,91,220
0,63,74,480
0,57,62,480
240,71,80,220
0,75,80,220
0,69,80,220
0,81,94,220
240,68,82,1440
0,64,82,8
0,62,82,1440
0,71,99,1440
0,40,84,480
0,28,70,480
480,56,72,480
0,47,61,480
480,59,73,480
0,52,61,480
480,73,81,960
0,76,96,960
0,64,81,960
0,68,81,960
0,56,70,480
0,62,84,480
480,59,72,480
0,52,61,480
480,62,77,480
0,76,91,480
0,64,77,480
0,68,77,480
0,73,77,480
0,47,61,480
0,56,73,480
480,61,81,480
0,57,81,480
0,69,96,480
0,33,70,480
0,45,84,480
480,52,61,480
0,61,73,480
480,73,81,480
0,69,81,480
0,81,96,480
0,57,62,480
0,64,74,480
480,93,105,960
0,81,89,960
0,85,89,960
0,61,70,480
0,69,84,480
480,64,73,480
0,57,61,480
480,92,101,480
0,85,85,480
0,80,85,480
0,61,73,480
0,52,61,480
480,85,89,1440
0,78,87,1440
0,90,103,1440
0,35,70,480
0,47,84,480
480,59,73,480
0,54,61,480
480,63,73,480
0,57,61,480
480,92,102,960
0,87,86,960
0,83,86,960
0,59,70,480
0,66,84,480
480,57,61,480
0,63,72,480
480,92,93,480
0,87,79,480
0,81,79,480
0,59,72,480
0,54,61,480
480,80,88,1440
0,76,88,1440
0,88,103,1440
0,52,84,480
0,40,70,480
480,52,62,480
0,59,74,480
480,56,62,480
0,64,74,480
480,88,89,1320
0,100,104,1320
0,59,70,480
0,68,84,480
480,56,62,480
0,64,74,480
480,59,74,480
0,52,62,480
360,88,89,120
0,100,104,120
120,88,87,240
0,100,104,240
0,52,84,480
0,40,70,480
480,58,74,480
0,52,62,480
480,61,74,480
0,54,62,480
480,66,80,1920
0,78,94,1920
0,58,70,480
0,64,84,480
480,54,62,480
0,61,74,480
480,52,62,480
0,58,74,480
480,28,70,480
0,40,84,480
480,78,79,120
0,66,67,120
0,52,62,480
0,58,74,480
120,68,67,120
0,80,79,120
120,66,70,240
0,78,83,240
240,65,64,240
0,77,77,240
0,54,62,480
0,61,74,480
240,66,67,240
0,78,79,240
240,68,68,240
0,80,81,240
0,64,84,17
0,58,70,480
240,70,71,240
0,82,84,240
240,71,73,240
0,83,86,240
0,61,74,480
0,54,62,480
240,73,74,240
0,85,89,240
240,86,91,240
0,74,77,240
0,52,62,480
0,58,74,480
240,76,80,240
0,88,94,240
240,78,94,240
0,90,113,240
0,40,70,480
0,52,84,480
480,52,62,480
0,60,74,480
480,56,62,480
0,63,74,480
480,68,80,960
0,80,94,960
0,66,84,480
0,60,70,480
480,56,62,480
0,63,74,480
480,80,94,480
0,68,80,480
0,52,62,480
0,60,74,480
480,68,79,960
0,40,84,480
0,28,70,480
240,80,74,240
240,81,79,240
0,52,62,480
0,59,74,480
240,80,74,240
240,67,64,240
0,79,77,240
0,56,62,480
0,63,74,480
240,68,67,240
0,80,79,240
240,70,68,240
0,82,81,240
0,60,70,480
0,66,84,480
240,72,71,240
0,84,84,240
240,73,73,240
0,85,86,240
0,63,74,480
0,56,62,480
240,75,74,240
0,87,89,240
240,76,77,240
0,88,91,240
0,60,74,480
0,52,62,480
240,90,94,240
0,78,80,240
240,80,94,240
0,92,113,240
0,40,70,480
0,52,84,480
480,52,74,480
0,61,62,480
480,56,62,480
0,64,74,480
480,68,80,960
0,80,94,960
0,39,70,480
0,51,84,480
480,51,62,480
0,59,74,480
480,68,80,480
0,80,94,480
0,63,74,480
0,56,62,480
480,80,80,120
0,68,68,120
0,37,70,480
0,49,84,480
120,70,62,120
0,82,74,120
120,68,62,240
0,80,74,240
240,67,64,240
0,79,77,240
0,56,74,480
0,49,62,480
240,68,67,240
0,80,79,240
240,82,82,240
0,70,69,240
0,61,75,480
0,52,63,480
240,71,72,240
0,83,86,240
240,73,75,240
0,85,90,240
0,32,72,480
0,44,88,480
240,75,78,240
0,87,93,240
240,89,95,240
0,77,81,240
0,47,66,480
0,56,79,480
240,79,85,240
0,91,101,240
240,80,85,240
0,92,101,240
0,51,67,480
0,59,80,480
240,82,86,240
0,94,102,240
240,83,94,120
0,95,112,120
0,41,88,240
0,29,72,240
240,92,85,120
0,95,85,120
120,89,79,120
120,87,78,120
120,83,77,120
30,53,52,570
30,59,54,540
30,63,56,510
30,80,80,120
0,83,80,120
0,68,59,480
120,77,78,120
120,75,73,120
120,71,73,120
120,71,74,120
0,68,74,0
120,65,64,120
120,63,64,120
120,59,63,120
120,56,69,120
0,59,69,120
120,53,61,120
120,51,60,120
120,47,60,120
120,59,60,120
0,56,60,120
120,53,62,120
120,51,52,120
120,47,52,120
120,56,52,120
0,59,52,240
120,53,51,120
120,58,52,130
0,34,44,240
120,56,48,130
120,59,52,130
0,50,34,240
120,53,47,130
120,58,47,130
120,56,47,130
120,59,52,130
0,34,44,240
120,53,47,130
120,58,52,130
0,50,34,240
120,56,47,130
120,59,47,130
120,53,47,130
120,58,52,130
0,34,46,240
120,56,48,130
120,59,52,130
0,50,34,240
120,53,47,130
120,58,47,130
120,56,47,130
120,59,52,130
0,34,48,240
120,53,47,130
120,58,52,130
0,50,34,240
120,56,47,130
120,59,47,130
120,53,47,130
120,58,52,130
0,50,49,240
120,56,48,130
120,59,53,130
0,65,34,240
120,53,48,130
120,58,48,130
120,56,49,130
120,59,55,130
0,50,52,240
120,53,50,130
120,58,56,130
0,65,36,240
120,56,51,130
120,59,51,130
120,53,52,130
120,58,58,130
0,50,53,240
120,56,54,130
120,59,59,130
0,65,38,240
120,53,54,130
120,58,54,130
120,56,54,130
120,59,61,130
0,50,55,240
120,53,55,130
120,58,62,130
0,65,40,240
120,56,56,130
120,59,57,130
120,53,57,130
120,58,65,240
0,34,50,240
240,58,65,130
120,62,56,130
120,59,65,130
120,62,58,130
120,61,65,130
0,56,45,240
0,53,37,240
0,46,37,240
120,65,58,130
120,62,65,130
120,68,58,130
120,64,65,130
120,68,58,130
120,65,65,130
0,53,37,240
0,62,45,240
0,56,37,240
120,71,58,130
120,67,65,130
120,71,58,130
120,68,64,130
120,74,57,130
120,70,63,130
0,62,36,240
0,56,36,240
0,65,44,240
120,74,56,130
120,71,63,130
120,74,57,130
120,73,62,130
120,77,56,130
120,74,62,130
0,68,43,240
0,58,36,240
0,65,36,240
120,80,56,130
120,76,62,130
120,80,55,130
120,77,61,130
120,83,55,130
120,79,61,130
0,65,35,240
0,68,35,240
0,74,42,240
120,83,54,130
120,80,60,130
120,86,54,130
120,82,60,130
120,86,54,130
120,83,59,130
0,68,39,240
0,74,39,240
0,77,46,240
120,86,52,130
120,85,59,130
120,89,53,130
120,86,59,130
120,92,54,130
120,88,58,130
0,80,45,240
0,77,38,240
0,70,38,240
120,92,54,130
120,89,58,130
120,95,53,130
120,91,57,130
120,95,54,130
120,94,57,130
0,77,37,2160
0,80,37,2160
0,86,44,2160
120,92,51,130
120,95,57,130
120,89,51,130
120,94,57,130
120,92,51,130
120,96,57,130
120,89,50,130
120,94,57,130
120,92,52,130
120,97,60,130
120,89,51,130
120,94,61,130
120,92,51,130
120,98,63,130
120,89,51,130
120,94,57,130
120,92,52,130
120,99,63,130
0,84,44,720
0,75,37,720
0,80,37,720
120,89,52,130
120,94,61,130
120,92,52,130
120,100,59,130
120,89,51,130
120,101,63,130
0,75,37,720
0,84,44,720
0,80,37,960
120,98,51,130
120,97,52,130
120,100,52,130
120,99,57,130
120,96,53,130
120,95,57,130
0,74,37,240
0,82,44,240
120,98,52,130
120,97,52,130
120,94,52,130
120,93,57,130
120,96,52,130
120,95,57,130
120,92,52,130
120,91,52,130
120,94,53,130
120,92,57,130
120,89,55,130
120,86,57,130
120,82,52,130
120,81,52,130
120,82,52,130
120,80,57,130
120,82,52,130
120,78,56,130
0,51,42,120
120,79,48,130
120,91,47,130
0,63,28,480
0,67,28,480
0,72,48,240
120,86,47,130
120,87,51,130
0,70,35,240
120,83,44,130
120,84,49,130
0,46,41,120
120,79,46,130
120,82,50,130
0,62,23,480
0,68,27,480
0,57,33,240
120,80,48,130
120,79,47,130
0,58,33,240
120,77,48,120
120,78,52,130
0,51,42,120
120,79,45,130
120,91,47,130
0,67,28,480
0,63,28,480
0,72,48,240
120,86,45,130
120,87,50,130
0,70,35,240
120,83,45,130
120,84,49,130
0,46,41,120
120,79,46,130
120,82,48,130
0,62,23,480
0,57,33,240
0,68,27,480
120,80,48,130
120,79,47,130
0,58,33,240
120,77,48,120
120,78,52,130
0,51,42,120
120,79,45,130
120,91,47,130
0,58,28,480
0,63,28,480
0,68,48,240
120,86,46,130
120,87,52,130
0,67,36,240
120,83,47,130
120,84,52,130
0,44,43,120
120,79,49,130
120,82,52,130
0,60,29,480
0,67,50,240
0,56,29,480
120,80,53,130
120,79,52,130
0,65,37,240
120,77,54,120
120,75,64,240
0,46,45,120
120,81,49,120
120,77,48,120
0,63,50,240
0,53,29,480
0,56,29,480
120,74,58,240
120,81,48,120
0,62,36,240
120,77,48,120
120,72,56,240
0,46,41,120
120,81,48,120
120,77,48,120
0,53,27,480
0,56,27,480
0,60,46,240
120,70,54,240
120,81,47,120
0,58,34,240
120,77,47,120
120,78,56,130
0,51,42,120
120,79,48,130
120,91,47,130
0,63,28,480
0,67,28,480
0,72,48,240
120,86,47,130
120,87,51,130
0,70,35,240
120,83,44,130
120,84,51,130
0,46,41,120
120,79,46,130
120,82,50,130
0,57,33,240
0,68,27,480
0,62,23,480
120,80,48,130
120,79,47,130
0,58,33,240
120,77,48,120
120,78,52,130
0,51,42,120
120,79,45,130
120,91,47,130
0,72,48,240
0,63,28,480
0,67,28,480
120,86,45,130
120,87,50,130
0,70,35,240
120,83,45,130
120,84,49,130
0,46,41,120
120,79,46,130
120,82,48,130
0,62,23,480
0,68,27,480
0,57,33,240
120,80,48,130
120,79,47,130
0,58,33,240
120,77,48,120
120,78,52,130
0,51,42,120
120,79,45,130
120,91,47,130
0,67,28,480
0,77,48,240
0,70,28,480
120,86,46,130
120,87,52,130
0,75,36,240
120,83,47,130
120,84,52,130
0,44,43,120
120,79,49,130
120,82,52,130
0,67,50,240
0,60,29,480
0,56,29,480
120,80,53,130
120,79,52,130
0,65,37,240
120,77,54,120
120,76,56,120
0,46,48,240
120,75,56,120
120,74,55,120
120,73,54,120
120,72,52,120
0,62,38,240
0,56,38,240
0,53,38,240
120,71,51,120
120,70,50,120
0,56,38,240
0,53,38,240
0,62,38,240
120,69,49,120
120,72,50,120
0,53,38,240
0,56,38,240
0,62,38,240
120,70,50,120
120,69,48,120
0,56,38,240
0,62,38,240
0,53,38,240
120,68,48,120
120,67,49,130
0,58,49,240
0,61,58,240
0,51,49,240
120,68,49,130
120,69,50,130
120,70,52,130
0,51,49,120
0,39,41,120
120,72,52,130
0,51,50,120
0,39,41,120
120,70,53,130
120,68,52,130
0,56,42,120
0,60,51,120
120,70,53,130
120,71,56,130
0,43,42,120
0,55,51,120
120,72,58,130
120,73,59,130
0,42,44,120
0,54,52,120
120,72,57,120
120,69,49,130
0,57,49,240
0,63,58,240
120,70,49,130
120,71,50,130
120,72,52,130
0,53,49,120
0,41,41,120
120,74,52,130
0,41,41,120
0,53,50,120
120,72,53,130
120,70,52,130
0,62,51,120
0,58,42,120
120,72,53,130
120,73,56,130
0,45,42,120
0,57,51,120
120,74,58,130
120,75,59,130
0,44,44,120
0,56,52,120
120,74,57,130
120,71,49,130
0,59,49,240
0,65,58,240
120,72,49,130
120,73,50,130
120,74,52,130
0,43,41,120
0,55,49,120
120,75,52,130
0,43,41,120
0,55,50,120
120,74,53,130
120,72,52,130
0,63,51,120
0,60,42,120
120,73,53,130
120,74,56,130
0,48,51,240
0,36,42,240
120,75,58,130
120,76,59,130
120,77,57,130
120,79,65,130
0,56,46,240
0,63,53,240
120,77,64,130
120,76,62,130
0,47,62,240
120,75,61,130
120,74,58,130
120,73,56,130
120,72,55,130
0,56,42,240
0,62,51,240
120,71,53,130
120,70,54,130
0,46,60,240
120,69,54,130
120,70,51,130
120,68,50,130
120,67,53,240
0,51,37,240
0,39,31,240
240,58,53,120
0,43,31,240
0,55,37,240
120,70,49,120
120,62,54,120
0,56,38,240
0,44,32,240
120,71,50,120
120,58,55,120
0,55,46,240
0,43,38,240
120,70,51,120
120,63,60,240
0,39,33,240
0,51,39,240
120,67,54,120
120,64,63,240
0,46,34,240
0,58,41,240
120,73,53,120
120,60,59,120
0,45,39,240
0,57,49,240
120,72,52,120
120,65,66,240
0,41,36,240
0,53,44,240
120,69,52,120
120,64,61,14
0,46,45,240
0,58,45,240
120,73,55,120
120,60,63,120
0,45,44,240
0,57,53,240
120,72,56,120
120,65,70,240
0,41,38,240
0,53,47,240
120,69,61,120
120,66,68,240
0,60,49,240
0,48,39,240
120,75,61,120
120,62,70,120
0,59,59,240
0,47,52,240
120,74,61,120
120,67,75,240
0,43,43,240
0,55,52,240
120,71,67,120
120,66,76,240
0,60,53,240
0,48,43,240
120,75,68,120
120,62,75,120
0,59,63,240
0,47,54,240
120,74,68,120
120,67,80,240
0,55,55,240
0,43,46,240
120,70,69,120
120,68,80,240
0,62,55,240
0,50,47,240
120,77,71,120
120,64,80,10
0,49,56,240
0,61,68,240
120,76,75,120
120,69,86,240
0,45,48,240
0,57,57,240
120,73,73,120
120,70,89,240
0,52,62,240
0,64,75,11
120,79,76,120
120,66,89,120
0,51,50,240
0,63,59,240
120,78,79,120
120,71,91,240
0,47,60,240
0,59,74,240
120,75,82,120
120,72,93,240
0,50,53,240
0,62,62,240
120,81,85,360
120,73,82,240
0,85,98,240
0,78,82,240
0,37,61,240
0,49,73,240
240,72,64,120
120,73,64,120
0,61,44,120
0,57,44,120
0,69,53,120
0,66,53,120
120,75,65,120
0,69,55,240
0,66,55,240
0,61,46,240
0,57,46,240
120,77,66,120
120,78,67,120
0,66,56,240
0,69,56,240
0,57,47,240
0,61,47,240
120,80,67,120
120,81,68,120
0,69,58,240
0,61,49,240
0,57,49,240
0,66,58,240
120,83,69,120
120,85,70,120
0,57,50,240
0,66,59,240
0,69,59,240
0,61,50,240
120,87,71,120
120,89,71,120
0,57,60,720
0,69,72,720
0,61,60,720
0,66,72,720
120,90,72,120
120,92,73,120
120,93,74,120
120,90,75,120
120,85,75,120
120,81,76,120
120,78,76,120
120,73,74,120
120,69,72,120
120,66,71,120
0,37,58,240
0,49,69,240
120,61,69,120
120,57,66,120
0,48,86,240
0,36,73,240
120,66,67,120
120,63,68,120
120,69,69,110
0,54,45,120
0,63,53,120
0,57,45,120
120,69,70,120
0,63,55,240
0,54,47,240
0,57,47,240
120,78,72,120
120,75,73,120
0,54,54,240
0,57,54,240
0,63,65,240
120,81,74,110
120,81,75,120
120,90,76,120
120,87,77,120
0,36,60,240
0,48,72,240
120,93,79,120
120,90,80,120
0,35,74,240
0,47,88,240
120,93,78,120
120,87,77,120
120,81,76,120
0,63,59,120
0,54,50,120
0,57,50,120
120,78,75,120
0,63,58,240
0,54,49,240
0,57,49,240
120,81,75,120
120,75,74,120
0,57,48,240
0,54,48,240
0,63,57,240
120,69,73,120
120,66,72,120
120,69,72,120
120,63,71,120
0,47,72,240
0,35,60,240
120,57,70,120
120,70,71,240
0,58,71,240
0,67,71,240
0,63,71,240
0,46,88,240
0,34,74,240
240,57,46,130
120,58,46,130
120,60,47,130
120,62,47,130
120,63,48,130
120,64,49,130
120,67,49,130
0,63,44,240
0,57,44,240
0,60,44,240
120,65,50,130
120,67,50,130
0,58,43,240
0,62,43,240
0,56,43,240
120,65,51,130
120,72,52,130
0,58,47,240
0,55,47,240
0,63,47,240
120,70,52,130
120,69,53,130
120,70,53,130
120,72,54,130
120,74,54,130
120,75,55,130
120,76,56,130
120,79,56,130
0,69,46,240
0,72,46,240
0,75,46,240
120,77,57,130
120,79,57,130
0,70,46,240
0,74,46,240
0,68,46,240
120,77,58,130
120,84,59,130
0,67,46,240
0,75,46,240
0,70,46,240
120,82,59,130
120,81,60,130
120,82,60,130
120,84,61,130
120,86,61,130
120,87,62,130
120,88,63,130
120,91,63,130
0,87,56,240
0,81,56,240
0,84,56,240
120,89,64,130
120,91,64,130
0,82,56,240
0,80,56,240
0,86,56,240
120,89,65,130
120,94,66,240
0,82,57,240
0,79,57,240
0,87,57,240
240,81,64,130
120,82,65,130
120,84,65,130
120,86,66,130
120,87,67,130
120,88,68,130
120,91,71,130
0,81,58,240
0,84,58,240
0,87,58,240
120,89,68,130
120,91,71,130
0,82,58,240
0,80,58,240
0,86,58,240
120,89,68,130
120,94,68,120
0,82,59,240
0,87,59,240
0,79,59,240
660,89,77,60
60,101,89,120
0,69,72,240
0,60,72,240
0,63,72,240
0,65,72,240
120,100,84,120
120,99,83,120
120,98,82,120
120,96,81,120
120,94,79,120
120,93,78,120
120,91,77,120
120,89,76,120
120,88,75,120
120,87,74,120
120,86,73,120
120,84,72,120
120,82,71,120
120,81,70,120
120,79,69,120
120,77,68,120
120,76,67,120
30,47,69,330
30,51,73,300
30,56,77,270
30,75,66,120
0,63,80,240
120,73,65,120
120,71,64,120
120,70,63,120
120,68,62,120
120,66,61,120
120,65,60,120
120,63,59,120
120,61,58,120
120,59,57,120
120,58,56,120
120,56,55,120
120,54,57,120
0,35,91,240
120,53,59,120
120,51,62,120
120,49,64,120
120,47,66,120
120,46,68,120
120,44,70,120
120,42,72,120
120,41,75,120
120,39,77,120
120,37,79,120
120,35,81,120
120,34,80,240
240,41,55,240
240,46,55,240
240,50,55,240
240,46,55,240
240,41,55,240
240,67,78,960
0,62,66,960
0,58,66,960
0,34,66,240
240,41,55,240
240,46,55,240
240,53,55,240
240,62,61,480
0,56,61,480
0,67,73,480
0,46,55,240
240,41,55,240
240,55,65,480
0,63,76,480
0,39,60,240
240,46,54,240
240,51,54,240
240,55,54,240
240,63,66,1440
0,67,66,1440
0,75,78,1440
0,51,54,240
240,46,53,240
240,39,60,240
240,48,53,240
240,51,53,240
240,58,53,240
240,74,73,480
0,70,61,480
0,63,61,480
0,51,53,240
240,48,53,240
240,63,65,1440
0,70,65,1440
0,72,77,1440
0,41,60,240
240,48,52,240
240,51,52,240
240,58,53,240
240,51,53,240
240,48,53,240
240,65,67,960
0,74,79,960
0,69,67,960
0,41,60,240
240,48,53,240
240,51,53,240
240,57,54,240
240,63,63,480
0,69,63,480
0,74,74,480
0,51,54,240
240,48,54,240
240,62,59,480
0,70,71,480
0,46,59,240
240,53,51,240
240,58,51,240
240,62,51,240
240,58,51,240
240,53,51,240
240,70,64,960
0,82,75,960
0,46,54,240
240,53,51,240
240,58,51,240
240,65,51,240
240,71,65,480
0,83,77,480
0,58,51,240
240,53,51,240
240,72,65,180
0,84,77,180
0,46,58,240
240,55,47,240
48,85,72,180
0,82,60,180
192,60,48,240
96,76,61,180
0,84,73,180
144,64,50,240
144,82,63,180
0,83,74,180
96,60,51,240
192,76,67,168
0,84,79,168
48,55,53,240
120,80,57,120
0,84,69,120
120,80,73,240
0,92,87,240
0,46,54,240
240,56,51,240
240,60,51,240
240,65,51,240
240,60,51,240
240,84,81,240
0,75,69,240
0,56,51,240
240,74,65,180
0,82,77,180
0,46,58,240
240,53,47,240
48,80,60,180
0,84,72,180
192,56,48,240
96,82,73,180
0,74,61,180
144,62,50,240
144,81,74,180
0,80,63,180
96,56,51,240
192,82,79,168
0,74,67,168
48,53,53,240
120,82,69,120
0,79,57,120
120,79,73,240
0,91,87,240
0,46,54,240
240,51,51,240
240,55,51,240
240,63,51,240
240,55,51,240
240,74,69,240
0,82,81,240
0,51,51,240
240,72,65,180
0,80,77,180
0,46,58,240
240,51,47,240
48,75,60,180
0,82,72,180
192,56,48,240
96,72,61,180
0,80,73,180
144,60,50,240
144,75,63,180
0,79,74,180
96,56,51,240
192,80,79,168
0,72,67,168
48,51,53,240
120,77,57,120
0,80,69,120
120,89,87,240
0,77,73,240
0,46,54,240
240,53,51,240
240,56,51,240
240,62,51,240
240,80,78,480
0,77,78,480
0,56,51,240
240,53,51,240
240,79,78,360
0,77,66,360
0,47,54,240
240,53,48,240
120,82,71,120
120,77,69,720
0,80,81,720
0,55,48,240
240,62,48,240
240,55,48,240
240,79,75,240
0,77,64,240
0,53,48,240
240,75,63,460
0,79,74,460
0,48,54,240
240,51,46,240
240,75,67,460
0,80,79,460
0,55,48,240
240,63,51,240
240,81,84,460
0,75,71,460
0,54,53,240
240,51,49,240
240,68,71,1440
0,70,71,1440
0,77,71,1440
0,82,84,1440
0,50,80,240
240,56,55,240
240,58,55,240
240,65,55,240
240,58,55,240
240,56,55,240
240,68,66,960
0,70,66,960
0,74,66,960
0,79,66,960
0,82,78,960
0,46,66,240
240,53,55,240
240,58,55,240
240,62,55,240
240,68,61,480
0,79,61,480
0,82,73,480
0,70,61,480
0,74,61,480
0,58,55,240
240,53,55,240
240,67,65,480
0,75,76,480
0,39,60,240
240,46,54,240
240,51,54,240
240,55,54,240
240,58,54,240
240,63,53,240
240,79,72,960
0,87,86,960
0,75,72,960
0,67,60,240
240,63,53,240
240,58,53,240
240,55,53,240
240,86,80,480
0,82,67,480
0,75,67,480
0,51,53,240
240,46,53,240
240,82,71,1440
0,75,71,1440
0,84,85,1440
0,41,60,240
240,48,52,240
240,51,52,240
240,58,53,240
240,51,53,240
240,48,53,240
240,86,87,960
0,81,73,960
0,77,73,960
0,41,60,240
240,48,53,240
240,51,53,240
240,57,54,240
240,86,81,480
0,81,69,480
0,75,69,480
0,51,54,240
240,48,54,240
240,74,65,480
0,82,77,480
0,34,59,240
240,46,53,240
240,53,55,240
240,58,57,240
240,62,58,240
240,65,60,240
240,82,78,960
0,94,94,960
0,74,61,240
240,70,59,240
240,65,57,240
240,62,55,240
240,58,53,240
240,82,74,230
0,94,88,230
0,53,51,240
240,82,78,960
0,94,94,960
0,46,57,240
240,52,49,240
240,55,49,240
240,60,49,240
240,55,49,240
240,52,49,240
240,60,65,480
0,72,77,960
0,46,47,240
240,52,47,240
240,55,53,240
240,60,47,240
240,62,61,480
0,74,73,480
0,55,47,240
240,52,47,240
240,63,57,360
0,75,69,90
0,46,55,240
90,77,69,90
90,75,69,180
60,53,46,240
120,62,53,360
0,74,64,360
120,57,46,240
240,63,53,360
0,75,64,360
0,60,46,240
240,57,47,240
120,79,64,360
0,67,53,360
0,74,53,360
120,53,47,240
240,74,60,960
0,68,66,480
0,79,72,1120
0,46,52,240
240,53,47,240
240,70,66,480
0,56,47,240
240,62,47,240
240,68,61,480
0,56,47,240
160,77,61,160
80,53,47,240
80,75,61,140
160,67,68,1440
0,75,68,1440
0,39,57,240
240,46,40,240
240,51,48,240
240,55,42,240
240,51,54,240
240,46,50,240
240,39,55,240
240,46,45,240
240,51,45,240
160,67,61,160
80,58,45,240
80,68,57,160
160,70,63,160
0,51,45,240
160,74,68,160
80,46,45,240
80,72,63,160
160,70,70,1440
0,39,50,240
240,46,37,240
240,51,51,240
240,55,46,240
240,51,55,240
240,46,49,240
240,39,50,240
240,46,40,240
240,51,40,240
160,67,57,160
80,58,40,240
80,68,60,160
160,70,65,160
0,51,40,240
160,74,68,160
80,46,40,240
80,72,61,160
160,70,70,1440
0,39,54,240
240,46,37,240
240,50,47,240
240,56,37,240
240,50,50,240
240,46,46,240
240,39,47,240
240,46,40,240
240,50,40,240
160,65,54,160
80,58,40,240
80,68,59,160
160,70,64,160
0,50,40,240
160,74,68,160
80,46,40,240
80,72,63,160
160,70,70,480
0,39,54,240
240,46,42,240
240,51,49,240
160,61,57,480
80,55,42,240
80,63,56,160
160,67,60,160
0,51,42,240
160,72,65,160
80,46,42,240
80,70,59,160
160,68,65,720
0,39,46,240
240,47,42,240
240,51,42,240
240,59,60,480
0,56,42,240
240,63,62,240
0,51,42,240
240,65,57,240
0,47,42,240
240,67,70,480
0,39,54,240
240,46,37,240
240,51,44,240
240,55,37,240
240,51,44,240
240,46,37,240
240,39,47,240
240,46,37,240
240,51,37,240
160,67,61,160
80,58,37,240
80,68,58,160
160,70,64,160
0,51,37,240
160,74,68,160
80,46,37,240
80,72,58,160
160,70,72,120
0,39,54,240
240,82,72,120
0,46,37,240
240,94,87,240
0,51,44,240
240,55,37,240
240,51,44,240
240,46,37,240
240,39,41,240
240,46,29,240
240,51,29,240
160,67,38,160
80,58,29,240
80,68,42,160
160,70,46,160
0,51,29,240
160,74,50,160
80,46,29,240
80,72,45,160
160,70,56,120
0,39,43,240
240,82,56,120
0,46,29,240
240,94,67,240
0,50,35,240
240,56,29,240
240,50,35,240
240,46,29,240
240,39,37,240
240,46,29,240
240,50,29,240
160,65,39,160
80,58,29,240
80,68,42,160
160,70,45,160
0,50,29,240
160,74,48,160
80,46,29,240
80,72,45,160
160,70,56,640
0,39,43,240
240,46,33,240
240,51,33,240
160,61,39,480
80,55,33,240
80,63,43,160
160,67,46,160
0,51,33,240
160,72,50,160
80,46,33,240
80,70,46,160
160,68,51,720
0,39,38,240
240,47,33,240
240,51,33,240
240,59,49,480
0,56,33,240
240,63,51,240
0,51,33,240
240,65,46,240
0,47,33,240
240,67,62,1680
0,39,43,240
240,46,29,240
240,51,35,240
240,55,29,240
240,51,35,240
240,46,29,240
240,39,41,240
240,67,51,240
0,46,33,240
240,70,54,240
0,51,33,240
240,79,55,240
0,58,33,240
240,77,60,240
0,51,33,240
240,75,55,240
0,46,33,240
240,70,66,1680
0,39,45,240
240,46,33,240
240,51,35,240
240,55,35,240
240,51,35,240
240,46,33,240
240,39,41,240
240,67,51,240
0,46,33,240
240,70,54,240
0,51,33,240
240,79,55,240
0,58,33,240
240,77,60,240
0,51,26,240
240,75,55,240
0,46,25,240
240,74,66,1680
0,43,48,240
240,50,33,240
240,55,31,240
240,58,34,240
240,62,37,240
240,58,40,240
240,67,45,240
240,70,51,240
0,62,40,240
240,74,54,240
0,58,39,240
240,82,55,240
0,55,38,240
240,81,60,240
0,50,37,240
240,79,55,240
0,43,35,240
240,74,69,1680
0,31,42,240
240,43,32,240
240,50,34,240
240,55,37,240
240,58,39,240
240,62,41,240
240,70,42,240
240,70,51,240
0,67,41,240
240,74,54,240
0,62,39,240
240,82,55,240
0,58,38,240
240,81,60,240
0,55,36,240
240,79,55,240
0,50,35,240
240,74,59,240
0,43,37,240
240,70,55,240
0,50,33,240
240,74,54,240
0,62,33,480
240,82,53,240
240,81,56,240
240,79,51,240
240,74,56,240
240,70,51,240
240,74,51,240
240,82,54,240
240,81,50,240
240,79,49,240
240,74,48,240
240,81,45,240
240,84,52,240
240,82,47,240
240,79,50,240
240,75,46,240
240,70,45,240
240,67,45,240
240,60,43,240
240,62,42,240
240,65,41,240
240,63,39,240
240,50,28,1440
480,38,25,475
480,38,25,475
720,60,38,1200
240,62,37,960
0,38,39,475
240,66,37,240
240,70,41,240
0,38,39,475
240,69,39,240
240,67,37,1440
480,62,28,475
0,58,23,475
0,38,22,475
480,58,23,475
0,62,28,475
0,38,22,475
480,74,41,1440
0,62,34,1440
480,67,28,475
0,50,21,475
0,55,21,475
480,67,28,475
0,55,21,475
0,50,21,475
480,72,39,1440
0,60,34,1440
480,67,28,475
0,63,23,475
0,55,22,475
0,50,22,475
480,67,28,475
0,63,23,475
0,50,22,475
0,55,22,475
720,60,40,1200
240,62,37,960
0,38,39,475
240,66,37,240
240,70,41,240
0,38,39,475
240,69,39,240
240,67,37,1440
480,62,28,475
0,58,23,475
0,38,22,475
480,58,23,475
0,62,28,475
0,38,22,475
480,64,37,16
480,57,23,475
0,55,23,475
0,61,28,475
0,38,21,475
480,57,23,475
0,61,28,475
0,55,23,475
0,38,21,475
480,66,37,1440
480,62,23,475
0,57,19,475
0,54,19,475
0,38,16,475
480,54,19,475
0,57,19,475
0,62,23,475
0,38,16,475
720,60,40,1200
240,62,37,960
0,38,39,475
240,66,37,240
240,70,41,240
0,38,39,475
240,69,39,240
240,67,37,1440
480,58,23,475
0,62,28,475
0,38,22,475
480,58,23,475
0,62,28,475
0,38,22,475
480,74,58,1440
0,62,43,1440
480,67,29,475
0,70,36,475
0,55,21,475
0,58,27,475
0,50,21,475
480,67,29,475
0,70,36,475
0,58,27,475
0,55,21,475
0,50,21,475
480,76,59,1440
0,64,45,6
480,67,29,475
0,70,36,475
0,58,27,475
0,50,21,475
0,55,21,475
480,67,29,475
0,70,36,475
0,55,21,475
0,50,21,475
0,58,27,475
720,58,40,1200
240,61,37,960
0,38,39,475
240,64,37,240
240,69,41,240
0,38,39,475
240,67,39,240
240,67,37,1440
480,61,27,475
0,58,27,475
0,64,33,475
0,38,26,475
480,58,27,475
0,64,33,475
0,61,27,475
0,38,26,475
480,76,62,1440
0,64,48,1440
480,73,39,475
0,70,32,475
0,67,32,475
0,58,29,475
0,55,24,475
0,50,24,475
480,73,41,475
0,70,32,475
0,67,32,475
0,55,24,475
0,50,24,475
0,58,29,475
480,78,64,1440
0,66,52,1440
480,67,35,475
0,70,35,475
0,73,41,475
0,58,32,475
0,50,24,475
0,55,24,475
480,67,35,475
0,70,35,475
0,73,43,475
0,55,24,475
0,58,32,475
0,50,24,475
480,76,63,960
0,64,51,11
480,73,44,475
0,70,36,475
0,67,36,475
0,55,26,475
0,58,32,475
0,50,26,475
720,78,67,220
0,66,53,220
240,78,67,1440
0,66,53,1440
480,73,47,475
0,67,37,475
0,70,37,475
0,50,26,475
0,55,26,475
0,58,35,475
480,70,37,475
0,67,37,475
0,73,47,475
0,55,27,475
0,58,36,475
0,50,27,475
480,76,73,960
0,64,56,13
480,67,40,480
0,70,40,480
0,73,50,480
0,50,27,480
0,58,36,480
0,55,27,480
720,78,73,220
0,66,56,220
240,78,73,1440
0,66,56,1440
480,73,52,475
0,70,41,475
0,67,41,475
0,58,37,475
0,55,29,475
0,50,29,475
480,70,43,475
0,67,43,475
0,73,52,475
0,50,29,475
0,55,29,475
0,58,39,475
480,76,75,960
0,64,60,15
480,67,47,480
0,70,47,480
0,73,59,480
0,55,35,480
0,58,44,480
0,50,35,480
720,78,77,240
0,66,66,240
240,81,80,1440
0,69,69,1440
480,73,58,475
0,70,58,475
0,76,72,475
0,64,52,475
0,58,42,475
0,61,42,475
480,76,73,475
0,73,58,475
0,70,58,475
0,58,42,475
0,64,55,475
0,61,42,475
480,79,85,960
0,67,68,960
480,70,62,480
0,76,79,480
0,73,62,480
0,64,57,480
0,58,45,480
0,61,45,480
480,81,93,480
0,69,75,480
480,74,86,480
0,70,86,480
0,82,101,480
0,26,70,480
0,38,82,480
480,50,56,480
0,58,66,480
240,86,80,220
0,94,95,220
240,96,101,220
0,87,86,220
0,62,66,480
0,55,56,480
240,86,80,220
0,94,95,220
240,93,97,220
0,84,82,220
0,58,56,480
0,67,66,480
240,82,80,220
0,91,95,220
240,81,80,220
0,90,94,220
0,55,56,480
0,62,66,480
240,82,79,220
0,91,93,220
240,89,93,220
0,81,79,220
0,58,79,480
0,50,67,480
360,87,92,90
0,79,78,90
120,87,91,220
0,79,77,220
0,26,56,480
0,38,66,480
240,86,90,220
0,78,75,220
240,84,89,220
0,75,74,220
0,50,56,480
0,60,66,480
0,54,56,480
240,74,73,220
0,82,86,220
240,81,85,220
0,72,72,220
0,62,59,480
0,54,49,480
0,60,49,480
240,79,83,220
0,70,70,220
240,69,72,140
0,78,85,140
0,60,55,480
0,66,64,480
160,75,85,140
0,72,72,140
160,74,86,140
0,72,73,140
160,74,88,90
0,71,74,90
0,60,58,480
0,54,58,480
0,62,69,480
96,74,88,90
0,70,74,90
96,74,88,90
0,69,74,90
96,74,89,90
0,68,74,90
96,69,74,90
0,74,89,90
96,70,75,100
0,74,90,100
0,50,61,480
0,54,61,480
0,60,73,480
120,69,75,100
0,74,90,100
120,72,77,100
0,74,91,100
120,74,91,100
0,70,77,100
120,67,85,100
0,74,91,100
0,43,73,240
0,31,73,240
240,86,73,100
0,91,73,100
0,94,87,100
120,81,76,100
120,62,55,240
0,67,66,240
0,58,55,240
120,86,67,100
0,91,79,100
0,82,67,100
120,91,87,100
0,86,73,100
0,82,73,100
0,46,53,120
120,78,75,100
120,67,64,240
0,58,53,240
0,62,53,240
120,79,67,100
0,82,67,100
0,86,79,100
120,82,73,100
0,79,73,100
0,86,87,100
0,50,57,120
120,73,78,100
120,67,64,240
0,62,53,240
0,58,53,240
120,82,78,100
0,79,66,100
0,74,66,100
120,74,73,100
0,79,73,100
0,82,87,100
0,55,54,120
120,70,75,100
120,63,53,240
0,60,53,240
0,57,53,240
0,67,64,240
120,84,78,100
0,79,66,100
0,75,66,100
120,84,87,100
0,79,73,100
0,75,73,100
0,45,55,120
120,74,75,100
120,73,75,100
0,60,53,240
0,67,64,240
0,63,53,240
120,72,75,100
120,79,73,100
0,84,87,100
0,75,73,100
0,57,55,120
120,74,74,100
120,73,76,100
0,66,64,240
0,62,53,240
0,60,53,240
120,72,76,100
120,75,73,100
0,78,73,100
0,84,87,100
0,50,56,120
120,74,76,100
120,73,76,100
0,60,53,240
0,66,63,240
0,62,53,240
120,72,76,100
120,74,73,100
0,78,73,100
0,81,87,100
0,57,56,120
120,72,76,100
120,79,73,240
0,82,87,240
0,70,73,240
0,74,73,240
0,55,55,240
0,62,55,240
0,67,66,240
240,86,73,100
0,94,87,100
0,91,73,100
0,43,53,120
120,81,76,100
120,62,55,240
0,67,66,240
0,58,55,240
120,82,67,100
0,91,79,100
0,86,67,100
120,91,87,100
0,82,73,100
0,86,73,100
0,46,53,120
120,78,75,100
120,58,53,240
0,67,64,240
0,62,53,240
120,79,67,100
0,82,67,100
0,86,79,100
120,79,73,100
0,82,73,100
0,86,87,100
0,50,57,120
120,73,78,100
120,67,64,240
0,62,53,240
0,58,53,240
120,82,78,100
0,79,66,100
0,74,66,100
120,74,73,100
0,79,73,100
0,82,87,100
0,55,54,120
120,70,75,100
120,63,53,240
0,60,53,240
0,57,53,240
0,67,64,240
120,79,66,100
0,75,66,100
0,84,78,100
120,84,87,100
0,79,73,100
0,75,73,100
0,45,55,120
120,74,75,100
120,73,75,100
0,67,64,240
0,63,53,240
0,60,53,240
120,72,75,100
120,75,73,100
0,79,73,100
0,84,87,100
0,57,55,120
120,74,74,100
120,73,76,100
0,62,53,240
0,66,64,240
0,60,53,240
120,72,76,100
120,84,87,100
0,78,73,100
0,75,73,100
0,50,56,120
120,74,76,100
120,73,76,100
0,62,53,240
0,60,53,240
0,66,63,240
120,72,76,100
120,81,87,100
0,78,73,100
0,74,73,100
0,57,56,120
120,72,76,100
120,74,73,240
0,70,73,240
0,79,73,240
0,82,87,240
0,62,53,240
0,55,53,240
0,67,63,240
240,80,70,120
0,48,65,720
120,92,72,120
0,87,60,120
120,80,72,120
120,75,63,120
0,80,75,120
120,67,77,240
0,56,47,240
0,63,56,240
120,79,77,120
0,75,65,120
120,66,87,240
0,50,63,120
120,69,65,120
0,78,77,120
120,78,77,120
0,57,48,240
0,62,57,240
0,60,48,240
120,90,77,120
0,81,65,120
120,79,87,240
0,43,63,120
120,91,75,120
0,82,64,120
120,79,75,120
0,58,47,240
0,55,47,240
0,62,55,240
120,70,64,120
0,79,75,120
120,68,77,240
0,48,65,960
120,80,72,120
0,75,60,120
120,80,74,240
0,63,53,480
0,56,44,480
120,87,65,120
0,92,76,120
120,80,76,120
120,80,78,120
0,75,65,120
120,67,77,240
0,56,47,240
0,63,56,240
120,79,77,120
0,75,65,120
120,66,87,240
0,50,63,120
120,78,77,120
0,69,65,120
120,78,77,120
0,62,57,240
0,60,48,240
0,57,48,240
120,81,65,120
0,90,77,120
120,79,87,240
0,43,63,120
120,91,75,120
0,82,64,120
120,79,75,120
0,58,47,240
0,55,47,240
0,62,55,240
120,70,64,120
0,79,75,120
120,65,77,240
0,47,65,120
120,77,71,120
0,68,59,120
120,77,70,120
0,56,43,240
0,53,43,240
0,62,51,240
120,80,59,120
0,89,71,120
120,77,68,120
0,48,60,480
120,68,66,120
0,75,77,120
120,63,69,240
0,56,42,240
0,51,42,240
0,60,50,240
120,68,57,120
0,75,69,120
120,62,77,240
0,50,56,480
120,68,57,120
0,74,69,120
120,74,69,120
0,56,43,240
0,53,43,240
0,59,51,240
120,86,69,120
0,80,57,120
120,74,77,120
0,51,56,480
120,72,67,120
0,68,56,120
120,60,67,120
0,56,49,240
120,68,56,120
0,72,67,120
120,60,77,240
0,42,56,120
120,72,69,120
0,63,57,120
120,72,69,240
0,60,43,240
0,54,43,240
0,63,51,240
120,84,69,120
0,75,57,120
120,72,77,240
0,55,43,240
0,62,53,240
0,58,43,240
120,75,56,120
0,84,67,120
120,70,67,240
0,43,56,120
120,74,56,120
0,82,67,120
120,70,77,240
0,48,56,120
120,82,69,120
0,74,57,120
120,69,69,240
0,67,51,238
0,57,43,240
0,63,43,240
120,72,57,120
0,81,69,120
120,67,77,240
0,50,56,480
120,79,67,120
0,70,56,120
120,66,67,240
0,57,43,240
0,60,43,240
0,62,51,240
120,69,56,120
0,78,67,120
120,79,87,120
0,67,73,120
0,70,73,120
0,55,53,120
0,62,63,120
6,58,53,120
234,80,70,240
0,48,65,720
120,92,72,120
0,87,60,120
120,80,72,120
120,75,63,120
0,80,75,120
120,67,77,240
0,56,47,240
0,63,56,240
120,75,65,120
0,79,77,120
120,66,87,240
0,50,63,120
120,78,77,120
0,69,65,120
120,78,77,120
0,62,57,240
0,57,48,240
0,60,48,240
120,90,77,120
0,81,65,120
120,79,87,240
0,43,63,120
120,82,64,120
0,91,75,120
120,79,75,120
0,58,47,240
0,55,47,240
0,62,55,240
120,70,64,120
0,79,75,120
120,68,77,240
0,48,65,960
120,75,60,120
0,80,72,120
120,80,74,240
0,56,44,720
0,63,53,720
120,92,76,120
0,87,65,120
120,80,76,120
0,50,72,240
120,75,65,120
0,80,78,120
120,67,77,240
0,51,72,240
120,79,77,120
0,72,65,120
120,66,87,240
0,50,63,120
120,69,65,120
0,78,77,120
120,78,77,120
0,62,57,240
0,57,48,240
0,60,48,240
120,81,65,120
0,90,77,120
120,79,87,240
0,43,63,120
120,91,75,120
0,82,64,120
120,79,75,120
0,62,55,240
0,55,47,240
0,58,47,240
120,70,64,120
0,79,75,120
120,65,77,240
0,47,65,120
0,35,54,120
120,68,59,120
0,77,71,120
120,77,70,120
0,53,43,240
0,62,51,240
0,56,43,240
120,80,59,120
0,89,71,120
120,77,68,120
0,48,60,120
0,36,51,120
120,67,66,120
0,75,77,120
120,63,69,240
0,60,50,240
0,51,42,240
0,55,42,240
120,67,57,120
0,75,69,120
120,62,77,240
0,38,54,120
0,50,65,120
120,66,59,120
0,74,71,120
120,74,70,120
0,54,43,240
0,57,51,240
120,78,59,120
0,86,71,120
120,74,68,120
0,40,51,120
0,52,60,120
120,73,77,120
0,64,66,120
120,61,69,240
0,58,50,240
0,55,42,240
120,73,69,120
0,64,57,120
120,60,77,240
0,54,65,120
0,42,54,120
120,63,59,120
0,72,71,120
120,72,70,240
0,60,43,240
0,63,51,240
0,54,43,240
120,75,59,120
0,84,71,120
120,71,68,240
0,55,43,240
0,60,43,240
0,63,51,240
120,83,73,120
0,75,64,120
120,72,70,240
0,43,48,120
0,55,58,120
120,84,70,120
0,75,58,120
120,72,79,240
0,44,55,120
0,56,66,120
120,84,73,120
0,75,61,120
120,75,72,240
0,63,44,240
0,67,52,240
0,56,44,240
120,78,61,120
0,87,74,120
120,74,71,240
0,57,45,240
0,67,53,240
0,63,45,240
120,78,69,120
0,86,81,120
120,75,72,240
0,45,50,120
0,57,60,120
120,78,60,120
0,87,73,120
120,75,82,240
0,58,69,120
0,46,57,120
120,78,63,120
0,87,75,120
120,78,75,240
0,63,46,240
0,58,46,240
0,66,54,240
120,82,64,120
0,90,76,120
120,77,73,240
0,69,55,240
0,59,46,240
0,63,46,240
120,89,84,120
0,80,71,120
120,78,75,240
0,47,52,120
0,59,63,120
120,90,75,120
0,81,63,120
120,78,86,240
0,48,59,120
0,60,71,120
120,81,66,120
0,90,78,120
120,81,78,240
0,66,47,480
0,62,47,480
0,60,47,480
0,69,56,480
120,93,79,120
0,84,66,120
120,82,76,240
120,94,87,120
0,86,74,120
120,84,78,240
0,60,57,240
0,66,48,240
0,62,57,240
0,69,57,240
120,96,78,120
0,87,65,120
120,84,89,240
0,58,74,120
0,46,61,120
120,87,68,120
0,96,81,120
120,82,80,240
0,55,49,240
0,62,49,240
0,67,58,240
120,86,68,120
0,94,81,120
120,82,77,240
0,48,54,120
0,60,66,120
120,86,75,120
0,94,89,120
120,81,78,240
0,57,54,240
0,67,66,240
0,63,54,240
120,93,78,120
0,84,66,120
120,81,89,240
0,62,74,120
0,50,61,120
120,93,81,120
0,84,68,120
120,79,80,240
0,70,58,240
0,67,49,240
0,62,49,240
120,82,68,120
0,91,81,120
120,79,77,240
0,48,54,120
0,60,66,120
120,82,75,120
0,91,89,120
120,74,78,240
0,66,54,240
0,69,66,240
0,62,54,240
0,60,54,240
120,78,66,120
0,86,78,120
120,46,52,120
0,58,61,120
120,82,77,120
120,86,71,120
0,94,84,120
0,62,46,240
0,55,46,240
0,67,54,240
120,82,80,120
120,94,82,120
0,85,70,120
0,60,58,120
0,48,48,120
120,82,79,120
120,93,85,120
0,84,72,120
0,57,48,240
0,63,48,240
0,67,57,240
120,81,81,120
120,93,88,120
0,84,74,120
0,50,56,120
0,62,68,120
120,81,79,120
120,82,74,120
0,91,87,120
0,67,49,240
0,70,58,240
0,62,49,240
120,79,80,120
120,82,75,120
0,91,89,120
0,48,51,120
0,60,60,120
120,79,79,120
120,86,89,120
0,78,75,120
0,62,49,240
0,69,49,240
0,66,49,240
0,60,49,240
120,74,81,120
120,58,87,120
0,46,73,120
120,86,87,120
120,91,80,120
0,94,80,120
0,98,95,120
120,86,86,120
120,82,73,120
0,86,86,120
0,79,73,120
120,74,78,120
120,86,88,120
0,82,74,120
0,79,74,120
120,74,78,120
120,70,69,120
0,74,81,120
0,67,69,120
120,62,77,120
120,67,70,120
0,70,70,120
0,74,82,120
120,62,76,120
120,62,82,120
0,58,70,120
0,55,70,120
120,50,74,120
120,58,70,120
0,62,82,120
0,55,70,120
120,50,64,120
120,42,93,120
0,30,78,120
120,43,81,120
0,31,69,120
120,64,90,120
0,58,75,120
0,55,75,120
120,50,77,120
120,37,78,120
0,49,93,120
120,38,72,120
0,50,85,120
120,55,75,120
0,58,75,120
0,64,90,120
120,50,81,120
120,42,93,120
0,30,78,120
120,43,81,120
0,31,69,120
120,58,75,120
0,55,75,120
0,64,90,120
120,50,77,120
120,49,93,120
0,37,78,120
120,50,85,120
0,38,72,120
120,58,75,120
0,55,75,120
0,64,90,120
120,50,81,120
120,38,97,480
0,26,81,480
480,55,54,80
80,56,54,80
80,57,55,80
80,58,55,80
80,59,56,80
80,60,56,80
80,61,56,80
80,62,57,80
80,63,57,80
80,64,58,80
80,65,58,80
80,66,58,80
80,67,59,80
0,64,69,360
0,61,69,360
0,58,69,360
0,55,69,360
80,68,59,80
80,69,60,80
80,70,60,80
80,71,60,80
40,58,62,120
0,55,62,120
0,64,62,120
0,61,62,120
40,72,61,80
80,73,61,80
0,66,69,480
0,58,69,480
0,55,69,480
0,61,69,480
80,74,63,80
80,75,63,80
80,76,64,80
80,77,64,80
80,78,64,80
80,79,65,80
0,61,69,360
0,55,69,360
0,58,69,360
0,64,69,11
80,80,65,80
80,81,66,80
80,82,66,80
80,83,66,80
40,64,62,120
0,61,62,120
0,55,62,120
0,58,62,120
40,84,67,80
80,85,67,80
0,58,69,480
0,61,69,480
0,55,69,480
0,66,69,480
80,86,68,80
80,87,68,80
80,88,68,80
80,89,69,80
80,90,69,80
80,91,70,80
0,61,69,300
0,55,69,300
0,58,69,300
0,64,69,11
80,92,70,80
80,93,70,80
80,94,71,80
60,50,67,5940
20,95,71,80
40,57,68,5880
40,97,72,80
20,60,70,5820
60,99,88,120
0,67,78,3480
120,98,80,120
120,101,80,120
120,99,81,120
120,98,79,120
120,96,79,120
120,95,79,120
120,98,79,120
120,96,79,120
120,94,79,120
120,93,79,120
120,91,79,120
120,90,79,120
120,93,79,120
120,91,79,120
120,90,84,120
120,87,80,120
120,86,80,120
120,87,80,120
120,86,79,120
120,89,79,120
120,87,79,120
120,86,78,120
120,84,77,120
120,83,77,120
120,86,76,120
120,84,76,120
120,82,75,120
120,81,75,120
120,79,75,120
0,66,80,2278
120,78,75,120
120,81,75,120
120,79,75,120
120,78,75,120
120,75,75,120
120,74,75,120
120,75,74,120
120,74,74,120
120,77,74,120
120,75,74,120
120,74,74,120
120,72,74,120
120,71,74,120
120,74,73,120
120,72,73,120
120,70,73,120
120,69,73,120
120,67,73,120
120,66,74,120
120,63,75,120
120,62,76,120
120,60,76,120
120,58,76,120
120,57,79,120
120,55,81,120
120,54,83,120
120,51,84,120
120,50,84,120
120,48,85,120
120,46,86,120
120,45,88,120
120,43,89,120
120,42,91,120
120,39,93,120
120,38,94,120
120,36,94,120
120,34,95,120
120,33,97,120
120,31,115,1080
1080,45,75,120
0,33,65,120
120,46,75,120
0,34,65,120
120,48,76,120
0,36,66,120
120,50,77,120
0,38,67,120
120,52,77,120
0,40,67,120
120,54,78,120
0,42,68,120
120,55,78,120
0,43,68,120
120,57,79,120
0,45,69,120
120,58,80,120
0,46,69,120
120,60,80,120
0,48,70,120
120,62,81,120
0,50,70,120
120,64,81,120
0,52,71,120
120,66,82,120
0,54,72,120
120,67,83,120
0,55,72,120
120,69,83,120
0,57,73,120
120,70,84,120
0,58,73,120
120,72,84,120
0,60,74,120
120,74,85,120
0,62,74,120
120,76,86,120
0,64,75,120
120,78,86,120
0,66,76,120
120,79,89,120
0,67,83,120
480,50,31,360
0,43,26,360
0,31,26,360
0,55,31,360
0,58,38,360
360,31,26,120
0,55,31,120
0,58,38,120
0,43,26,120
0,50,31,120
120,31,26,480
0,43,26,480
0,55,31,480
0,58,38,480
0,50,31,480
560,50,84,80
0,38,75,80
80,43,71,80
0,55,80,80
80,45,77,80
0,57,85,80
80,48,79,80
0,60,89,80
80,46,74,70
0,58,83,70
80,46,82,120
0,58,92,120
480,46,85,600
0,31,79,600
600,48,71,120
0,33,52,120
120,50,71,120
0,34,52,120
120,52,71,120
0,36,53,120
120,54,72,120
0,38,53,120
120,55,72,120
0,40,54,120
120,57,72,120
0,42,54,120
120,58,73,120
0,43,55,120
120,60,73,120
0,45,55,120
120,62,73,120
0,46,56,120
120,64,74,120
0,48,56,120
120,66,74,120
0,50,57,120
120,67,74,120
0,52,57,120
120,69,75,120
0,54,58,120
120,70,75,120
0,55,58,120
120,72,75,120
0,57,59,120
120,74,76,120
0,58,60,120
120,76,76,120
0,60,60,120
120,78,76,120
0,62,61,120
120,79,77,120
0,64,61,120
120,81,77,120
0,66,62,120
120,82,77,120
0,67,62,120
120,84,78,120
0,69,63,120
120,86,78,120
0,70,63,120
120,88,78,120
0,72,64,120
120,90,79,120
0,74,64,120
120,91,79,120
0,76,65,120
120,93,79,120
0,78,65,120
120,94,87,120
0,79,70,120
480,50,37,360
0,62,45,360
0,58,37,360
0,55,37,360
0,43,26,360
0,31,26,360
360,50,37,120
0,62,45,120
0,58,37,120
0,55,37,120
0,31,26,120
0,43,26,120
120,55,37,480
0,50,37,480
0,58,37,480
0,62,45,480
0,31,26,480
0,43,26,480
560,62,94,80
0,50,86,80
80,67,94,80
0,55,86,80
80,70,99,80
0,58,89,80
80,75,100,80
0,63,90,80
80,74,94,70
0,62,86,70
80,74,94,120
0,62,86,120
450,100,104,130
0,34,74,161
30,88,109,100
0,46,77,100
130,99,106,130
0,35,76,130
30,87,108,100
0,47,76,100
130,98,104,130
0,36,75,130
30,86,107,100
0,48,75,100
130,97,100,130
0,37,74,130
30,85,106,100
0,49,74,100
130,96,102,130
0,38,73,130
30,84,103,100
0,50,73,100
130,95,103,130
0,39,75,130
30,83,102,100
0,51,72,100
130,94,102,130
0,40,74,130
30,82,101,100
0,52,73,100
130,93,101,130
0,41,72,130
30,81,100,100
0,53,72,100
130,92,99,130
0,42,72,130
30,80,99,100
0,54,72,100
160,79,88,120
0,91,98,120
0,55,72,120
0,43,66,120
160,90,97,120
0,78,87,120
0,42,66,120
0,54,72,120
160,89,97,120
0,77,87,120
0,41,65,120
0,53,71,120
160,76,86,120
0,88,96,120
0,52,70,120
0,40,64,120
160,87,95,120
0,75,85,120
0,51,69,120
0,39,63,120
160,74,84,120
0,86,94,120
0,50,67,120
0,38,61,120
160,85,93,120
0,73,83,120
0,49,66,120
0,37,60,120
160,84,91,120
0,72,81,120
0,48,66,120
0,36,60,120
160,83,95,120
0,71,85,120
0,35,60,120
0,47,66,120
160,70,89,120
0,82,99,120
0,34,67,120
0,46,73,120
160,81,103,120
0,69,92,120
0,33,72,120
0,45,79,120
160,68,97,120
0,80,108,120
0,32,77,120
0,44,84,120
160,67,96,480
0,79,113,480
0,31,71,480
0,43,83,480
960,86,92,960
0,82,92,960
0,91,108,960
0,94,108,960
0,67,95,960
0,55,80,960
0,62,80,960
960,55,117,960
0,43,95,960