1,63,56,120
0,59,48,179
0,56,54,179
0,51,45,179
0,44,45,179
119,64,42,10
120,59,43,180
0,64,51,120
0,44,36,60
0,32,30,60
120,65,43,60
120,59,44,180
0,63,44,180
0,65,52,120
0,39,30,60
0,51,36,60
120,66,44,60
120,59,44,180
0,63,44,180
0,66,53,120
0,51,37,180
0,44,37,180
0,56,44,180
120,67,46,60
120,59,47,180
0,63,47,180
0,67,56,120
0,32,32,60
0,44,39,60
120,68,47,60
120,59,48,180
0,63,48,180
0,68,57,120
0,39,33,60
0,51,40,60
120,69,48,60
120,63,50,180
0,69,59,120
0,59,49,180
0,51,41,180
0,56,41,180
120,70,52,60
120,63,52,180
0,70,61,120
0,32,36,60
0,44,43,60
120,71,54,60
120,63,55,180
0,68,66,180
0,71,66,120
0,39,38,60
0,51,46,60
120,72,56,60
120,68,58,180
0,63,58,180
0,72,69,120
0,59,57,180
0,51,48,180
0,56,48,180
120,73,59,60
120,63,61,180
0,68,61,180
0,73,71,120
0,32,41,60
0,44,50,60
120,74,62,60
120,63,62,180
0,68,62,180
0,74,75,120
0,51,51,60
0,39,44,60
120,75,66,60
120,63,68,180
0,70,68,180
0,75,81,120
0,51,47,60
0,58,56,60
120,76,77,60
120,70,69,180
0,76,82,120
0,43,48,60
0,51,57,60
120,75,78,60
120,63,70,180
0,70,70,180
0,75,84,120
0,51,50,60
0,58,59,60
120,73,84,60
120,63,69,180
0,68,69,180
0,73,82,120
0,44,47,60
0,51,56,60
120,71,79,60
120,63,70,180
0,68,70,180
0,71,83,120
0,59,57,60
0,51,48,60
120,73,79,60
120,63,72,180
0,68,72,180
0,73,85,120
0,44,50,60
0,51,59,60
120,75,86,60
120,64,73,4
0,68,73,180
0,75,87,120
0,56,60,60
0,49,50,60
120,73,86,60
120,64,71,14
0,68,71,180
0,73,84,120
0,37,49,60
0,49,58,60
120,71,83,60
120,61,68,180
0,64,68,10
0,71,81,120
0,49,47,60
0,56,56,60
120,70,80,60
120,61,79,240
0,51,42,60
0,55,51,60
120,71,69,120
120,71,66,120
0,61,55,240
0,39,38,60
0,51,46,60
120,70,62,120
120,70,57,120
0,61,48,240
0,51,34,60
0,55,40,60
120,63,54,120
120,59,45,180
0,63,53,120
0,44,37,180
0,51,37,180
0,56,45,180
120,64,45,11
120,59,45,180
0,64,54,120
0,32,31,60
0,44,37,60
120,65,45,60
120,59,46,180
0,63,46,180
0,65,55,120
0,39,32,60
0,51,39,60
120,66,47,60
120,59,47,180
0,63,47,180
0,66,57,120
0,44,39,180
0,51,39,180
0,56,47,180
120,67,48,60
120,59,49,180
0,63,49,180
0,67,58,120
0,44,41,60
0,32,34,60
120,68,50,60
120,59,50,180
0,63,50,180
0,68,60,120
0,39,34,60
0,51,41,60
120,69,50,60
120,59,52,180
0,64,52,131
0,69,62,120
0,43,43,180
0,52,43,180
0,55,51,180
120,70,54,60
120,59,54,180
0,64,54,134
0,70,64,120
0,43,45,60
0,31,38,60
120,71,56,60
120,59,57,180
0,64,68,131
0,71,68,120
0,40,40,60
0,52,47,60
120,72,59,60
120,65,62,180
0,72,73,120
0,55,52,180
0,50,52,180
0,59,61,180
120,73,69,60
120,65,64,180
0,73,76,120
0,31,44,60
0,43,53,60
120,74,71,60
120,65,66,180
0,71,80,180
0,43,47,60
0,55,55,60
120,74,75,60
120,66,76,180
0,71,76,180
0,75,90,120
0,54,61,60
0,42,51,60
120,76,85,60
120,66,75,180
0,71,75,180
0,76,89,120
0,54,50,60
0,63,60,60
120,75,87,60
120,66,76,180
0,71,76,180
0,75,90,120
0,54,61,60
0,42,51,60
120,78,88,60
120,66,76,180
0,70,76,180
0,78,90,120
0,54,51,60
0,64,61,60
120,73,85,60
120,66,75,180
0,70,75,180
0,73,89,120
0,42,50,60
0,54,60,60
120,75,87,60
120,66,76,180
0,70,76,180
0,75,90,120
0,54,51,60
0,64,61,11
120,76,88,60
120,66,68,180
0,71,68,180
0,76,81,120
0,42,45,60
0,54,54,60
120,75,75,60
120,66,66,180
0,71,66,180
0,75,78,120
0,54,44,60
0,63,52,60
120,80,75,60
120,66,64,180
0,80,76,120
0,42,43,60
0,54,51,60
120,78,73,60
120,66,63,180
0,70,63,180
0,78,74,120
0,64,50,6
0,54,42,60
120,73,69,60
120,64,60,7
0,70,60,180
0,73,71,120
0,42,40,60
0,54,47,60
120,75,68,60
120,64,59,4
0,70,59,180
0,75,70,120
0,61,47,60
0,54,40,60
120,76,67,60
120,63,60,180
0,71,60,180
0,76,72,120
0,47,40,60
0,54,48,60
120,75,68,60
120,63,61,180
0,75,72,120
0,47,40,60
0,54,40,60
0,59,48,60
120,71,72,60
120,64,64,9
0,71,76,120
0,59,51,60
0,47,43,60
0,55,43,60
120,67,75,60
120,63,66,180
0,67,78,120
0,59,53,60
0,47,45,60
0,54,45,60
120,66,74,60
120,63,67,180
0,66,80,120
0,47,45,60
0,54,45,60
0,59,54,60
120,71,75,60
120,64,69,6
0,71,82,120
0,55,46,60
0,47,46,60
0,59,55,60
120,67,78,60
120,63,72,180
0,66,85,120
0,59,57,60
0,47,48,60
0,54,48,60
120,71,81,60
120,64,72,9
0,71,86,120
0,52,48,60
0,55,48,60
0,59,57,60
120,67,85,60
120,63,76,180
0,66,90,120
0,47,51,60
0,54,51,60
0,59,61,60
120,71,88,60
120,64,77,9
0,71,91,120
0,55,52,60
0,52,52,60
0,59,62,60
120,67,87,60
120,62,78,180
0,66,93,120
0,59,63,60
0,47,53,60
0,54,53,60
120,71,92,60
120,64,81,8
0,71,96,120
0,52,54,60
0,55,54,60
0,59,64,60
120,67,95,60
120,71,92,1440
0,64,77,120
0,67,92,120
0,47,60,240
0,54,60,240
0,59,72,240
120,62,74,120
0,66,87,120
90,67,72,30
30,62,77,120
0,66,92,120
0,35,56,60
0,47,66,60
120,61,72,120
0,64,85,120
120,62,77,240
0,66,92,240
0,47,56,480
0,54,66,240
240,64,73,10
0,67,87,120
0,59,68,240
0,54,57,240
120,62,70,120
0,66,82,120
90,67,71,30
30,62,73,120
0,66,87,120
0,35,53,60
0,47,62,60
120,61,68,120
0,64,80,120
120,62,73,240
0,66,87,240
0,54,62,240
0,47,53,240
240,62,61,120
0,68,61,180
0,71,72,120
0,52,54,120
0,59,64,120
120,64,61,60
0,72,72,60
120,68,61,180
0,64,61,10
0,72,72,120
0,40,54,120
0,52,64,120
120,62,61,60
0,71,72,60
120,68,61,180
0,62,61,120
0,71,72,120
0,59,64,120
0,52,54,120
120,64,61,60
0,72,72,60
120,69,87,720
0,62,73,120
0,65,87,120
0,45,57,240
0,52,57,240
0,57,68,240
120,60,70,120
0,64,82,120
90,65,63,30
30,60,73,120
0,64,87,10
0,33,53,60
0,45,62,60
120,59,68,120
0,62,80,120
120,60,73,240
0,64,87,11
0,45,53,480
0,52,62,240
240,69,84,1440
0,62,69,120
0,65,82,120
0,52,54,240
0,57,64,240
120,60,66,120
0,64,77,120
90,65,59,30
30,60,69,120
0,64,82,15
0,45,58,60
0,33,50,60
120,59,64,120
0,62,76,120
120,60,69,240
0,64,82,14
0,45,50,480
0,52,58,240
240,62,69,120
0,65,82,120
0,57,64,240
0,52,54,240
120,60,66,120
0,64,77,120
90,65,59,30
30,60,69,120
0,64,82,9
0,33,50,60
0,45,58,60
120,59,64,120
0,62,76,120
120,60,69,240
0,64,82,10
0,52,58,120
0,45,50,120
240,60,61,120
0,66,61,180
0,69,72,120
0,57,64,120
0,50,54,120
120,62,61,60
0,71,72,60
120,66,61,180
0,62,61,120
0,71,72,120
0,38,54,120
0,50,64,120
120,60,61,60
0,69,72,60
120,66,61,180
0,60,61,120
0,69,72,120
0,57,64,120
0,50,54,120
120,62,61,60
0,71,72,60
120,67,78,720
0,60,65,120
0,64,78,120
0,43,51,240
0,50,51,240
0,55,61,240
120,59,63,120
0,62,73,120
90,64,56,30
30,59,65,120
0,62,78,120
0,31,47,60
0,43,55,60
120,57,61,120
0,60,72,120
120,59,65,240
0,62,78,240
0,43,47,120
0,55,55,120
240,64,37,180
0,67,44,120
0,48,32,60
0,55,38,60
120,69,45,60
120,64,40,10
0,69,49,120
0,60,38,60
0,48,32,60
0,55,32,60
120,71,51,60
120,64,45,10
0,71,54,120
0,48,35,60
0,55,35,60
0,60,42,60
120,72,57,60
120,64,51,7
0,72,61,120
0,48,43,60
0,55,43,60
0,60,52,60
120,74,63,60
120,64,55,14
0,69,55,180
0,74,66,120
0,60,52,60
0,48,43,60
0,54,43,60
120,76,69,60
120,64,60,169
0,69,60,180
0,76,72,120
0,59,56,60
0,47,47,60
0,54,47,60
120,62,57,60
0,74,68,60
120,64,39,180
0,67,47,120
0,52,34,60
0,59,40,60
120,69,48,60
120,64,41,8
0,69,50,120
0,55,33,60
0,48,33,60
0,60,39,60
120,71,51,60
120,64,45,6
0,71,54,120
0,60,42,60
0,48,35,60
0,55,35,60
120,72,55,60
120,64,48,9
0,72,57,120
0,48,41,60
0,55,41,60
0,60,49,60
120,74,58,60
120,64,51,14
0,69,51,180
0,74,61,120
0,54,39,480
0,48,39,60
0,60,48,60
120,76,63,60
120,69,54,180
0,76,64,120
0,59,50,60
0,47,42,60
120,78,66,60
0,75,66,60
120,67,56,120
0,76,56,120
0,79,67,120
0,52,43,120
0,59,51,120
240,69,56,180
0,76,56,120
0,79,67,120
0,59,49,180
0,47,41,180
120,75,54,60
0,78,64,60
120,67,56,180
0,75,56,120
0,78,67,120
0,52,41,180
0,59,49,180
120,76,55,60
0,79,65,60
120,69,58,180
0,76,58,120
0,79,70,120
0,47,43,180
0,59,51,180
120,75,58,60
0,78,69,60
120,67,62,180
0,75,62,120
0,78,74,120
0,52,45,180
0,59,54,180
120,76,61,60
0,79,72,60
120,67,64,120
0,79,77,120
0,76,64,120
0,59,56,180
0,47,47,180
120,77,62,60
0,80,73,60
0,68,62,60
120,68,64,120
0,80,77,120
0,77,64,120
0,47,56,180
0,35,47,180
120,78,62,60
0,81,73,60
0,69,62,60
120,69,65,120
0,81,78,120
0,78,65,120
0,59,47,180
0,62,57,180
0,53,47,180
120,77,63,60
0,80,75,60
0,68,63,60
120,68,67,120
0,80,80,120
0,77,67,120
0,63,58,180
0,59,49,180
0,54,49,180
120,78,65,60
0,81,77,60
0,69,65,60
120,69,68,120
0,81,82,120
0,78,68,120
0,53,50,180
0,59,50,180
0,62,59,180
120,77,66,60
0,80,78,60
0,68,66,60
120,68,70,120
0,80,84,120
0,77,70,120
0,59,51,180
0,63,61,180
0,54,51,180
120,78,68,60
0,81,81,60
0,69,68,60
120,69,71,120
0,81,86,120
0,78,71,180
0,47,62,180
0,35,52,180
120,82,82,60
0,70,70,60
120,70,73,240
0,78,73,240
0,82,88,240
0,34,56,240
0,46,66,240
240,70,70,180
0,82,83,180
0,78,70,120
0,54,49,180
0,58,49,180
0,63,58,180
120,77,65,60
0,80,77,60
120,70,63,180
0,82,75,180
0,77,63,120
0,80,75,120
0,63,44,180
0,66,52,180
0,58,44,180
120,75,58,60
0,78,69,60
120,77,73,240
0,70,73,240
0,80,73,240
0,82,88,240
0,46,56,240
0,58,66,240
240,77,70,120
0,70,70,180
0,82,83,180
0,80,70,120
0,53,49,180
0,62,58,180
120,78,77,60
0,75,65,60
120,70,63,180
0,82,75,180
0,75,63,120
0,78,75,120
0,58,44,180
0,68,52,180
0,65,44,180
120,74,58,60
0,77,69,60
120,75,65,120
0,70,65,120
0,78,65,120
0,82,79,120
0,39,50,120
0,51,59,120
240,70,63,120
0,78,63,120
0,51,44,600
0,58,52,240
120,77,68,60
0,68,57,60
120,68,54,120
0,77,64,120
0,62,44,240
120,67,49,60
0,75,59,60
120,67,61,120
0,75,74,120
0,63,55,120
240,67,52,120
0,70,52,180
0,39,36,180
0,51,42,180
120,64,45,60
120,71,48,180
0,64,41,14
0,67,48,180
0,51,31,240
0,61,33,180
120,63,35,60
120,59,46,180
0,63,54,120
0,56,41,180
0,44,34,180
0,51,34,180
120,64,42,10
120,59,43,180
0,64,51,120
0,32,30,60
0,44,36,60
120,65,43,60
120,59,44,180
0,63,44,180
0,65,52,120
0,39,30,60
0,51,36,60
120,66,44,60
120,59,44,180
0,63,44,180
0,66,53,120
0,56,44,180
0,44,37,180
0,51,37,180
120,67,46,60
120,59,47,180
0,63,47,180
0,67,56,120
0,32,32,60
0,44,39,60
120,68,47,60
120,59,48,180
0,63,48,180
0,68,57,120
0,51,40,60
0,39,33,60
120,69,49,60
120,63,50,180
0,69,59,120
0,51,41,180
0,56,41,180
0,59,49,180
120,70,52,60
120,63,52,180
0,70,61,120
0,32,36,60
0,44,43,60
120,71,54,60
120,63,55,180
0,68,66,180
0,71,66,120
0,51,46,60
0,39,38,60
120,72,56,60
120,68,58,180
0,63,58,180
0,72,69,120
0,51,48,180
0,56,48,180
0,59,57,180
120,73,60,60
120,63,61,180
0,68,61,180
0,73,71,120
0,32,41,60
0,44,50,60
120,74,62,60
120,63,63,180
0,68,63,180
0,74,76,120
0,39,44,60
0,51,52,60
120,75,66,60
120,63,68,180
0,70,68,180
0,75,81,120
0,51,47,60
0,58,56,60
120,76,77,60
120,70,69,180
0,76,82,120
0,51,57,60
0,43,48,60
120,75,78,60
120,63,70,180
0,70,70,180
0,75,84,120
0,51,50,60
0,58,59,60
120,73,84,60
120,63,69,180
0,68,69,180
0,73,82,120
0,51,56,60
0,44,47,60
120,71,79,60
120,63,70,180
0,68,70,180
0,71,83,120
0,51,48,60
0,59,57,60
120,73,79,60
120,63,72,180
0,68,72,180
0,73,85,120
0,44,50,60
0,51,59,60
120,75,86,60
120,64,73,180
0,68,73,180
0,75,87,120
0,49,50,60
0,56,60,60
120,73,86,60
120,64,71,10
0,68,71,180
0,73,84,120
0,37,49,60
0,49,58,60
120,71,83,60
120,61,68,180
0,64,68,7
0,71,81,120
0,56,56,60
0,49,47,60
120,70,80,60
120,61,79,240
0,51,42,60
0,55,51,60
120,71,71,120
120,71,70,120
0,61,58,240
0,51,49,60
0,39,41,60
120,70,67,120
120,70,64,120
0,61,54,240
0,51,38,60
0,55,45,60
120,63,62,120
120,59,45,180
0,63,53,120
0,44,54,180
0,51,54,180
0,56,63,180
120,64,45,14
120,59,46,180
0,64,54,120
0,44,81,120
0,32,68,120
120,65,46,60
120,59,49,180
0,63,49,180
0,65,58,120
0,39,40,60
0,51,49,60
120,66,49,60
120,59,51,180
0,63,51,180
0,66,60,120
0,51,60,180
0,44,60,180
0,56,73,180
120,67,51,60
120,59,53,180
0,63,53,180
0,67,63,120
0,30,78,120
0,42,95,120
120,68,54,60
120,59,55,180
0,63,55,180
0,68,65,120
0,42,46,60
0,51,55,60
120,69,56,60
120,59,60,180
0,64,60,138
0,69,71,120
0,56,85,180
0,52,71,180
120,70,61,60
120,59,61,180
0,64,61,140
0,70,72,120
0,28,84,120
0,40,101,120
120,71,62,60
120,59,62,180
0,64,74,131
0,71,74,120
0,56,62,60
0,52,52,60
120,72,64,60
120,63,65,180
0,72,77,120
0,51,71,180
0,56,71,180
0,59,84,180
120,73,72,60
120,63,66,180
0,68,66,180
0,73,79,120
0,27,85,120
0,39,103,120
120,74,73,60
120,63,68,180
0,68,68,180
0,74,82,180
0,59,68,60
0,56,57,60
0,51,57,60
120,75,76,60
120,64,76,180
0,68,76,180
0,75,90,120
0,56,66,120
0,49,66,120
0,59,80,120
120,73,77,60
120,73,81,120
120,71,73,60
120,71,78,120
120,70,71,60
120,63,76,180
0,68,76,180
0,73,90,120
0,59,80,120
0,56,66,120
0,51,66,120
120,71,77,60
120,71,81,120
120,70,73,60
120,70,78,120
120,68,71,60
120,64,76,6
0,68,76,180
0,75,90,120
0,49,66,120
0,56,66,120
0,59,80,120
120,73,77,60
120,73,81,120
120,71,73,60
120,71,78,120
120,70,71,60
120,63,76,180
0,68,76,180
0,73,90,120
0,56,66,120
0,51,66,120
0,59,80,120
120,71,77,60
120,71,81,120
120,70,73,60
120,70,78,120
120,68,71,60
120,61,76,180
0,68,76,180
0,71,90,120
0,52,61,120
0,56,72,120
120,70,77,60
120,70,81,120
120,71,73,60
120,71,79,120
120,70,73,60
120,70,93,120
120,71,80,60
120,71,85,120
120,70,78,60
120,70,84,120
120,71,77,60
120,71,90,120
120,70,83,60
120,70,85,120
120,71,75,60
120,71,79,120
120,70,71,60
120,70,88,120
120,71,73,60
120,71,76,120
120,70,67,60
120,70,70,120
120,71,62,60
120,68,66,2160
0,70,66,2640
0,64,72,120
120,63,60,60
120,63,62,120
120,61,55,60
120,61,58,120
120,59,53,60
120,59,60,120
120,58,52,60
120,58,54,120
120,56,47,60
120,56,53,120
120,54,45,60
120,54,52,120
120,52,44,60
120,52,46,120
120,51,40,60
120,51,44,120
120,49,40,60
120,67,48,720
0,61,48,720
0,51,41,960
480,71,48,240
0,39,41,240
240,59,48,120
0,68,48,120
0,44,41,120
240,64,45,127
0,61,45,180
0,68,53,120
0,37,34,60
0,49,40,60
120,71,45,60
120,67,45,180
0,61,45,180
0,71,53,120
0,39,30,60
0,51,37,60
120,70,45,60
120,59,45,180
0,70,53,120
0,56,37,60
0,44,30,60
120,68,45,60
120,64,45,127
0,61,45,180
0,68,53,120
0,37,34,60
0,49,40,60
120,71,45,60
120,67,45,180
0,61,45,180
0,71,53,120
0,51,37,60
0,39,30,60
120,70,45,60
120,59,45,180
0,70,53,120
0,40,30,60
0,52,37,60
120,68,45,60
120,63,45,180
0,66,53,120
0,35,34,60
0,47,40,60
120,75,45,60
120,70,45,180
0,64,45,132
0,75,53,120
0,37,30,60
0,49,37,60
120,73,45,60
120,68,45,180
0,63,45,180
0,73,53,120
0,39,30,60
0,51,37,60
120,71,45,60
120,63,53,180
0,51,40,60
120,71,45,60
120,67,45,180
0,61,45,180
0,71,53,120
0,39,30,60
0,51,37,60
120,70,45,60
120,59,45,120
0,68,53,120
0,51,37,60
0,44,30,60
240,64,45,130
0,61,45,180
0,68,53,120
0,37,34,60
0,49,40,60
120,71,45,60
120,67,45,180
0,61,45,180
0,71,53,120
0,51,37,60
0,39,30,60
120,70,45,60
120,59,45,180
0,70,53,120
0,44,30,60
0,56,37,60
120,68,45,60
120,64,45,130
0,61,45,180
0,68,53,120
0,37,34,60
0,49,40,60
120,71,45,60
120,67,45,180
0,61,45,180
0,71,53,120
0,39,30,60
0,51,37,60
120,70,45,60
120,59,45,180
0,70,53,120
0,40,30,60
0,52,37,60
120,68,45,60
120,61,45,180
0,64,53,120
0,45,40,60
0,33,34,60
120,73,45,60
120,68,45,180
0,62,45,180
0,73,53,120
0,35,30,60
0,47,37,60
120,71,45,60
120,64,45,130
0,61,45,180
0,71,53,120
0,49,37,60
0,37,30,60
120,69,45,60
120,59,45,180
0,63,53,180
0,39,38,60
0,51,40,60
120,71,45,60
120,63,45,360
0,58,45,180
0,68,53,120
0,27,30,60
0,39,37,60
120,67,45,60
120,59,45,120
0,68,53,120
0,32,30,60
0,44,37,60
720,63,69,1200
0,39,63,720
0,51,63,960
240,59,59,120
0,56,59,120
120,55,55,90
0,58,55,90
120,55,55,120
0,58,55,120
120,58,55,120
0,61,55,120
120,44,63,240
0,59,63,240
0,56,63,240
480,64,63,240
240,63,69,960
0,39,63,720
0,51,63,960
240,56,59,120
0,59,59,120
120,55,55,90
0,58,55,90
120,55,55,120
0,58,55,120
120,61,55,120
0,58,55,120
120,44,63,240
0,59,63,240
0,56,63,240
240,66,63,240
240,64,61,240
240,63,70,960
0,39,56,720
0,51,56,960
240,59,53,120
0,56,53,120
120,55,49,90
0,58,49,90
120,55,49,120
0,58,49,120
120,58,49,120
0,61,49,120
120,44,56,240
0,59,56,240
0,56,56,240
240,68,54,240
240,66,49,240
240,64,48,240
240,63,43,480
240,27,81,120
0,39,90,120
0,51,99,120
240,44,101,120
0,32,90,120