1440,52,55,480
480,45,55,120
240,64,48,120
0,69,48,120
0,76,55,120
0,60,38,120
0,52,31,120
240,48,55,120
240,69,48,120
0,76,48,120
0,81,55,120
0,64,38,120
0,57,31,120
240,47,55,120
240,69,48,120
0,74,48,120
0,81,55,120
0,62,38,120
0,53,31,120
240,52,55,120
240,68,48,120
0,76,48,120
0,80,55,120
0,64,38,120
0,59,31,120
240,48,55,120
240,69,48,120
0,76,55,120
0,64,38,120
0,57,31,120
240,45,55,120
240,72,48,120
0,76,48,120
0,84,55,120
0,64,38,120
0,57,31,120
240,50,56,120
240,84,56,120
0,77,49,120
0,72,49,120
0,65,39,120
0,57,33,120
240,50,58,120
240,71,51,120
0,77,51,120
0,83,58,120
0,65,41,120
0,56,35,120
240,48,60,120
240,81,61,120
0,77,53,120
0,69,53,120
0,65,41,120
0,57,35,120
240,48,61,120
240,88,62,120
0,81,55,120
0,76,55,120
0,64,44,120
0,57,37,120
240,47,63,120
240,74,57,120
0,81,57,120
0,86,64,120
0,62,45,120
0,53,37,120
240,40,66,120
240,88,66,120
0,80,58,120
0,76,58,120
0,62,46,120
0,59,38,120
0,52,38,120
240,45,68,120
240,84,66,120
0,76,58,120
0,72,58,120
0,60,46,120
0,52,38,120
240,47,66,120
240,80,63,120
0,76,56,120
0,68,56,120
0,62,44,120
0,52,37,120
240,48,61,120
240,81,58,120
0,76,51,120
0,69,51,120
0,64,41,120
0,52,35,120
240,45,58,120
240,84,55,120
0,76,48,120
0,72,48,120
0,60,38,120
0,52,31,120
240,40,55,120
240,71,48,120
0,76,48,120
0,83,55,120
0,62,38,120
0,52,31,120
240,45,55,120
240,69,48,120
0,76,48,120
0,81,55,120
0,60,38,120
0,52,31,120
240,47,55,120
240,64,48,120
0,71,48,120
0,76,55,120
0,52,31,120
0,62,38,120
0,56,31,120
240,45,55,120
240,69,48,120
0,76,48,120
0,81,55,120
0,52,31,120
0,60,38,120
0,57,31,120
240,40,55,120
240,76,48,120
0,71,48,120
0,83,55,120
0,52,31,120
0,62,38,120
0,56,31,120
240,45,55,120
240,69,48,120
0,76,48,120
0,81,55,120
0,52,31,120
0,60,38,120
0,57,31,120
240,47,56,120
240,76,57,120
0,71,50,120
0,64,50,120
0,52,35,120
0,62,41,120
0,56,35,120
240,45,60,120
240,69,53,120
0,76,53,120
0,81,61,120
0,57,38,120
0,60,46,120
0,52,38,120
240,43,64,120
240,83,66,120
0,76,58,120
0,71,58,120
0,64,46,120
0,55,38,120
240,45,68,120
240,84,72,120
0,76,62,120
0,72,62,120
0,64,44,120
0,57,37,120
240,47,63,120
240,67,56,120
0,71,56,120
0,79,63,120
0,64,45,120
0,59,37,120
240,47,62,120
240,78,62,120
0,71,55,120
0,69,55,120
0,63,44,120
0,59,37,120
240,52,61,120
240,76,62,120
0,71,55,120
0,68,55,120
0,64,44,120
0,59,37,120
240,51,60,120
240,78,61,120
0,72,53,120
0,69,53,120
0,66,44,120
0,60,37,120
240,50,61,120
240,71,51,120
0,79,58,120
0,77,51,120
0,67,51,120
0,65,41,120
0,59,35,120
240,40,58,120
240,74,48,120
0,80,55,120
0,76,48,120
0,68,48,120
0,64,38,120
0,59,31,120
240,45,55,120
240,69,47,120
0,72,47,120
0,76,47,120
0,81,56,120
0,64,38,120
0,57,31,120
240,48,55,120
240,69,51,120
0,76,51,120
0,81,71,960
0,64,38,120
0,57,31,120
240,47,55,120
240,69,48,120
0,74,57,120
0,62,38,120
0,53,31,120
240,52,55,120
240,68,44,120
0,76,44,120
0,80,53,120
0,64,38,120
0,59,31,120
240,48,55,120
240,69,47,120
0,76,56,120
0,64,38,120
0,57,31,120
240,45,55,120
240,72,52,120
0,76,52,120
0,84,71,960
0,64,38,120
0,57,31,120
240,50,56,120
240,77,56,120
0,72,47,120
0,65,39,120
0,57,33,120
240,50,58,120
240,71,47,120
0,77,47,120
0,83,56,480
0,65,41,120
0,56,35,120
240,48,60,120
240,81,58,240
0,77,49,120
0,69,49,120
0,65,41,120
0,57,35,120
240,48,61,120
240,88,75,480
0,81,51,120
0,76,51,120
0,64,44,120
0,57,37,120
240,47,63,120
240,74,55,120
0,81,55,120
0,86,77,480
0,62,45,120
0,53,37,120
240,40,66,120
240,88,82,480
0,80,58,120
0,76,58,120
0,62,46,120
0,59,38,120
0,52,38,120
240,45,68,120
240,84,77,240
0,76,55,120
0,72,55,120
0,60,46,120
0,52,38,120
240,47,66,120
240,83,66,480
0,76,51,120
0,71,51,120
0,56,37,120
0,62,44,120
0,52,37,120
240,48,61,120
240,81,61,720
0,76,47,120
0,69,47,120
0,57,35,120
0,64,41,120
0,52,35,120
240,45,58,120
240,76,52,120
0,72,44,120
0,60,38,120
0,52,31,120
240,40,55,120
240,71,53,240
0,76,53,240
0,83,71,480
0,62,38,120
0,52,31,120
240,45,55,120
240,69,51,240
0,76,51,240
0,81,66,480
0,60,38,120
0,52,31,120
240,47,55,120
240,64,50,240
0,71,50,240
0,76,64,480
0,52,31,120
0,62,38,120
0,56,31,120
240,45,55,120
240,69,46,240
0,76,46,240
0,81,60,240
0,52,31,120
0,60,38,120
0,57,31,120
240,40,55,120
240,76,50,120
0,71,50,240
0,83,67,480
0,52,31,120
0,62,38,120
0,56,31,120
240,45,55,120
240,69,53,240
0,76,53,120
0,81,69,480
0,52,31,120
0,60,38,120
0,57,31,120
240,47,56,120
240,76,75,480
0,71,58,240
0,64,58,240
0,52,35,120
0,62,41,120
0,56,35,120
240,45,60,120
240,69,57,240
0,76,57,240
0,81,67,240
0,57,38,120
0,60,46,120
0,52,38,120
240,43,64,120
240,83,75,480
0,76,61,240
0,71,61,240
0,64,46,120
0,55,38,120
240,45,68,120
240,84,77,480
0,76,63,240
0,72,63,240
0,64,44,120
0,57,37,120
240,47,63,120
240,67,59,240
0,71,59,240
0,79,73,480
0,64,45,120
0,59,37,120
240,47,62,120
240,78,68,480
0,71,56,240
0,69,56,240
0,63,44,120
0,59,37,120
240,52,61,120
240,76,64,1680
0,71,53,240
0,67,53,240
0,64,44,120
0,59,37,120
240,45,60,120
240,72,53,240
0,69,44,240
0,64,44,120
0,57,37,120
240,52,61,120
240,71,51,240
0,67,42,240
0,64,41,120
0,59,35,120
240,45,58,120
240,72,48,240
0,69,39,240
0,64,38,120
0,57,31,120
240,43,55,120
240,83,61,480
0,76,51,240
0,71,51,240
0,64,38,120
0,55,31,120
240,45,57,120
240,84,64,480
0,76,53,240
0,72,53,240
0,64,37,120
0,57,30,120
240,47,53,120
240,67,49,240
0,71,49,240
0,79,60,480
0,64,37,120
0,59,30,120
240,47,52,120
240,78,56,240
0,71,47,240
0,69,47,240
0,63,37,120
0,59,30,120
240,52,59,120
240,76,63,960
0,71,53,240
0,67,53,240
0,55,36,120
0,64,45,120
0,59,36,120
240,51,63,120
240,71,60,240
0,67,50,240
0,59,40,120
0,64,50,120
0,55,40,120
240,50,72,120
240,77,80,720
0,71,63,240
0,68,53,240
0,56,44,120
0,65,51,120
0,59,44,120
240,49,77,120
240,71,64,240
0,68,52,240
0,56,42,120
0,65,51,120
0,59,42,120
240,48,77,120
240,69,74,480
0,72,74,480
0,81,89,480
0,65,53,120
0,57,44,120
240,48,77,120
240,68,71,480
0,71,71,480
0,80,84,480
0,65,53,120
0,56,44,120
240,48,77,120
240,67,70,120
0,70,70,120
0,79,82,120
0,55,44,120
0,64,53,15
240,48,77,120
240,64,63,120
0,70,63,120
0,72,77,120
0,55,44,120
0,60,53,120
240,48,77,120
240,67,70,120
0,70,70,120
0,79,82,120
0,55,44,120
0,64,53,120
240,48,77,120
240,64,63,120
0,70,63,120
0,72,77,120
0,55,44,120
0,60,53,120
240,48,77,120
240,67,70,120
0,70,70,120
0,79,82,120
0,55,44,120
0,64,53,120
240,53,77,120
240,69,63,120
0,77,77,120
0,57,44,120
0,65,53,120
240,44,61,120
240,65,59,480
0,68,59,480
0,77,70,480
0,61,42,120
0,53,35,120
240,44,61,120
240,64,57,10
0,67,57,480
0,76,67,480
0,61,42,120
0,52,35,120
240,44,61,120
240,63,56,120
0,66,56,120
0,75,66,120
0,51,35,120
0,60,42,120
240,44,61,120
240,60,50,120
0,66,50,120
0,68,61,120
0,51,35,120
0,56,42,120
240,44,61,120
240,66,56,120
0,68,56,120
0,75,66,120
0,51,35,120
0,60,42,120
240,44,61,120
240,60,50,120
0,66,50,120
0,68,61,120
0,51,35,120
0,56,42,120
240,44,61,120
240,66,56,120
0,68,56,120
0,75,66,120
0,51,35,120
0,60,42,120
240,44,61,120
240,68,50,240
0,65,50,240
0,73,61,480
0,53,35,120
0,61,42,120
240,44,61,120
240,63,56,240
0,68,56,240
0,72,66,480
0,51,35,120
0,60,42,120
240,44,61,120
240,61,50,240
0,68,50,240
0,70,62,480
0,49,35,120
0,58,42,120
240,44,62,120
240,60,57,240
0,68,67,480
0,48,35,120
0,56,44,120
240,44,63,120
240,68,52,240
0,66,52,240
0,75,63,480
0,54,36,120
0,63,44,120
240,44,64,120
240,65,59,240
0,68,59,240
0,73,70,480
0,53,37,120
0,61,45,120
240,44,64,120
240,61,53,240
0,68,53,240
0,70,66,480
0,49,37,120
0,58,46,120
240,44,67,120
240,68,61,240
0,65,61,240
0,73,72,480
0,53,38,120
0,61,46,120
240,44,67,120
240,68,56,240
0,63,56,240
0,72,68,480
0,51,38,120
0,60,47,120
240,44,68,120
240,66,62,240
0,68,62,240
0,75,73,480
0,54,39,120
0,63,48,120
240,44,69,120
240,65,57,240
0,68,57,240
0,73,69,480
0,53,39,120
0,61,48,120
240,44,70,120
240,68,64,240
0,63,64,240
0,72,75,480
0,51,40,120
0,60,49,120
240,45,71,120
240,72,58,240
0,66,58,240
0,77,71,480
0,54,40,120
0,65,49,120
240,44,72,120
240,66,66,240
0,72,66,240
0,75,78,480
0,54,41,120
0,63,50,120
240,44,73,120
240,63,60,240
0,66,60,240
0,72,73,480
0,54,41,120
0,60,51,120
240,46,73,120
240,70,68,240
0,66,68,240
0,75,80,480
0,54,42,120
0,63,51,120
240,46,74,120
240,70,62,240
0,65,62,240
0,74,75,480
0,53,42,120
0,62,52,120
240,47,77,120
240,68,71,240
0,74,71,240
0,80,84,480
0,65,53,120
0,56,44,120
240,47,77,120
240,67,71,240
0,74,71,240
0,79,84,480
0,65,53,120
0,55,44,120
240,48,77,120
240,64,70,480
0,70,70,480
0,72,82,240
0,55,44,120
0,60,53,120
240,41,77,120
240,65,63,240
0,68,63,240
0,77,77,240
0,53,44,120
0,60,53,120
240,47,77,120
240,68,70,240
0,74,70,240
0,80,83,240
0,65,53,120
0,56,44,120
240,47,77,120
240,67,71,240
0,74,71,240
0,79,84,240
0,65,53,120
0,55,44,120
240,48,77,120
240,64,70,240
0,70,70,240
0,72,82,240
0,55,44,120
0,60,53,120
240,41,77,120
240,65,63,240
0,68,63,240
0,77,77,240
0,53,44,120
0,60,53,120
240,39,69,120
240,67,62,120
0,72,62,120
0,79,74,120
0,60,48,120
0,51,39,120
240,41,69,120
240,68,63,120
0,72,63,120
0,80,75,120
0,60,48,120
0,53,39,120
240,43,69,120
240,63,62,120
0,67,62,120
0,75,73,120
0,55,39,120
0,60,48,120
240,43,69,120
240,65,57,120
0,67,57,120
0,74,69,120
0,55,39,120
0,59,48,120
240,48,61,120
240,63,56,240
0,67,56,240
0,72,67,1680
0,60,42,120
0,55,35,120
240,41,61,120
240,65,57,240
0,68,57,240
0,60,42,120
0,53,35,120
240,48,61,120
240,63,56,240
0,67,56,240
0,55,35,120
0,60,42,120
240,41,61,120
240,65,50,240
0,68,50,240
0,53,35,120
0,60,42,120
240,39,55,120
240,67,44,480
0,72,44,480
0,79,52,480
0,60,34,120
0,51,27,120
240,41,49,120
240,68,45,480
0,72,45,480
0,80,53,480
0,53,27,120
0,60,34,120
240,43,49,120
240,63,44,480
0,67,44,480
0,75,51,480
0,60,34,120
0,55,27,120
240,43,49,120
240,65,39,240
0,67,39,240
0,74,49,480
0,59,34,120
0,55,27,120
240,48,42,120
240,63,39,240
0,67,39,240
0,72,47,1680
0,60,29,120
0,55,24,120
240,41,39,120
240,65,45,240
0,68,45,240
0,60,34,120
0,53,27,120
240,48,41,120
240,63,44,240
0,67,44,240
0,55,27,120
0,60,34,120
240,41,42,120
240,65,39,240
0,68,39,240
0,53,27,120
0,60,34,120
240,39,58,120
240,67,57,480
0,72,57,480
0,79,68,480
0,60,44,120
0,51,35,120
240,41,64,120
240,68,60,480
0,72,60,480
0,80,72,480
0,60,46,120
0,53,36,120
240,44,68,120
240,72,59,480
0,77,59,480
0,84,73,480
0,60,37,120
0,56,37,120
0,65,47,120
240,43,70,120
240,74,53,240
0,79,53,240
0,83,72,240
0,62,39,120
0,55,39,120
0,67,49,120
240,48,71,120
240,82,63,480
0,70,52,480
0,76,52,480
0,67,42,120
0,60,34,120
240,53,60,120
240,68,53,480
0,72,53,480
0,80,64,480
0,65,40,120
0,60,33,120
240,55,57,120
240,67,50,480
0,75,50,480
0,79,59,480
0,60,30,120
0,63,38,120
240,43,55,120
240,65,39,240
0,67,39,240
0,71,50,480
0,55,27,120
0,62,35,120
240,48,49,120
240,64,44,240
0,67,44,240
0,72,52,480
0,55,27,120
0,60,34,120
240,47,49,120
240,65,39,240
0,68,39,240
0,73,49,480
0,56,27,120
0,61,34,120
240,48,49,120
240,67,45,240
0,64,45,240
0,72,52,480
0,55,27,120
0,60,35,120
240,47,50,120
240,68,41,240
0,65,41,240
0,74,50,480
0,56,28,120
0,62,35,120
240,48,51,120
240,64,47,240
0,67,47,240
0,72,56,480
0,55,29,120
0,60,35,120
240,47,51,120
240,65,42,240
0,68,42,240
0,73,52,480
0,56,29,120
0,61,36,120
240,48,52,120
240,67,49,240
0,64,49,240
0,72,58,480
0,55,29,120
0,60,36,120
240,47,52,120
240,68,44,240
0,65,44,240
0,74,53,480
0,56,29,120
0,62,37,120
240,48,53,120
240,64,49,240
0,67,49,240
0,72,58,480
0,55,29,120
0,60,37,120
240,47,52,120
240,65,42,240
0,68,42,240
0,74,52,480
0,56,29,120
0,62,36,120
240,48,52,120
240,67,48,240
0,64,48,240
0,72,57,480
0,55,29,120
0,60,36,120
240,47,51,120
240,68,41,240
0,65,41,240
0,73,51,480
0,56,29,120
0,61,35,120
240,48,51,120
240,64,47,240
0,67,47,240
0,72,55,480
0,55,29,120
0,60,35,120
240,47,50,120
240,65,40,240
0,68,40,240
0,74,50,480
0,56,28,120
0,62,35,120
240,47,49,120
240,69,45,240
0,66,45,240
0,75,52,480
0,57,28,120
0,63,34,120
240,40,49,120
240,68,39,240
0,64,39,240
0,76,49,480
0,59,27,120
0,52,27,120
0,62,34,120
240,45,55,120
240,64,50,240
0,69,50,240
0,76,50,480
0,60,38,120
0,52,30,120
240,48,64,120
240,81,70,960
0,69,60,240
0,76,60,240
0,64,45,120
0,57,37,120
240,47,64,120
240,74,60,240
0,69,59,240
0,53,37,120
0,62,45,120
240,52,64,120
240,68,53,240
0,76,53,240
0,80,64,240
0,59,37,120
0,64,45,120
240,48,55,120
240,64,50,120
0,69,50,240
0,76,50,240
0,64,38,120
0,57,30,120
240,45,64,120
240,84,70,960
0,69,60,240
0,76,60,240
0,57,37,120
0,64,45,120
240,50,64,120
240,77,60,240
0,72,59,240
0,57,37,120
0,65,45,120
240,50,64,120
240,71,53,240
0,83,64,480
0,77,53,240
0,65,45,120
0,56,37,120
240,48,55,120
240,81,64,240
0,69,48,120
0,77,55,120
0,65,38,120
0,57,31,120
240,48,61,120
240,88,68,120
0,81,55,120
0,76,55,120
0,64,44,120
0,57,37,120
240,47,63,120
240,74,57,120
0,81,57,120
0,86,70,120
0,62,45,120
0,53,37,120
240,40,66,120
240,88,72,120
0,80,58,120
0,76,58,120
0,62,46,120
0,59,38,120
0,52,38,120
240,45,68,120
240,84,72,120
0,76,58,120
0,72,58,120
0,60,46,120
0,52,38,120
240,47,66,120
240,80,63,120
0,76,56,120
0,68,56,120
0,62,44,120
0,52,37,120
240,48,61,120
240,81,58,120
0,76,51,120
0,69,51,120
0,64,41,120
0,52,35,120
240,45,58,120
240,84,55,120
0,76,48,120
0,72,48,120
0,60,38,120
0,52,31,120
240,40,55,120
240,71,48,120
0,76,48,120
0,83,55,120
0,62,38,120
0,52,31,120
240,45,55,120
240,69,48,120
0,76,48,120
0,81,55,120
0,60,38,120
0,52,31,120
240,47,55,120
240,64,48,120
0,71,48,120
0,76,55,120
0,52,31,120
0,62,38,120
0,56,31,120
240,45,55,120
240,69,48,120
0,76,48,120
0,81,55,120
0,52,31,120
0,60,38,120
0,57,31,120
240,40,55,120
240,76,48,120
0,71,48,120
0,83,55,120
0,52,31,120
0,62,38,120
0,56,31,120
240,45,55,120
240,69,48,120
0,76,48,120
0,81,55,120
0,52,31,120
0,60,38,120
0,57,31,120
240,47,56,120
240,76,57,120
0,71,50,120
0,64,50,120
0,52,35,120
0,62,41,120
0,56,35,120
240,45,60,120
240,69,53,120
0,76,53,120
0,81,61,120
0,57,38,120
0,60,46,120
0,52,38,120
240,43,64,120
240,83,66,120
0,76,58,120
0,71,58,120
0,64,46,120
0,55,38,120
240,45,68,120
240,84,72,120
0,76,62,120
0,72,62,120
0,64,44,120
0,57,37,120
240,47,63,120
240,67,56,120
0,71,56,120
0,79,63,120
0,64,45,120
0,59,37,120
240,47,62,120
240,78,62,120
0,71,55,120
0,69,55,120
0,63,44,120
0,59,37,120
240,52,61,120
240,76,62,120
0,71,55,120
0,68,55,120
0,64,44,120
0,59,37,120
240,51,60,120
240,78,61,120
0,72,53,120
0,69,53,120
0,66,44,120
0,60,37,120
240,50,61,120
240,71,51,120
0,79,58,120
0,77,51,120
0,67,51,120
0,65,41,120
0,59,35,120
240,40,58,120
240,74,48,120
0,80,55,120
0,76,48,120
0,68,48,120
0,64,38,120
0,59,31,120
240,45,55,120
240,69,47,120
0,72,47,120
0,76,47,120
0,81,56,120
0,64,38,120
0,57,31,120
240,48,55,120
240,69,51,120
0,76,51,120
0,81,71,960
0,64,38,120
0,57,31,120
240,47,55,120
240,69,48,120
0,74,57,120
0,62,38,120
0,53,31,120
240,52,55,120
240,68,44,120
0,76,44,120
0,80,53,480
0,64,38,120
0,59,31,120
240,48,55,120
240,81,58,480
0,69,47,120
0,76,56,120
0,64,38,120
0,57,31,120
240,45,55,120
240,72,52,120
0,76,52,120
0,84,71,960
0,64,38,120
0,57,31,120
240,50,56,120
240,77,56,120
0,72,47,120
0,65,39,120
0,57,33,120
240,50,58,120
240,71,47,120
0,77,47,120
0,83,56,480
0,65,41,120
0,56,35,120
240,48,60,120
240,81,58,480
0,77,49,120
0,69,49,120
0,65,41,120
0,57,35,120
240,48,61,120
240,88,73,480
0,81,51,120
0,76,51,120
0,64,44,120
0,57,37,120
240,47,63,120
240,74,55,120
0,81,55,120
0,86,70,480
0,62,45,120
0,53,37,120
240,40,66,120
240,88,82,480
0,80,58,120
0,76,58,120
0,62,46,120
0,59,38,120
0,52,38,120
240,45,68,120
240,84,70,240
0,76,55,240
0,72,55,240
0,57,38,120
0,60,46,120
0,52,38,120
240,47,66,120
240,83,66,480
0,76,51,240
0,71,51,240
0,56,37,120
0,62,44,120
0,52,37,120
240,48,61,120
240,81,61,720
0,76,47,240
0,69,47,240
0,57,35,120
0,64,41,120
0,52,35,120
240,45,58,120
240,76,52,240
0,72,44,240
0,57,31,120
0,60,38,120
0,52,31,120
240,40,55,120
240,71,53,240
0,76,53,240
0,83,69,480
0,62,38,120
0,52,31,120
240,45,55,120
240,69,51,240
0,76,51,240
0,81,66,480
0,60,38,120
0,52,31,120
240,47,55,120
240,64,50,240
0,71,50,240
0,76,64,480
0,52,31,120
0,62,38,120
0,56,31,120
240,45,55,120
240,69,46,240
0,76,46,240
0,81,60,480
0,52,31,120
0,60,38,120
0,57,31,120
240,40,55,120
240,76,50,240
0,71,50,240
0,83,64,480
0,52,31,120
0,62,38,120
240,45,55,120
240,69,53,240
0,76,53,240
0,81,69,480
0,52,31,120
0,60,38,120
240,47,56,120
240,76,75,480
0,71,58,240
0,64,58,240
0,52,35,120
0,62,41,120
240,49,60,120
240,67,57,240
0,70,57,240
0,79,67,240
0,58,38,120
0,64,46,120
240,50,64,960
240,78,75,240
0,70,61,240
0,66,61,240
0,62,46,120
0,58,38,120
240,53,68,120
240,77,77,240
0,70,63,240
0,65,63,240
0,62,44,120
0,58,37,120
240,38,63,120
240,65,59,240
0,70,59,240
0,74,73,240
0,58,45,120
0,53,37,120
240,40,62,120
240,71,63,240
0,68,52,240
0,62,52,240
0,59,41,120
0,52,35,120
240,45,58,120
240,69,61,1680
0,60,50,240
0,57,41,120
0,52,35,120
240,50,57,120
240,65,50,240
0,62,41,240
0,57,41,120
0,53,35,120
240,45,58,120
240,64,48,240
0,60,40,240
0,57,39,120
0,52,33,120
240,50,55,120
240,65,45,240
0,62,37,240
0,57,36,120
0,53,29,120
240,45,51,120
240,64,38,480
0,60,38,480
0,57,28,120
0,52,23,120
240,36,45,120
240,76,51,480
0,69,42,480
0,64,42,480
0,57,29,120
0,52,24,120
240,38,42,120
240,65,39,240
0,70,39,240
0,74,50,480
0,58,29,120
0,53,24,120
240,40,41,120
240,71,44,480
0,68,37,480
0,62,37,480
0,59,29,120
0,52,24,120
240,45,44,120
240,69,50,2400
0,60,42,240
0,52,25,120
0,57,30,120
240,50,41,120
240,65,45,240
0,62,37,240
0,57,28,120
0,53,23,120
240,45,39,120
240,64,47,240
0,60,40,240
0,52,25,120
0,57,30,120
240,50,38,120
240,65,48,240
0,62,39,240
0,53,27,120
0,57,33,120
240,45,40,120
240,60,41,240
0,64,50,240
0,57,34,120
0,52,28,120
240,48,64,120
240,64,63,240
0,69,63,240
0,76,75,480
0,60,48,120
0,52,39,120
240,47,62,120
240,69,62,240
0,75,62,240
0,81,73,480
0,59,39,120
0,65,48,120
240,52,62,120
240,68,57,240
0,76,57,240
0,80,69,480
0,59,39,120
0,64,48,7
240,45,69,120
240,67,62,240
0,73,62,240
0,79,73,480
0,57,39,120
0,64,48,10
240,50,59,120
240,66,57,240
0,74,57,240
0,78,69,480
0,57,39,120
0,62,48,120
240,38,59,120
240,65,52,240
0,70,52,240
0,77,62,480
0,53,33,120
0,58,40,120
240,40,41,120
240,71,44,480
0,68,37,480
0,62,37,480
0,59,29,120
0,52,24,120
240,45,44,120
240,64,42,240
0,69,50,720
0,60,42,240
0,52,25,120
0,57,30,120
240,50,41,120
240,65,48,720
0,62,39,240
0,57,30,120
0,53,25,120
240,38,39,120
240,74,47,480
0,70,40,480
0,53,25,120
0,58,30,120
240,40,38,120
240,62,35,480
0,71,42,480
0,68,35,480
0,52,24,120
0,59,28,120
240,41,36,120
240,60,37,480
0,69,45,480
0,57,29,120
0,53,25,120
240,36,55,120
240,64,50,11
0,69,50,480
0,76,60,480
0,57,38,120
0,48,30,120
240,38,55,120
240,65,49,480
0,70,49,480
0,74,58,480
0,50,30,120
0,58,38,120
240,40,55,120
240,62,45,480
0,68,55,480
0,52,30,120
0,59,38,120
240,45,41,120
240,69,47,960
0,60,40,240
0,52,23,120
0,57,28,120
240,50,39,120
240,65,45,240
0,62,37,240
0,57,28,120
0,53,23,120
240,45,38,120
240,72,46,480
0,64,46,240
0,60,39,240
0,52,24,120
0,57,29,120
240,50,36,120
240,70,42,480
0,65,38,240
0,62,37,240
0,53,26,120
0,57,30,120
240,45,39,120
240,64,37,240
0,69,42,960
0,60,37,240
0,52,20,120
0,57,26,120
240,50,36,120
240,65,40,240
0,62,33,240
0,57,25,120
0,53,20,120
240,45,35,120
240,72,41,480
0,64,41,240
0,60,35,240
0,52,22,120
0,57,26,120
240,45,33,240
240,70,38,240
0,65,35,240
0,62,34,240
0,50,23,240
0,58,28,240
240,45,27,3840
120,50,27,1800
120,53,33,3600
120,58,33,1560
120,62,35,3360
120,65,40,3240
120,70,49,2160
2160,74,41,480
480,73,41,480
480,45,27,1920
120,52,27,1800
120,57,33,1680
120,61,35,1560
120,64,35,1440