4,83,103,960
0,79,94,960
0,77,94,960
0,74,94,960
0,71,94,960
231,68,73,132
126,67,73,132
116,65,79,132
126,62,72,132
118,63,72,132
119,62,71,132
118,59,79,132
126,55,72,132
120,56,72,132
119,55,70,132
113,53,79,132
128,50,71,132
118,51,71,132
118,50,68,132
118,47,79,132
117,43,71,132
121,44,71,132
123,43,69,132
117,41,79,132
120,38,71,132
129,39,71,132
114,38,68,132
117,36,76,158
119,31,69,158
120,36,70,158
124,31,68,158
121,80,102,360
0,75,93,360
0,77,93,360
0,68,93,360
0,36,74,158
121,31,71,158
120,36,75,158
119,67,87,120
0,79,95,120
1,31,74,132
115,35,79,120
4,86,106,960
0,77,96,960
0,79,96,960
0,74,96,960
242,68,71,132
117,67,70,132
119,65,79,132
117,62,72,132
126,63,72,132
122,62,70,132
120,59,79,132
117,55,71,132
118,56,71,132
126,55,68,132
118,53,79,132
123,50,72,132
120,51,72,132
115,50,70,132
116,47,79,132
124,43,71,132
117,44,71,132
127,43,70,132
113,41,79,132
126,38,71,132
121,39,71,132
121,38,69,132
120,36,79,158
116,31,72,158
118,36,73,158
118,31,73,158
121,36,76,158
2,80,101,360
0,75,92,360
0,77,92,360
0,68,92,360
124,31,76,158
111,36,79,158
124,31,76,132
1,67,88,120
0,79,95,120
116,35,79,120
4,77,96,240
0,89,106,240
0,79,96,240
0,86,96,240
242,92,87,132
0,80,79,132
113,91,80,132
8,79,71,132
112,89,87,132
7,77,79,132
118,74,71,132
5,86,77,132
111,75,71,132
2,87,77,132
120,86,76,132
1,74,70,132
122,83,87,132
3,71,79,132
111,67,70,132
7,79,77,132
118,68,70,132
4,80,77,132
118,79,76,132
0,67,69,132
117,65,79,132
1,77,87,132
116,62,71,132
1,74,77,132
126,75,77,132
2,63,71,132
115,74,76,132
5,62,69,132
115,71,87,132
1,59,79,132
117,55,71,132
7,67,77,132
115,56,71,132
3,68,77,132
113,67,76,132
3,55,69,132
122,65,87,132
3,53,79,132
114,50,71,132
1,62,77,132
121,51,71,132
3,63,77,132
114,50,69,132
4,62,76,132
120,59,87,132
4,47,79,132
113,55,77,132
0,43,71,132
118,56,77,132
7,44,71,132
114,55,76,132
4,43,69,132
116,41,79,132
2,53,87,132
124,50,77,132
0,38,71,132
117,51,77,132
4,39,71,132
115,38,70,132
6,50,76,132
115,36,62,120
3,48,69,120
115,47,69,120
6,35,62,120
111,43,67,120
1,55,73,120
126,53,72,132
3,41,66,132
115,51,71,132
1,39,65,132
114,50,70,132
0,38,65,132
125,39,64,132
2,51,69,132
115,38,63,132
3,50,69,132
116,48,69,132
8,36,63,132
117,35,62,120
4,47,68,120
111,58,76,132
6,46,70,132
115,44,68,132
7,56,74,132
118,55,76,132
2,43,69,132
112,41,69,132
2,53,74,132
118,43,68,132
3,55,74,132
116,53,73,132
8,41,68,132
115,39,67,132
7,51,73,132
117,50,73,120
3,38,67,120
111,63,82,132
2,51,76,132
120,50,73,132
6,62,83,132
112,48,74,132
8,60,84,132
117,59,85,132
2,47,75,132
114,60,85,132
7,48,76,132
112,59,87,132
6,47,77,132
119,44,79,132
2,56,88,132
117,55,89,132
3,43,80,132
113,56,90,132
1,44,81,132
119,43,83,132
4,55,89,132
115,41,83,132
8,53,92,132
112,39,85,132
4,51,94,132
119,53,97,132
5,41,88,132
118,51,102,132
3,39,90,132
112,36,92,120
1,48,104,240
124,43,49,132
114,48,50,2
121,50,52,132
123,51,54,132
124,55,55,132
119,60,57,132
118,62,59,132
115,63,60,132
124,62,59,132
118,60,57,132
125,55,57,132
116,51,57,132
121,50,56,132
118,48,55,132
124,43,54,132
119,36,56,132
121,43,59,132
115,48,62,132
124,50,63,132
125,51,68,132
117,50,66,132
123,48,63,132
112,43,59,120
121,36,56,132
118,43,59,132
129,48,63,132
115,84,95,130
0,72,87,130
0,50,65,132
120,74,93,370
0,86,102,370
5,51,67,132
111,50,65,132
125,48,63,132
115,43,61,120
4,75,97,120
0,87,107,120
119,36,59,132
1,75,104,960
0,87,114,960
125,43,46,132
110,48,47,132
129,50,49,132
114,51,51,132
119,55,52,132
126,60,54,132
116,62,55,132
118,63,57,132
124,62,55,132
120,60,54,132
118,55,52,132
1,72,47,120
0,67,47,120
0,75,47,120
0,79,47,120
120,67,47,360
0,72,47,360
0,75,47,360
0,79,47,360
0,51,50,132
121,50,49,132
120,48,47,132
119,67,54,120
0,72,54,120
0,75,54,120
0,79,54,120
4,43,43,120
116,80,55,960
0,72,55,960
0,75,55,960
0,68,55,960
4,36,33,132
117,43,36,132
121,48,39,132
119,50,40,132
118,51,45,132
118,50,46,132
126,48,45,132
118,43,43,120
119,67,47,240
0,72,47,240
0,75,47,240
0,79,47,240
4,36,40,132
113,43,45,132
120,48,50,132
123,84,95,130
0,72,87,130
1,50,54,132
119,74,92,370
0,86,101,370
2,51,59,132
119,50,57,132
117,48,57,132
122,75,97,120
0,87,107,120
0,43,55,120
115,36,53,132
5,75,103,960
0,87,113,960
123,43,51,132
118,48,53,132
120,50,54,132
121,51,56,132
121,55,57,132
113,60,60,132
125,62,62,132
123,63,64,132
121,62,61,132
116,60,59,132
119,67,69,120
0,72,69,120
0,75,69,120
0,79,76,120
3,55,57,132
112,51,55,132
5,67,69,360
0,72,69,360
0,75,69,360
0,79,76,360
122,50,52,132
123,48,50,132
113,43,48,120
2,79,82,120
0,72,75,120
0,75,75,120
0,67,75,120
120,69,84,1920
0,72,84,1920
0,75,84,1920
0,81,92,1920
1,36,77,132
117,42,53,132
118,48,56,132
120,50,54,132
128,51,56,132
120,50,57,132
119,48,57,132
113,42,59,120
122,36,77,132
117,42,56,132
120,48,59,132
127,50,57,132
122,51,57,132
116,50,60,132
119,48,62,132
120,42,60,120
119,35,70,132
2,74,95,300
0,81,95,240
0,86,105,300
120,47,54,132
120,50,57,132
116,55,61,132
122,62,61,132
2,79,91,480
0,67,83,480
0,74,83,480
123,55,60,132
115,50,59,132
126,47,61,120
121,34,57,132
119,46,59,132
118,49,62,132
116,55,64,132
2,67,66,120
0,73,66,120
0,79,72,120
120,73,81,360
0,68,81,360
0,80,89,360
5,61,67,132
111,55,65,132
119,49,66,132
125,73,65,120
0,67,65,120
0,79,71,120
3,46,65,120
117,67,74,250
0,72,74,240
0,79,81,250
0,33,60,132
121,45,62,132
119,72,70,120
0,84,76,120
5,48,63,132
110,53,65,132
125,65,77,480
0,72,77,480
0,77,86,480
4,60,67,132
118,53,60,132
116,48,62,132
118,45,60,120
124,32,57,132
117,44,59,132
121,48,59,132
122,65,63,120
0,72,63,120
0,77,69,120
5,53,56,132
115,67,79,360
0,72,79,360
0,79,87,360
1,60,61,132
121,53,57,132
114,48,55,132
124,65,63,120
0,72,63,120
0,77,69,120
0,44,51,120
119,31,47,132
1,64,76,1800
0,72,76,1800
0,76,84,1800
120,43,47,132
123,48,48,132
117,47,47,132
119,49,51,132
123,48,53,132
118,50,55,132
121,49,54,132
118,51,56,132
116,50,55,132
127,52,57,132
114,51,57,132
125,53,59,132
123,52,60,132
116,54,57,132
120,63,70,120
0,75,70,120
3,53,57,132
117,71,75,960
0,63,75,480
0,75,75,480
0,55,54,132
119,54,54,132
124,56,54,132
118,55,54,132
117,58,54,132
2,62,63,480
0,74,63,480
125,56,54,132
116,55,54,132
115,53,54,132
123,51,54,132
117,50,54,132
127,48,52,132
122,47,51,132
116,44,47,132
114,43,44,132
123,41,40,132
117,38,37,120
127,36,31,132
114,43,32,132
128,48,35,132
120,50,36,132
117,51,39,132
121,55,40,132
122,60,43,132
111,62,44,132
121,63,47,132
126,62,44,132
119,60,43,132
116,55,41,132
118,51,39,132
121,50,37,132
125,48,35,132
117,43,33,120
120,36,31,132
121,43,35,132
123,48,39,132
121,50,43,132
120,51,45,132
117,50,42,132
121,48,39,132
122,43,35,120
121,36,32,132
112,43,34,132
125,48,37,132
118,50,40,132
1,72,61,130
0,84,67,130
117,51,44,132
3,86,67,370
0,74,61,370
116,50,44,132
128,48,42,132
111,43,38,120
5,75,62,120
0,87,68,120
119,36,31,132
1,75,72,960
0,87,79,960
121,43,33,132
117,48,35,132
123,50,36,132
116,51,39,132
121,55,40,132
118,60,42,132
127,62,43,132
113,63,47,132
122,62,46,132
125,60,44,132
117,67,51,120
0,72,51,120
0,75,51,120
0,79,56,120
4,55,43,132
116,67,51,360
0,72,51,360
0,75,51,360
0,79,56,360
3,51,41,132
120,50,39,132
118,48,38,132
117,43,36,120
2,67,51,120
0,72,51,120
0,75,51,120
0,79,56,120
120,68,60,960
0,72,60,960
0,75,60,960
0,80,66,960
4,36,38,132
113,43,41,132
127,48,43,132
113,50,47,132
120,51,50,132
123,50,47,132
125,48,45,132
110,43,43,120
120,36,41,132
5,79,56,240
0,72,51,240
0,75,51,240
0,67,51,240
120,43,43,132
119,48,44,132
117,50,49,132
4,72,72,130
0,84,79,130
117,51,51,132
3,74,84,370
0,86,92,370
124,50,51,132
113,48,49,132
119,43,47,120
4,75,92,120
0,87,101,120
116,36,47,132
4,75,97,960
0,87,107,960
125,43,47,132
110,48,48,132
120,50,50,132
120,51,51,132
123,55,51,132
127,60,54,132
114,62,55,132
120,63,57,132
126,62,55,132
119,60,55,132
116,79,81,120
0,72,74,120
0,75,74,120
0,67,74,120
0,55,53,132
120,67,74,360
0,72,74,360
0,75,74,360
0,79,81,360
4,51,51,132
118,50,50,132
117,48,48,132
118,43,47,120
3,67,76,120
0,72,76,120
0,75,76,120
0,79,83,120
115,36,57,132
5,81,95,1920
0,75,87,1920
0,77,87,1920
0,69,87,1920
120,43,48,132
125,48,50,132
114,50,51,132
118,51,54,132
124,50,52,132
116,48,51,132
123,41,49,120
125,36,57,132
114,43,49,132
125,48,51,132
111,50,53,132
130,51,55,132
116,50,54,132
122,48,53,132
117,41,51,120
116,38,73,132
4,70,71,720
0,77,71,720
0,82,77,720
117,46,42,132
122,47,42,132
116,46,41,120
124,58,57,132
116,46,44,132
125,70,73,480
0,77,73,480
0,82,80,480
2,47,44,132
122,46,43,120
111,39,72,132
128,46,46,132
117,70,76,480
0,79,76,480
0,82,84,480
2,47,47,132
120,46,47,120
121,58,63,132
117,46,49,132
120,79,79,480
0,71,79,480
0,83,87,480
2,47,49,132
114,46,49,120
126,40,77,132
121,46,52,132
117,79,82,480
0,72,82,480
0,82,82,480
0,84,90,480
3,48,52,132
112,46,51,120
129,58,63,132
118,46,54,132
118,73,85,480
0,85,93,480
0,82,85,480
2,48,54,132
113,46,56,120
126,41,84,132
124,46,57,132
110,58,57,132
5,74,89,250
0,82,89,240
0,86,97,250
118,46,57,120
118,42,73,132
4,75,90,250
0,82,90,240
0,87,99,250
125,46,60,132
115,76,92,250
0,82,92,240
0,88,101,250
1,58,60,132
117,46,59,120
122,82,97,960
0,89,107,960
0,86,97,960
0,77,97,960
5,41,79,132
114,46,63,132
123,50,65,132
115,53,68,132
119,58,71,132
121,62,73,120
123,67,74,180
180,65,76,60
60,82,90,480
0,74,90,480
0,77,90,480
0,86,99,840
0,65,79,132
124,62,76,132
115,58,76,132
116,55,73,132
125,75,84,480
0,77,84,480
0,81,84,480
3,53,71,132
113,51,67,132
129,48,65,132
115,84,85,120
3,41,61,132
117,74,76,240
0,82,83,240
4,34,61,120
113,49,63,132
123,48,62,132
115,47,59,132
128,46,57,132
113,48,63,132
123,47,61,132
119,46,59,132
127,45,56,132
110,47,64,132
122,46,61,132
120,45,59,132
120,44,64,132
119,46,55,132
125,45,61,132
123,44,66,120
116,71,83,1440
0,75,83,1440
0,80,83,1440
0,83,91,1440
5,32,71,120
232,43,50,132
126,44,52,132
119,47,53,132
120,51,56,132
123,46,52,132
115,47,53,132
125,51,56,132
117,56,57,132
114,50,54,132
125,51,56,132
119,75,72,360
0,68,66,360
0,71,66,360
0,63,66,360
1,56,59,132
118,59,62,132
126,55,61,132
115,65,74,120
0,77,81,120
0,56,65,120
120,78,91,1440
0,70,83,1440
0,75,83,1440
0,66,83,1440
1,39,71,60
119,63,55,132
117,53,56,132
122,54,55,132
119,58,59,132
117,63,61,132
128,50,51,132
114,51,54,132
118,54,59,132
124,58,61,132
122,45,54,132
114,46,56,132
122,51,57,132
3,66,73,360
0,78,80,360
116,54,61,132
126,41,63,132
117,42,69,120
1,80,85,120
0,68,76,120
120,81,91,1440
0,69,83,1440
0,73,83,1440
0,78,83,1440
1,30,74,120
241,41,49,132
117,42,50,132
123,45,52,132
117,49,55,132
125,44,51,132
117,45,52,132
116,49,54,132
128,54,56,132
119,48,54,132
115,49,56,132
121,73,76,360
0,66,70,360
0,69,70,360
0,61,70,360
5,54,57,132
112,57,61,132
127,53,65,132
116,63,77,120
0,75,86,120
1,54,67,120
118,37,70,60
1,76,91,1440
0,68,83,1440
0,73,83,1440
0,64,83,457
121,61,60,132
121,51,53,132
113,52,56,132
123,56,59,132
119,61,61,132
122,48,54,132
125,49,55,132
118,52,59,132
121,56,62,132
121,43,53,132
115,44,56,132
120,49,57,132
1,64,73,360
0,76,80,360
124,52,61,132
114,39,62,132
121,40,65,120
1,66,77,120
0,78,86,120
120,68,83,1440
0,75,83,1440
0,78,83,1440
0,80,91,1440
1,36,70,60
117,63,60,132
125,55,57,132
120,56,59,132
120,57,60,132
120,56,61,132
113,54,63,132
121,52,64,132
120,51,66,132
125,49,65,132
123,48,68,132
114,45,70,132
121,80,88,360
0,75,80,360
0,78,80,360
0,68,80,360
0,43,71,132
116,44,71,132
128,39,74,132
113,44,75,120
3,70,84,120
0,82,92,120
120,83,99,480
0,77,91,480
0,80,91,480
0,71,91,480
0,38,77,60
122,65,73,132
117,57,73,132
123,58,71,132
113,59,72,132
5,70,91,960
0,77,91,960
0,80,91,960
0,82,99,960
115,58,69,132
120,56,71,132
120,54,69,132
123,53,68,132
120,51,67,132
124,50,67,132
114,47,66,132
123,45,64,132
1,70,93,360
0,77,93,360
0,80,93,360
0,82,102,360
115,46,63,132
127,41,63,132
118,72,93,120
0,84,102,120
2,46,62,120
115,40,60,60
3,73,95,480
0,79,95,480
0,82,95,480
0,85,106,480
122,67,57,132
119,59,57,132
121,60,56,132
118,82,90,480
0,72,90,480
0,79,90,480
0,84,97,480
0,61,59,132
116,60,59,132
124,58,59,132
115,56,57,132
130,55,57,132
115,53,57,132
125,52,57,132
118,55,55,132
117,53,56,132
122,52,56,132
120,49,55,132
117,48,52,132
120,47,55,132
116,48,55,132
128,49,57,132
113,48,55,132
119,46,57,132
123,44,59,132
125,43,60,132
114,41,62,132
121,40,63,145
122,37,63,145
115,36,67,145
124,35,67,145
121,36,71,145
121,34,70,145
122,32,74,145
116,31,73,120
119,29,76,132
2,92,104,960
0,89,95,960
0,84,95,960
0,80,95,960
124,36,63,132
121,41,63,132
116,43,63,132
124,44,63,132
110,48,64,132
126,53,68,132
123,55,68,132
115,56,72,132
1,89,95,480
0,84,88,480
0,77,88,480
118,60,75,132
120,65,76,132
117,67,77,132
125,72,84,480
0,77,84,480
0,84,92,480
1,68,79,132
118,67,77,132
116,65,71,132
120,60,67,120
125,77,87,1440
0,70,87,960
0,82,95,960
0,61,64,132
124,65,63,132
121,61,62,132
114,56,61,132
124,53,59,132
118,49,57,132
122,44,57,132
121,41,56,120
116,68,71,480
0,80,77,480
1,37,55,158
120,32,54,158
114,37,55,158
128,41,52,144
117,37,55,158
121,32,54,158
120,37,55,158
120,41,53,120
119,80,84,960
0,89,84,960
0,84,84,960
0,92,92,960
3,29,55,132
119,36,53,132
116,41,55,132
117,43,53,132
122,44,56,132
121,48,57,132
119,53,57,132
126,55,57,132
116,56,59,132
1,89,87,480
0,84,79,480
0,77,79,480
124,60,57,132
112,65,59,132
126,67,57,132
118,72,79,480
0,77,79,480
0,84,87,480
1,68,60,132
123,67,63,132
113,65,60,132
123,60,57,120
120,72,86,1440
0,77,86,1440
0,84,94,1440
4,62,59,132
119,65,57,132
122,62,59,132
112,60,57,132
127,56,59,132
119,53,59,132
122,50,59,132
119,48,57,132
120,44,57,132
117,41,57,132
116,38,57,132
124,36,55,132
116,32,57,132
3,71,75,360
0,77,75,360
0,83,82,360
117,36,61,132
126,38,65,132
117,72,85,120
0,84,93,120
3,44,68,120
113,31,79,240
4,74,93,960
0,83,93,960
0,77,93,960
0,86,102,960
2,43,79,240
238,68,73,132
115,67,72,132
128,65,79,132
121,62,72,132
112,63,72,132
122,62,69,132
123,59,79,132
119,55,72,132
123,56,72,132
114,55,70,132
126,53,79,132
122,50,71,132
110,51,71,132
127,50,70,132
120,47,79,132
114,43,70,132
119,44,71,132
123,43,69,132
124,41,79,132
122,38,70,132
117,39,71,132
118,38,68,120
124,36,79,158
114,31,69,158
125,36,72,158
115,31,71,158
120,36,75,158
3,68,94,360
0,75,94,360
0,77,94,360
0,80,103,360
125,31,76,158
113,36,77,158
117,31,76,120
5,67,89,120
0,79,97,120
120,89,107,960
0,86,97,960
0,77,97,960
0,79,97,960
3,35,79,120
233,68,71,132
119,67,71,132
120,65,79,132
123,62,72,132
124,63,72,132
116,62,71,132
121,59,79,132
120,55,71,132
116,56,71,132
125,55,69,132
122,53,79,132
116,50,72,132
124,51,72,132
122,50,71,132
116,47,79,132
121,43,71,132
114,44,71,132
125,43,70,132
117,41,79,132
122,38,71,132
125,39,71,132
116,38,70,132
115,36,79,132
126,31,71,132
121,36,73,132
121,31,74,132
117,80,95,360
0,75,88,360
0,77,88,360
0,68,88,360
4,36,76,132
120,31,76,132
114,36,79,132
122,67,84,120
0,79,92,120
4,31,79,120
116,77,98,240
0,86,98,240
0,79,98,240
0,91,108,240
0,35,79,120
242,92,87,132
0,80,79,132
116,79,71,132
5,91,80,132
118,77,79,132
3,89,87,132
114,74,71,132
5,86,77,132
118,75,71,132
3,87,77,132
118,74,70,132
2,86,76,132
113,71,79,132
8,83,87,132
115,79,77,132
1,67,70,132
118,80,77,132
1,68,70,132
116,79,76,132
9,67,69,132
113,77,87,132
4,65,79,132
121,62,71,132
1,74,77,132
115,75,77,132
2,63,71,132
115,74,76,132
3,62,69,132
116,71,87,132
8,59,79,132
119,67,77,132
1,55,71,132
120,68,77,132
2,56,71,132
110,67,76,132
2,55,69,132
118,65,87,132
6,53,79,132
118,62,77,132
6,50,71,132
116,51,71,132
1,63,77,132
121,62,76,132
2,50,69,132
111,59,87,132
4,47,79,132
116,55,77,132
4,43,71,132
115,56,77,132
4,44,71,132
119,55,76,132
6,43,69,132
111,53,87,132
10,41,79,132
112,38,71,132
8,50,77,132
112,39,71,132
5,51,76,132
113,50,76,132
2,38,69,132
126,36,69,132
2,48,76,132
117,47,76,120
3,35,65,120
114,55,77,132
2,43,69,132
114,53,76,132
0,41,68,132
122,51,74,132
5,39,67,132
113,38,66,132
4,50,73,132
122,39,65,132
1,51,72,132
118,38,64,132
3,50,71,132
112,48,69,132
4,36,63,132
116,35,62,132
9,47,69,120
112,58,74,132
9,46,68,132
111,44,67,132
5,56,73,132
120,55,73,132
0,43,67,132
114,41,65,132
10,53,72,132
111,43,64,132
4,55,72,132
117,53,71,132
5,41,63,132
116,51,70,132
0,39,62,132
120,38,61,132
5,50,69,120
115,63,76,132
4,51,70,132
117,50,71,132
1,62,77,132
119,48,72,145
2,60,80,145
115,59,81,145
1,47,73,145
125,48,75,145
3,60,82,145
111,47,76,145
7,59,84,145
113,56,87,145
4,44,76,145
120,55,88,145
0,43,77,145
122,56,90,145
1,44,80,145
116,43,82,145
6,55,92,145
110,41,84,145
8,53,94,145
115,39,86,145
4,51,95,145
117,41,88,145
2,53,99,145
115,39,90,132
9,51,101,132
118,36,93,132
1,48,103,120
120,43,51,132
118,48,52,132
120,50,53,132
118,51,54,132
123,55,56,132
120,60,57,132
122,62,57,132
115,63,60,132
118,62,60,132
118,60,59,132
128,55,57,132
120,51,57,132
116,50,57,132
116,48,56,132
128,43,55,120
119,36,53,132
112,43,55,132
124,48,57,132
126,50,59,132
110,51,61,132
121,50,61,132
121,48,60,132
119,43,59,120
125,36,63,132
115,43,59,132
125,48,63,132
119,84,97,130
0,72,89,130
1,50,66,132
119,73,91,170
0,85,100,170
2,51,68,132
121,50,64,132
37,74,96,245
0,86,106,245
85,48,60,132
117,43,56,120
38,75,91,70
0,87,100,70
78,36,52,132
2,75,104,960
0,87,114,960
123,43,46,132
116,48,47,132
126,50,48,132
118,51,49,132
114,55,50,132
119,60,51,132
123,62,52,132
117,63,53,132
125,62,52,132
116,60,51,132
123,79,49,120
0,72,49,120
0,75,49,120
0,67,49,120
5,55,49,132
112,51,48,132
3,67,49,360
0,72,49,360
0,75,49,360
0,79,49,360
119,50,47,132
119,48,45,132
118,43,44,120
4,79,56,120
0,72,56,120
0,75,56,120
0,67,56,120
117,36,43,132
3,80,57,960
0,68,57,960
0,72,57,960
0,75,57,960
115,43,45,132
128,48,47,132
120,50,50,132
121,51,50,132
111,50,50,132
124,48,50,132
120,43,49,120
121,67,63,160
0,72,63,160
0,75,63,160
0,79,69,170
3,36,47,132
117,43,49,132
40,71,75,170
0,83,82,160
80,48,51,132
80,72,79,170
0,84,87,170
43,50,53,132
114,51,55,132
3,73,88,170
0,85,95,170
121,50,55,132
39,74,99,160
0,86,109,160
76,48,55,132
129,43,53,120
35,75,95,80
0,87,104,80
80,75,106,960
0,87,115,960
4,36,54,132
120,43,54,132
111,48,55,132
125,50,57,132
121,51,59,132
122,55,61,132
120,60,63,132
114,62,65,132
128,63,67,132
118,62,63,132
114,60,61,132
123,79,54,120
0,72,49,120
0,75,49,120
0,67,49,120
1,55,59,132
114,51,56,132
5,67,55,360
0,72,55,360
0,75,55,360
0,79,60,360
120,50,53,132
123,48,51,132
117,67,67,120
0,72,67,120
0,75,67,120
0,79,73,120
2,43,49,120
113,36,51,132
5,81,82,1560
0,72,75,1560
0,75,75,1560
0,69,75,1560
123,42,52,132
118,48,55,132
124,50,56,132
119,51,57,132
119,50,54,132
115,48,55,132
121,42,54,120
121,36,53,132
115,42,54,132
127,48,55,132
113,50,57,132
128,51,59,132
120,50,57,132
114,48,57,132
63,69,85,360
56,42,56,120
4,74,85,300
60,81,87,240
55,35,55,132
5,86,95,180
122,47,55,132
113,50,56,132
123,55,55,132
122,67,95,480
0,74,95,480
0,79,104,480
2,62,57,132
121,55,55,132
116,50,55,132
126,47,54,120
116,34,55,132
117,46,54,132
42,73,69,160
0,67,69,160
0,79,76,160
80,49,55,132
80,73,67,160
0,67,67,160
0,79,73,160
44,55,55,132
111,61,56,132
5,79,76,160
0,73,69,160
0,67,69,160
116,55,53,132
44,80,73,160
0,73,67,160
0,68,67,160
76,49,55,132
120,46,50,120
44,67,69,80
0,73,69,80
0,79,76,80
80,67,72,130
0,72,72,120
0,79,82,130
5,33,55,132
113,45,55,132
2,72,69,120
0,84,76,120
119,48,56,132
124,53,55,132
112,60,57,132
5,65,83,480
0,72,83,480
0,77,91,480
123,53,54,132
114,48,56,132
127,45,55,120
113,32,55,132
120,44,55,132
43,65,68,160
0,72,68,160
0,77,74,160
77,48,56,132
83,65,66,160
0,72,66,160
0,77,72,160
37,53,57,132
123,64,68,130
0,72,68,120
0,76,74,130
4,60,54,132
116,65,71,130
0,72,71,120
0,77,77,130
4,53,51,132
116,67,74,90
0,72,74,90
0,79,81,90
4,48,50,132
120,44,48,120
56,65,72,50
0,72,72,50
0,77,79,50
60,64,79,240
0,72,79,240
0,76,87,240
1,31,46,132
114,43,47,132
121,48,48,132
121,47,49,132
121,49,51,132
2,72,69,1440
0,63,69,1320
0,75,76,1320
119,48,53,132
118,50,55,132
127,49,55,132
117,51,56,132
120,50,55,132
124,52,57,132
115,51,55,132
123,53,59,132
122,52,57,132
120,54,61,132
115,63,67,120
0,75,73,120
4,53,57,132
116,71,71,960
0,63,71,480
0,75,77,480
4,55,64,132
112,54,60,132
123,56,62,132
119,55,60,132
118,58,63,132
4,62,69,480
0,74,76,480
125,56,61,132
118,55,63,132
119,53,60,132
113,51,63,132
127,50,59,132
121,48,60,132
120,47,59,132
121,44,57,132
112,43,53,132
126,41,51,132
117,38,47,120
123,36,41,132
123,43,42,132
119,48,43,132
111,50,44,132
128,51,45,132
116,55,46,132
116,60,47,132
122,62,48,132
122,63,50,132
117,62,49,132
129,60,48,132
115,55,47,132
117,51,47,132
126,50,46,132
121,48,45,132
113,43,44,120
118,36,45,132
128,43,48,132
114,48,51,132
124,50,53,132
122,51,56,132
121,50,53,132
114,48,51,132
122,43,49,120
125,36,47,132
119,43,47,132
36,71,81,170
0,83,89,170
82,48,51,132
78,84,92,170
0,72,84,170
37,50,53,132
123,73,87,170
0,85,95,170
3,51,56,132
116,50,54,132
41,74,95,160
0,86,105,160
79,48,51,132
116,43,48,120
45,75,94,80
0,87,103,80
80,75,107,960
0,87,116,960
1,36,47,132
118,43,43,132
117,48,44,132
122,50,46,132
126,51,47,132
113,55,48,132
128,60,49,132
111,62,50,132
128,63,52,132
120,62,51,132
115,60,51,132
118,55,50,132
3,67,49,120
0,72,49,120
0,75,49,120
0,79,54,120
120,79,54,360
0,67,49,360
0,75,49,360
0,72,49,360
1,51,49,132
120,50,48,132
120,48,47,132
118,43,46,120
1,79,54,120
0,72,49,120
0,75,49,120
0,67,49,120
115,36,44,132
5,68,57,960
0,72,57,960
0,75,57,960
0,80,62,960
124,43,46,132
112,48,47,132
121,50,49,132
121,51,51,132
124,50,50,132
119,48,49,132
124,43,48,120
115,79,77,160
0,72,71,160
0,75,71,160
0,67,71,160
1,36,47,132
122,43,49,132
37,71,71,170
0,83,77,170
79,48,51,132
81,84,79,170
0,72,72,170
44,50,54,132
116,73,81,130
0,85,89,130
3,51,57,132
113,50,54,132
4,74,84,120
0,86,92,130
120,77,94,90
0,89,103,90
0,48,53,132
115,43,51,120
65,87,88,50
0,75,80,50
55,36,45,132
5,75,100,960
0,87,110,960
123,43,47,132
115,48,48,132
126,50,49,132
116,51,52,132
123,55,54,132
112,60,55,132
126,62,57,132
114,63,60,132
127,62,56,132
123,60,57,132
115,79,59,120
0,72,54,120
0,75,54,120
0,67,54,120
0,55,55,132
120,79,61,360
0,67,56,360
0,72,56,360
0,75,56,360
2,51,54,132
115,50,51,132
127,48,51,132
116,67,64,120
0,72,64,120
0,75,64,120
0,79,70,120
2,43,49,120
118,69,75,1920
0,75,75,1920
0,81,82,1920
1,36,60,132
116,42,47,132
127,48,50,132
116,50,52,132
123,51,53,132
115,50,52,132
117,48,51,132
125,42,49,120
121,36,64,132
118,42,55,132
120,48,57,132
116,50,63,132
123,51,64,132
123,50,62,132
123,48,61,132
115,42,59,120
121,70,95,960
0,73,95,960
0,82,106,960
5,37,63,132
114,49,64,132
121,54,69,132
115,56,71,132
130,58,77,132
119,56,74,132
115,54,73,132
123,49,67,120
116,37,62,132
2,80,91,480
0,70,83,480
0,73,83,480
0,68,83,480
121,49,65,132
119,54,69,132
121,56,74,132
114,58,76,132
5,66,83,360
0,70,83,360
0,73,83,360
0,78,91,360
119,56,72,132
118,54,71,132
123,65,83,120
0,70,83,120
0,73,83,120
0,77,91,120
5,49,65,120
115,77,98,960
0,65,89,960
0,73,89,960
0,70,89,1440
4,37,60,132
121,49,63,132
116,55,66,132
120,58,68,132
114,61,70,132
124,60,70,132
119,58,69,132
122,56,68,120
115,55,68,132
5,64,83,480
0,76,91,480
124,53,68,132
114,52,69,132
125,49,67,132
122,48,66,132
116,46,64,132
116,44,63,132
121,43,62,120
122,80,100,960
0,71,91,960
0,76,91,960
0,68,91,960
1,35,62,132
123,47,65,132
113,52,67,132
121,54,69,132
124,56,72,132
122,54,73,132
113,52,71,132
120,47,67,120
122,35,62,132
1,66,79,480
0,68,79,480
0,71,79,480
0,78,87,480
124,47,67,132
117,52,72,132
114,54,71,132
125,64,79,360
0,68,79,360
0,71,79,360
0,76,87,360
5,56,76,132
110,54,73,132
126,52,74,132
116,47,70,120
3,75,84,120
0,68,76,120
0,71,76,120
0,63,76,120
116,35,64,132
4,68,87,1440
0,75,95,960
0,63,87,960
0,71,87,960
116,47,65,132
121,53,67,132
123,56,71,132
125,59,73,132
110,58,73,132
120,56,72,132
123,54,71,132
120,53,71,132
2,62,79,480
0,74,87,480
120,51,71,132
120,50,72,132
119,47,71,132
126,46,70,132
116,44,67,132
117,42,64,132
122,41,62,120
119,34,59,132
1,67,77,1920
0,75,77,1920
0,79,87,1920
125,46,54,132
116,51,45,132
123,53,48,132
119,55,50,132
120,53,47,132
118,51,45,132
123,46,43,120
114,34,38,132
127,46,41,132
112,51,44,132
128,53,46,132
117,55,49,132
114,53,48,132
127,51,45,132
117,46,44,120
116,35,31,132
4,79,65,1680
0,67,53,960
0,74,53,1920
115,47,33,132
120,50,34,132
125,55,35,132
124,62,36,132
112,55,35,132
119,50,34,132
122,47,32,120
123,67,60,960
4,35,31,132
119,47,31,132
120,50,33,132
119,55,34,132
116,62,35,132
125,55,34,132
117,77,67,240
5,50,34,132
119,47,33,120
113,36,32,132
3,77,74,960
0,67,61,1920
0,72,61,1920
120,43,29,132
115,48,30,132
120,50,31,132
120,51,32,132
123,55,33,132
124,60,34,132
117,62,35,132
117,63,35,132
4,75,70,960
118,62,35,132
119,60,35,132
126,55,34,132
113,51,34,132
119,50,33,132
125,48,32,132
118,43,32,120
122,65,48,1920
3,29,35,132
57,68,48,1860
56,37,35,132
4,75,57,120
120,77,59,120
4,41,36,132
112,43,38,132
4,75,62,120
115,44,39,132
5,73,66,360
116,49,40,132
127,53,42,132
114,55,43,132
3,75,70,120
120,77,75,480
1,56,44,132
117,55,44,132
122,53,43,132
122,49,42,132
118,68,66,480
4,44,41,132
121,41,40,132
120,37,40,132
111,32,39,120
120,31,38,120
4,63,63,3840
0,72,68,3840
241,40,42,132
122,39,43,132
121,41,43,132
111,40,44,132
129,42,44,132
120,41,45,132
115,43,45,132
122,42,45,132
121,44,46,132
117,43,45,132
119,45,47,132
127,44,48,132
120,46,49,132
118,45,48,132
118,47,49,132
116,46,50,132
119,48,50,132
121,47,49,132
124,49,52,132
119,48,53,132
118,50,53,132
119,49,52,132
123,51,53,132
122,50,51,132
123,52,54,132
117,51,55,132
123,53,56,132
112,52,54,132
123,54,56,132
117,53,55,132
123,72,67,720
0,62,60,1440
0,65,60,1440
4,55,57,132
116,54,55,132
118,56,57,132
122,55,56,132
121,58,57,132
117,56,54,132
120,55,53,132
2,71,60,240
116,53,50,132
122,51,53,132
2,74,67,480
117,50,48,132
128,53,51,132
118,51,47,132
120,55,52,132
119,53,49,132
120,51,51,132
115,50,47,132
126,48,51,132
112,47,48,132
127,50,53,132
122,48,49,132
114,46,51,132
117,44,50,132
125,43,50,132
115,42,49,132
129,43,49,132
117,44,47,132
119,41,48,132
121,43,46,132
120,39,46,132
122,41,44,132
119,38,44,132
120,39,43,120
118,60,71,120
0,72,71,2880
0,36,43,120
243,61,49,132
121,60,48,132
112,58,47,132
123,55,46,132
124,56,45,132
112,55,44,132
124,52,44,132
116,48,43,132
125,49,42,132
117,48,41,132
118,46,40,132
122,43,39,132
128,44,38,132
115,43,37,132
120,65,49,1920
0,68,49,1920
1,41,35,132
114,36,32,132
124,41,35,132
126,36,28,132
119,41,35,132
114,36,31,132
119,41,35,132
121,36,28,132
117,41,35,132
5,74,55,960
125,36,32,132
111,41,35,132
119,36,30,132
122,41,35,132
121,36,32,132
125,41,35,132
119,36,28,132
118,64,53,1920
0,67,53,1920
0,76,56,1920
0,48,35,120
235,61,47,132
122,60,46,132
119,58,45,132
121,55,44,132
124,56,44,132
115,55,44,132
125,52,43,132
115,48,42,132
123,49,41,132
124,48,40,132
115,46,39,132
117,43,38,132
123,44,37,132
124,43,36,132
118,60,41,1920
0,67,41,960
0,72,50,1440
0,68,41,1920
4,41,35,132
117,36,33,132
123,41,35,132
111,36,30,132
128,41,35,132
122,36,34,132
116,41,35,132
120,36,29,132
119,65,46,960
1,41,35,132
120,36,33,132
116,41,35,132
128,36,31,132
112,41,35,132
3,71,51,480
0,74,55,480
115,36,33,132
122,41,35,132
120,36,32,120
123,64,54,240
0,76,64,240
0,67,54,240
0,72,54,240
0,48,35,120
235,80,81,120
4,92,89,120
121,79,80,132
3,91,88,132
114,88,85,132
4,76,77,132
123,84,84,132
1,72,76,132
113,73,81,132
1,85,91,132
122,72,77,132
2,84,87,132
114,82,89,132
6,70,79,132
112,79,87,132
9,67,77,132
117,80,89,132
4,68,84,132
113,79,88,132
6,67,81,132
114,76,88,132
3,64,81,132
117,60,79,132
4,72,87,132
121,61,84,132
2,73,91,132
111,60,80,132
1,72,88,132
123,58,80,132
4,70,89,132
114,67,88,132
4,55,80,132
117,56,85,132
6,68,95,132
117,67,92,132
3,55,82,132
111,52,83,132
1,64,90,132
121,60,89,132
1,48,81,132
116,49,84,132
3,61,93,132
122,60,92,132
2,48,84,132
115,46,83,132
1,58,91,132
118,43,83,132
1,55,90,132
119,56,94,132
1,44,88,132
119,55,92,132
1,43,84,132
125,52,91,132
2,40,83,132
119,36,83,132
1,48,90,132
111,37,84,132
7,49,94,132
118,36,93,120
4,48,103,120
116,60,110,940
0,53,100,940
0,57,110,940
0,48,100,4
0,29,102,940
0,41,102,940
960,60,108,900
0,53,97,900
0,56,108,900
0,48,97,900
0,29,97,900
0,41,97,900
960,60,109,240
0,48,99,240
0,53,99,240
0,55,109,240
0,24,99,240
0,36,99,240
480,60,102,240
0,52,93,240
0,55,102,240
0,48,93,240
0,24,95,240