960,72,61,480
480,65,50,240
0,74,73,120
0,57,38,120
0,48,31,240
120,72,52,240
0,53,35,120
120,77,64,120
0,41,31,120
240,60,46,240
0,67,67,120
0,57,36,120
0,48,29,240
120,65,47,240
0,53,33,120
120,72,63,120
0,41,29,120
240,65,48,240
0,74,69,120
0,57,36,120
0,48,29,240
120,72,49,240
0,53,33,120
120,77,63,120
0,41,28,120
240,67,50,240
0,74,73,120
0,58,38,120
0,48,31,240
120,72,51,240
0,52,35,120
120,79,61,120
0,41,30,120
240,60,44,240
0,69,64,120
0,58,32,120
0,48,29,240
120,67,47,240
0,52,33,120
120,72,59,120
0,41,28,120
240,67,48,240
0,74,69,120
0,58,36,120
0,48,29,240
120,72,52,240
0,52,33,120
120,79,66,120
0,41,28,120
240,69,52,240
0,74,76,120
0,57,39,120
0,48,32,240
120,72,53,240
0,53,36,120
120,81,65,120
0,41,32,120
240,65,49,240
0,74,71,120
0,57,37,120
0,50,30,240
120,72,49,240
0,53,34,120
120,77,63,120
0,41,29,120
240,74,50,240
0,81,72,120
0,59,37,120
0,50,30,240
120,79,54,240
0,53,34,120
120,86,66,120
0,43,30,120
240,67,52,240
0,74,76,120
0,64,40,120
0,55,33,240
120,72,57,240
0,58,37,120
120,79,66,120
0,48,32,120
240,72,51,240
0,81,72,120
0,70,38,120
0,60,31,240
120,79,51,240
0,64,35,120
120,84,64,120
0,55,28,120
240,84,51,240
0,93,75,120
0,76,38,120
0,67,31,240
120,91,53,240
0,70,35,120
120,96,69,120
0,60,30,120
240,65,50,240
0,74,73,120
0,57,38,120
0,48,31,240
120,72,51,240
0,53,35,120
120,77,69,120
0,41,31,120
240,60,46,240
0,67,67,120
0,57,36,120
0,48,29,240
120,65,47,240
0,53,33,120
120,72,65,120
0,41,29,120
240,65,48,240
0,74,69,120
0,57,36,120
0,48,29,240
120,72,53,240
0,53,33,120
120,77,67,120
0,41,28,120
240,67,50,240
0,74,73,120
0,58,38,120
0,48,31,240
120,72,51,240
0,52,35,120
120,79,65,120
0,41,30,120
240,60,40,240
0,69,64,120
0,58,32,120
0,48,29,240
120,67,47,240
0,52,33,120
120,72,63,120
0,41,28,120
240,67,48,240
0,74,69,120
0,58,36,120
0,48,29,240
120,72,49,240
0,52,33,120
120,79,66,120
0,41,28,120
240,69,52,240
0,74,76,120
0,57,39,120
0,48,32,240
120,72,53,240
0,53,36,120
120,81,70,120
0,41,32,120
240,69,49,240
0,76,71,120
0,59,37,120
0,50,30,240
120,74,49,240
0,53,34,120
120,81,66,120
0,43,29,120
240,67,50,240
0,74,72,120
0,64,37,120
0,55,30,240
120,72,53,240
0,58,34,120
120,79,65,120
0,48,30,120
240,65,54,240
0,74,80,120
0,57,40,120
0,48,33,240
120,72,57,240
0,53,37,120
120,77,71,120
0,41,32,120
240,77,51,240
0,86,72,120
0,69,38,120
0,60,31,240
120,84,51,240
0,65,35,120
120,89,65,120
0,53,28,120
240,89,51,240
0,98,75,120
0,81,38,120
0,72,31,240
120,96,58,240
0,77,35,120
120,101,71,120
0,65,30,120
240,65,50,240
0,74,73,60
0,57,38,120
0,48,31,240
60,72,58,60
60,74,63,60
0,53,35,120
60,72,52,180
60,77,67,120
0,41,31,120
240,60,46,240
0,67,67,60
0,57,36,120
0,48,29,240
60,65,53,60
60,67,57,60
0,53,33,120
60,65,47,180
60,72,66,120
0,41,29,120
240,65,48,240
0,74,69,60
0,57,36,120
0,48,29,240
60,72,55,60
60,74,59,60
0,53,33,120
60,72,49,180
60,77,66,120
0,41,28,120
240,67,50,240
0,74,73,60
0,58,38,120
0,48,31,240
60,72,57,60
60,74,63,60
0,52,35,120
60,72,51,180
60,79,66,120
0,41,30,120
240,60,40,240
0,69,64,60
0,58,32,120
0,48,29,240
60,67,53,60
60,69,57,60
0,52,33,120
60,67,57,180
60,72,64,120
0,41,28,120
240,67,48,240
0,74,69,60
0,58,36,120
0,48,29,240
60,72,59,60
60,74,61,60
0,52,33,120
60,72,52,180
60,79,65,120
0,41,28,120
240,69,52,240
0,74,76,60
0,57,39,120
0,48,32,240
60,72,57,60
60,74,64,60
0,53,36,120
60,72,53,180
60,81,66,120
0,41,32,120
240,65,49,240
0,74,71,60
0,57,37,120
0,50,30,240
60,72,57,60
60,74,63,60
0,53,34,120
60,72,49,180
60,77,67,120
0,41,29,120
240,74,50,240
0,81,72,60
0,59,37,120
0,50,30,240
60,79,58,60
60,81,64,60
0,53,34,120
60,79,54,180
60,86,71,120
0,43,30,120
240,67,52,240
0,74,76,60
0,64,40,120
0,55,33,240
60,72,57,60
60,74,65,60
0,58,37,120
60,72,57,180
60,79,70,120
0,48,32,120
240,72,51,240
0,81,72,60
0,70,38,120
0,60,31,240
60,79,55,60
60,81,61,60
0,64,35,120
60,79,51,180
60,84,64,120
0,55,28,120
240,84,51,240
0,93,75,60
0,76,38,120
0,67,31,240
60,91,59,60
60,93,63,60
0,70,35,120
60,91,53,180
60,96,72,120
0,60,30,120
240,65,50,240
0,74,73,60
0,57,38,120
0,48,31,240
60,72,53,60
60,74,61,60
0,53,35,120
60,72,51,180
60,77,69,120
0,41,31,120
240,60,46,240
0,67,67,60
0,57,36,120
0,48,29,240
60,65,51,60
60,67,59,60
0,53,33,120
60,65,47,180
60,72,65,120
0,41,29,120
240,65,48,240
0,74,69,60
0,57,36,120
0,48,29,240
60,72,54,60
60,74,61,60
0,53,33,120
60,72,53,180
60,77,67,120
0,41,28,120
240,67,50,240
0,74,73,60
0,58,38,120
0,48,31,240
60,72,58,60
60,74,65,60
0,52,35,120
60,72,51,180
60,79,65,120
0,41,30,120
240,60,40,240
0,69,64,60
0,58,32,120
0,48,29,240
60,67,51,60
60,69,57,60
0,52,33,120
60,67,47,180
60,72,63,120
0,41,28,120
240,67,48,240
0,74,69,60
0,58,36,120
0,48,29,240
60,72,54,60
60,74,61,60
0,52,33,120
60,72,49,180
60,79,66,120
0,41,28,120
240,69,52,240
0,74,76,60
0,57,39,120
0,48,32,240
60,72,59,60
60,74,67,60
0,53,36,120
60,72,53,180
60,81,70,120
0,41,32,120
240,69,49,240
0,76,71,60
0,59,37,120
0,50,30,240
60,74,58,60
60,76,65,60
0,53,34,120
60,74,49,180
60,81,66,120
0,43,29,120
240,67,50,240
0,74,72,60
0,58,37,120
0,48,30,240
60,72,58,60
60,74,64,60
0,52,34,120
60,72,53,180
60,79,65,120
0,36,30,120
240,65,54,240
0,74,80,60
0,57,40,120
0,48,33,240
60,72,59,60
60,74,66,60
0,53,37,120
60,72,57,180
60,77,71,120
0,41,32,120
240,77,51,240
0,86,72,60
0,69,38,120
0,60,31,240
60,84,55,60
60,86,61,60
0,65,35,120
60,84,51,180
60,89,65,120
0,53,28,120
240,89,51,240
0,98,75,60
0,81,38,120
0,72,31,240
60,96,60,60
60,98,66,60
0,77,35,120
60,96,58,180
60,101,71,120
0,65,30,120
240,67,39,240
0,74,58,120
0,64,30,120
0,55,25,240
120,72,47,360
0,60,31,120
120,79,65,240
0,48,31,240
240,67,37,240
0,74,56,120
0,63,29,120
0,55,24,240
120,72,44,360
0,60,30,120
120,79,66,240
0,48,30,240
240,69,38,240
0,74,58,120
0,65,31,120
0,60,25,240
120,72,47,360
0,63,32,120
120,81,70,240
0,53,31,240
240,65,42,240
0,72,61,120
0,63,31,120
0,53,26,240
120,70,47,360
0,58,32,120
120,82,64,240
0,46,31,240
240,65,34,240
0,72,52,120
0,62,29,120
0,53,23,240
120,70,44,360
0,58,30,120
120,77,59,240
0,46,29,240
240,65,32,240
0,72,50,120
0,62,29,120
0,53,24,240
120,70,44,360
0,58,30,120
120,77,59,240
0,46,29,240
240,65,38,240
0,72,56,120
0,61,30,120
0,53,24,240
120,70,47,360
0,58,31,120
120,77,65,240
0,46,31,240
240,65,37,240
0,72,56,120
0,61,29,120
0,53,24,240
120,70,44,360
0,58,30,120
120,77,66,240
0,46,30,240
240,67,38,240
0,72,58,120
0,61,31,120
0,51,25,240
120,70,47,360
0,58,32,120
120,79,70,240
0,39,31,240
240,63,42,240
0,70,61,120
0,61,31,120
0,51,26,240
120,68,47,360
0,56,32,120
120,80,64,240
0,44,31,240
240,63,34,240
0,70,52,120
0,60,29,120
0,51,23,240
120,68,44,360
0,56,30,120
120,75,59,240
0,44,29,240
240,63,32,240
0,70,50,120
0,60,29,120
0,51,24,240
120,68,44,360
0,56,30,120
120,75,59,240
0,44,29,240
240,63,38,240
0,70,56,120
0,60,30,120
0,51,24,240
120,68,47,360
0,56,31,120
120,75,65,240
0,43,31,240
240,63,37,240
0,70,56,120
0,60,29,120
0,51,24,240
120,68,44,360
0,56,30,120
120,75,66,240
0,43,30,240
240,63,40,240
0,70,59,120
0,60,31,120
0,51,25,240
120,68,47,360
0,56,32,120
120,77,68,240
0,43,31,240
240,63,33,240
0,68,58,120
0,60,27,120
0,50,23,240
120,67,46,360
0,55,31,120
120,75,61,240
0,43,30,240
240,62,30,240
0,68,52,120
0,59,29,120
0,50,23,240
120,67,44,360
0,55,30,120
120,74,59,240
0,43,29,240
240,62,27,240
0,68,50,120
0,59,29,120
0,50,24,240
120,67,44,360
0,55,30,120
120,74,59,240
0,43,29,240
240,63,28,240
0,70,48,120
0,60,25,120
0,51,18,240
120,68,38,360
0,56,26,120
120,75,55,240
0,43,26,240
240,75,34,240
0,82,52,120
0,72,28,120
0,63,22,240
120,80,42,360
0,68,29,120
120,87,64,240
0,55,28,240
240,75,38,240
0,82,58,120
0,72,29,120
0,63,23,240
120,80,45,360
0,68,30,120
120,89,66,240
0,55,29,240
240,75,37,240
0,80,56,120
0,72,28,120
0,62,23,240
120,79,44,360
0,67,29,120
120,87,58,240
0,55,28,240
240,74,33,240
0,80,50,120
0,71,28,120
0,62,21,240
120,79,42,360
0,67,29,120
120,86,57,240
0,55,27,240
240,74,29,240
0,80,49,120
0,71,28,120
0,62,22,240
120,79,42,360
0,67,29,120
120,86,57,240
0,55,27,240
240,74,34,240
0,79,50,120
0,71,27,120
0,62,19,240
120,78,42,360
0,66,28,120
120,86,59,240
0,54,27,240
240,62,30,240
0,67,47,120
0,59,25,120
0,50,18,240
120,66,36,360
0,54,26,120
120,74,57,240
0,42,25,240
240,64,33,7
0,67,51,120
0,61,26,120
0,50,19,240
120,66,38,360
0,54,27,120
120,76,59,240
0,42,26,240
240,62,33,240
0,67,50,120
0,59,25,120
0,49,19,240
120,66,37,360
0,54,26,120
120,74,51,240
0,42,25,240
240,61,29,240
0,67,46,120
0,58,25,120
0,49,18,240
120,66,36,360
0,54,26,120
120,73,51,240
0,42,24,240
240,61,27,240
0,67,43,120
0,58,25,120
0,49,18,240
120,66,36,360
0,54,26,120
120,73,51,240
0,42,24,240
240,59,37,240
0,67,56,120
0,55,29,120
0,50,23,240
120,66,47,360
0,54,30,120
120,71,65,240
0,42,30,240
240,59,36,240
0,67,56,120
0,55,29,120
0,50,23,240
120,66,44,360
0,54,31,120
120,71,67,240
0,42,29,240
240,61,38,240
0,67,60,120
0,55,31,120
0,52,25,240
120,66,47,360
0,54,32,120
120,73,72,240
0,42,31,240
240,59,40,240
0,67,61,120
0,55,31,120
0,50,25,240
120,66,47,360
0,54,32,120
120,71,63,240
0,42,29,240
240,58,35,240
0,67,54,120
0,55,29,120
0,49,22,240
120,66,44,360
0,54,30,120
120,70,59,240
0,42,28,240
240,58,31,240
0,68,50,120
0,54,29,120
0,49,23,240
120,66,43,360
0,52,30,120
120,70,59,240
0,42,27,240
240,59,48,240
0,68,72,120
0,51,42,120
120,66,57,360
0,42,38,120
120,71,78,240
0,35,34,240
240,54,45,240
0,61,66,120
0,51,39,120
120,59,51,360
0,42,36,120
120,66,74,240
0,35,31,240
240,59,46,240
0,68,67,120
0,51,39,120
120,66,53,360
0,42,36,120
120,71,78,240
0,35,30,240
240,61,48,240
0,68,72,120
0,52,42,120
120,66,55,360
0,42,38,120
120,73,81,240
0,35,32,240
240,54,47,240
0,63,66,120
0,52,40,120
120,61,53,360
0,42,37,120
120,66,75,240
0,35,31,240
240,61,46,240
0,68,67,120
0,52,39,120
120,66,57,360
0,42,36,120
120,73,76,240
0,35,30,240
240,63,51,240
0,68,75,120
0,51,43,120
120,66,58,360
0,42,39,120
120,75,78,240
0,35,35,240
240,59,47,240
0,68,69,120
0,51,40,120
120,66,53,360
0,42,37,120
120,71,76,240
0,35,31,240
240,68,48,240
0,75,70,120
0,53,40,120
120,73,59,360
0,47,37,120
120,80,76,240
0,37,32,240
240,61,51,240
0,68,75,120
0,58,44,120
0,49,36,240
120,66,63,360
0,52,40,120
120,73,81,240
0,42,35,240
240,66,49,240
0,75,70,120
0,64,42,120
0,54,34,240
120,73,55,360
0,58,38,120
120,78,76,240
0,49,30,240
240,78,49,240
0,87,74,120
0,70,42,120
0,61,34,240
120,85,58,360
0,64,38,120
120,90,82,210
0,54,32,210
240,59,48,240
0,68,72,120
0,51,42,120
120,66,57,360
0,42,38,120
120,71,78,240
0,35,34,240
240,54,45,240
0,61,66,120
0,51,39,120
120,59,46,360
0,42,36,120
120,66,74,240
0,35,31,240
240,59,46,240
0,68,67,120
0,51,39,120
120,66,53,360
0,42,36,120
120,71,78,240
0,35,30,240
240,61,48,240
0,68,72,120
0,52,42,120
120,66,55,360
0,42,38,120
120,73,81,240
0,35,32,240
240,54,47,240
0,63,66,120
0,52,40,120
120,61,53,360
0,42,37,120
120,66,75,240
0,35,31,240
240,61,46,240
0,68,67,120
0,52,39,120
120,66,57,360
0,42,36,120
120,73,76,240
0,35,30,240
240,63,51,240
0,68,75,120
0,51,43,120
120,66,58,360
0,42,39,120
120,75,78,240
0,35,35,240
240,63,47,240
0,70,69,120
0,53,40,120
120,68,53,360
0,47,37,120
120,75,76,240
0,37,31,240
240,61,48,240
0,68,70,120
0,58,40,120
120,66,59,360
0,52,37,120
120,73,76,240
0,42,32,240
240,59,51,240
0,68,75,120
0,51,44,120
120,66,63,360
0,42,40,120
120,71,81,240
0,35,35,240
240,71,49,240
0,80,70,120
0,63,42,120
120,78,55,360
0,54,38,120
120,83,76,240
0,47,30,240
240,83,49,240
0,92,74,120
0,75,42,120
120,90,58,360
0,66,38,120
120,95,82,210
0,59,32,210
240,61,44,240
0,68,65,120
0,58,33,120
120,66,51,360
0,49,34,120
120,73,71,240
0,42,31,240
240,61,40,240
0,68,59,120
0,57,32,120
120,66,48,360
0,49,33,120
120,73,70,240
0,42,29,240
240,63,44,240
0,68,65,120
0,57,33,120
120,66,51,360
0,47,34,120
120,75,76,240
0,42,29,240
240,64,46,8
0,69,68,120
0,57,35,120
120,68,52,360
0,47,36,120
120,76,76,240
0,40,29,240
240,59,39,240
0,66,56,120
0,56,31,120
120,64,46,360
0,47,32,120
120,71,63,240
0,40,26,240
240,59,39,240
0,66,59,120
0,56,30,120
120,64,49,360
0,47,31,120
120,71,66,240
0,40,25,240
240,59,44,240
0,66,65,120
0,55,33,120
120,64,51,360
0,47,34,120
120,71,71,240
0,40,31,240
240,59,40,240
0,66,59,120
0,55,32,120
120,64,48,360
0,47,33,120
120,71,70,240
0,40,29,240
240,61,44,240
0,66,65,120
0,55,33,120
120,64,51,360
0,45,34,120
120,73,76,240
0,40,29,240
240,62,46,240
0,67,68,120
0,55,35,120
120,66,52,360
0,45,36,120
120,74,76,240
0,38,29,240
240,57,39,240
0,64,56,8
0,54,31,120
120,62,46,360
0,45,32,120
120,69,63,240
0,38,26,240
240,57,39,240
0,64,59,6
0,54,30,120
120,62,49,360
0,45,31,120
120,69,66,240
0,38,25,240
240,57,40,240
0,62,60,120
0,54,31,120
120,61,48,360
0,45,32,120
120,69,67,240
0,37,29,240
240,69,37,240
0,74,56,120
0,57,24,240
0,66,30,120
120,73,45,360
0,61,31,120
120,81,66,240
0,49,27,240
240,71,40,240
0,74,60,120
0,57,24,240
0,68,31,120
120,73,48,360
0,61,32,120
120,83,70,240
0,49,27,240
240,69,46,240
0,74,68,120
0,56,24,240
0,66,35,120
120,73,52,360
0,61,36,120
120,81,72,240
0,49,29,240
240,68,39,240
0,74,52,120
0,56,24,240
0,65,31,120
120,73,46,360
0,61,32,120
120,80,63,240
0,49,26,240
240,68,39,240
0,74,55,120
0,56,24,240
0,65,30,120
120,73,49,360
0,61,31,120
120,80,66,240
0,49,25,240
240,69,34,240
0,74,51,120
0,57,19,240
0,66,26,120
120,73,40,360
0,61,27,120
120,81,55,240
0,49,25,240
240,81,36,240
0,86,53,120
0,69,23,240
0,78,29,120
120,85,37,360
0,73,26,120
120,93,54,240
0,61,23,240
240,83,38,240
0,86,57,120
0,69,23,240
0,80,29,120
120,85,40,360
0,73,27,120
120,95,60,240
0,61,23,240
240,81,43,240
0,86,64,120
0,68,23,240
0,78,33,120
120,85,44,360
0,73,30,120
120,93,64,240
0,61,25,240
240,80,37,240
0,86,53,120
0,68,23,240
0,77,29,120
120,85,38,360
0,73,27,120
120,92,53,240
0,61,22,240
240,80,37,240
0,86,55,120
0,68,23,240
0,77,29,120
120,85,40,360
0,73,26,120
120,92,54,240
0,61,21,240
240,80,38,240
0,85,57,120
0,68,23,240
0,77,29,120
120,84,40,360
0,72,27,120
120,92,55,240
0,60,25,240
240,68,35,240
0,73,52,120
0,56,22,240
0,65,28,120
120,72,36,360
0,60,25,120
120,80,53,240
0,48,22,240
240,70,37,240
0,73,55,120
0,56,22,240
0,67,28,120
120,72,39,360
0,60,26,120
120,82,58,240
0,48,22,240
240,68,40,240
0,73,61,120
0,55,22,240
0,65,32,120
120,72,42,360
0,60,28,120
120,80,60,240
0,48,24,240
240,67,35,240
0,73,50,120
0,55,21,240
0,64,27,11
120,72,36,360
0,60,25,120
120,79,50,240
0,48,19,240
240,67,35,240
0,73,52,120
0,55,21,240
0,64,27,10
120,72,37,360
0,60,24,120
120,79,51,240
0,48,18,240
240,65,35,240
0,74,52,120
0,55,21,240
0,62,27,120
120,72,37,360
0,60,25,120
120,77,51,240
0,48,23,240
240,65,32,240
0,74,49,120
0,55,21,240
0,62,26,120
120,72,34,360
0,60,23,120
120,77,49,240
0,48,21,240
240,67,34,240
0,74,51,120
0,55,19,240
0,64,26,14
120,72,36,360
0,60,24,120
120,79,53,240
0,48,19,240
240,65,37,240
0,74,55,120
0,55,19,240
0,62,29,120
120,72,38,360
0,60,26,120
120,77,55,240
0,48,22,240
240,64,32,10
0,74,47,120
0,55,19,240
0,62,25,120
120,72,32,360
0,60,23,120
120,76,46,240
0,48,18,240
240,64,31,9
0,74,48,120
0,55,19,240
0,60,25,120
120,72,34,360
0,58,22,120
120,76,47,210
0,48,17,210
240,65,59,240
0,74,87,120
0,57,46,120
0,48,37,240
120,72,63,120
0,53,42,120
120,77,76,60
0,41,37,60
240,60,54,240
0,67,80,120
0,57,44,120
0,48,34,240
120,65,55,120
0,53,39,120
120,72,75,60
0,41,34,60
240,65,57,240
0,74,82,120
0,57,44,120
0,48,34,240
120,72,58,120
0,53,39,120
120,77,75,60
0,41,33,60
240,67,59,240
0,74,87,120
0,58,46,120
0,48,37,240
120,72,61,120
0,52,42,120
120,79,73,60
0,41,35,60
240,60,54,240
0,69,76,120
0,58,44,120
0,48,34,240
120,67,55,120
0,52,39,120
120,72,71,60
0,41,33,60
240,67,57,240
0,74,82,120
0,58,44,120
0,48,34,240
120,72,63,120
0,52,39,120
120,79,78,60
0,41,33,60
240,69,63,240
0,74,92,120
0,57,47,120
0,48,38,240
120,72,64,120
0,53,44,120
120,81,77,60
0,41,38,60
240,65,58,240
0,74,85,120
0,57,45,120
0,50,35,240
120,72,58,120
0,53,40,120
120,77,75,60
0,41,34,60
240,74,59,240
0,81,86,120
0,59,45,120
0,50,35,240
120,79,65,120
0,53,40,120
120,86,78,60
0,43,35,60
240,67,63,240
0,74,92,120
0,64,48,120
0,55,39,240
120,72,69,180
0,58,45,120
120,79,78,60
0,48,38,60
240,72,61,240
0,81,86,120
0,70,46,120
0,60,37,240
120,79,61,120
0,64,42,120
120,84,76,60
0,55,33,60
240,84,61,240
0,93,90,120
0,76,46,120
0,67,37,240
120,91,64,120
0,70,42,120
120,96,82,60
0,60,35,60
240,65,59,240
0,74,87,120
0,57,46,120
0,48,37,240
120,72,61,120
0,53,42,120
120,77,82,60
0,41,37,60
240,60,54,240
0,67,80,120
0,57,44,120
0,48,34,240
120,65,55,120
0,53,39,120
120,72,77,60
0,41,34,60
240,65,57,240
0,74,82,120
0,57,44,120
0,48,34,240
120,72,64,120
0,53,39,120
120,77,80,60
0,41,33,60
240,67,59,240
0,74,87,120
0,58,46,120
0,48,37,240
120,72,61,120
0,52,42,120
120,79,77,60
0,41,35,60
240,60,54,240
0,69,76,120
0,58,44,120
0,48,34,240
120,67,55,120
0,52,39,120
120,72,75,60
0,41,33,60
240,67,57,240
0,74,82,120
0,58,44,120
0,48,34,240
120,72,58,120
0,52,39,120
120,79,78,60
0,41,33,60
240,69,63,240
0,74,92,120
0,57,47,120
0,48,38,240
120,72,64,120
0,53,44,120
120,81,84,60
0,41,38,60
240,69,58,240
0,76,85,120
0,59,45,120
0,50,35,240
120,74,58,120
0,53,40,120
120,81,78,60
0,43,34,60
240,67,59,240
0,74,86,120
0,64,45,120
0,55,35,240
120,72,64,120
0,58,40,120
120,79,77,60
0,48,35,60
240,65,65,240
0,74,96,120
0,57,48,120
0,48,35,240
120,72,69,120
0,53,45,120
120,77,85,60
0,41,38,60
240,72,61,240
0,79,86,120
0,69,46,120
0,60,33,240
120,77,61,120
0,65,42,120
120,84,77,60
0,53,33,60
240,72,55,240
0,81,80,120
0,70,37,120
0,60,30,240
120,79,63,120
0,64,37,120
120,84,73,60
0,53,29,60
240,65,57,240
0,79,86,120
0,69,43,120
0,60,32,240
120,77,61,120
0,65,39,120
120,84,75,60
0,53,34,60
240,84,54,240
0,91,76,120
0,81,40,120
0,72,28,240
120,89,54,120
0,77,37,120
120,96,70,60
0,65,29,60
240,84,49,240
0,93,77,120
0,82,36,120
0,72,24,240
120,91,58,120
0,76,35,120
120,96,69,60
0,65,27,60
240,84,58,240
0,91,86,120
0,81,43,120
0,72,35,240
120,89,61,120
0,77,39,120
120,96,75,60
0,65,34,60
240,72,44,240
0,79,61,120
0,69,36,120
0,60,29,240
120,77,49,120
0,65,33,120
120,84,61,240
0,53,26,240
240,72,44,240
0,81,65,120
0,70,36,120
0,60,29,240
120,79,54,120
0,64,33,120
120,84,65,240
0,53,26,240
240,65,46,240
0,79,68,120
0,69,37,120
0,60,31,240
120,77,54,120
0,65,35,120
120,84,67,240
0,53,30,240
240,84,44,240
0,91,61,120
0,81,36,120
0,72,29,240
120,89,49,120
0,77,33,120
120,96,61,240
0,65,26,240
240,84,42,240
0,93,65,120
0,82,33,120
0,72,27,240
120,91,54,120
0,76,33,120
120,96,65,240
0,65,26,240
240,84,46,240
0,91,68,120
0,81,37,120
0,72,31,240
120,89,54,120
0,77,35,120
120,96,67,240
0,65,30,60
240,83,46,240
0,91,65,120
0,81,37,120
0,71,30,240
120,90,46,120
0,75,34,120
120,95,56,60
0,59,27,60
240,83,45,240
0,89,66,120
0,80,37,120
0,71,29,240
120,88,49,120
0,74,33,120
120,95,61,60
0,64,28,60
240,81,46,240
0,89,68,120
0,79,37,120
0,69,31,240
120,88,48,120
0,73,35,120
120,93,59,60
0,57,30,60
240,81,45,240
0,88,61,120
0,74,36,120
0,67,29,240
120,86,45,120
0,70,33,120
120,93,55,60
0,58,26,60
240,79,42,240
0,86,63,120
0,76,34,120
0,67,28,240
120,84,47,120
0,70,32,120
120,91,56,60
0,60,26,60
240,77,43,240
0,86,65,120
0,69,35,120
0,60,29,240
120,84,46,120
0,65,33,120
120,89,56,60
0,53,28,60
240,71,43,240
0,79,59,120
0,69,35,120
0,59,28,240
120,78,43,120
0,63,32,120
120,83,54,60
0,47,25,60
240,71,39,240
0,77,58,120
0,68,33,120
0,59,25,240
120,76,44,120
0,62,29,120
120,83,54,60
0,52,24,60
240,69,39,240
0,77,60,120
0,67,33,120
0,57,27,240
120,76,43,120
0,61,31,120
120,81,53,60
0,45,26,60
240,69,39,240
0,76,58,120
0,62,34,120
0,55,27,240
120,74,39,120
0,58,31,120
120,81,51,60
0,46,24,60
240,67,37,240
0,74,57,120
0,64,32,9
0,55,26,240
120,72,44,120
0,58,30,120
120,79,54,60
0,48,24,60
240,65,39,240
0,74,60,120
0,57,33,120
0,48,27,240
120,72,43,120
0,53,31,120
120,77,54,240
0,41,26,240
240,72,43,240
0,79,61,120
0,57,35,120
0,48,27,240
120,77,44,120
0,53,33,120
120,84,55,240
0,41,25,240
240,72,39,240
0,81,61,120
0,58,34,120
0,48,27,240
120,79,46,120
0,52,32,120
120,84,59,240
0,41,25,240
240,72,43,240
0,79,63,120
0,57,35,120
0,48,29,240
120,77,46,120
0,53,33,120
120,84,56,240
0,41,27,240
240,72,43,240
0,79,63,120
0,57,34,120
0,48,27,240
120,77,44,120
0,53,32,120
120,84,54,240
0,41,24,240
240,72,37,240
0,81,58,120
0,58,32,120
0,48,26,240
120,79,44,120
0,52,30,120
120,84,54,240
0,41,23,240
240,72,38,240
0,79,59,120
0,57,33,120
0,48,27,240
120,77,43,120
0,53,31,120
120,84,54,240
0,41,25,240
240,72,40,240
0,79,58,120
0,29,27,240
120,77,40,120
120,84,52,240
240,72,35,240
0,79,56,120
0,41,22,480
0,48,22,480
0,57,26,480
120,77,42,120
120,84,51,240
240,72,37,240
0,79,56,60
0,53,21,480
0,60,21,480
0,69,26,480
60,77,40,60
60,79,46,60
60,77,38,60
60,84,49,240
240,72,37,240
0,79,54,60
0,29,25,240
60,77,37,60
60,79,40,60
60,77,37,60
60,84,47,240
240,72,32,240
0,79,51,60
0,41,19,480
0,48,19,480
0,57,24,480
60,77,37,60
60,79,38,60
60,77,37,60
60,84,46,240
240,72,33,240
0,79,51,60
0,53,18,480
0,60,18,480
0,69,23,480
60,77,36,60
60,79,40,60
60,77,34,60
60,79,48,60
0,84,45,240
60,77,34,60
60,79,48,60
60,77,34,60
60,72,33,240
0,79,47,60
60,77,33,60
60,79,35,60
60,77,33,60
60,79,35,60
0,84,42,240
60,77,33,60
60,79,35,60
60,77,32,60
60,72,28,240
0,79,45,60
60,77,32,60
60,79,34,60
60,77,32,60
60,79,33,60
0,84,40,240
60,77,32,60
60,79,33,60
60,77,31,60
60,72,28,240
0,77,45,60
60,79,32,60
60,77,34,60
60,79,32,60
60,77,33,60
60,79,32,60
60,76,33,120
120,77,44,60
60,80,44,60
60,82,45,60
60,81,46,60
60,83,46,60
60,86,47,60
60,84,48,60
60,88,48,60
60,91,49,60
60,89,50,60
60,92,50,60
60,94,51,60
60,93,51,60
60,95,52,60
60,98,53,60
60,96,53,60
60,101,60,480
960,57,31,480
0,60,31,480
0,69,36,480
0,36,23,480
0,48,29,480
480,57,31,1440
0,65,31,1440
0,69,36,1440
0,29,23,1440
0,41,29,1440
1440,57,31,960
0,65,31,960
0,69,36,960
0,41,23,960