0,51,74,480
0,63,88,480
0,27,63,480
0,39,75,480
720,49,40,120
0,52,40,120
0,57,47,120
120,50,42,120
0,53,42,120
0,58,50,120
120,51,45,120
0,54,45,120
0,59,53,120
120,52,46,120
0,55,46,120
0,60,55,120
120,53,49,120
0,56,49,120
0,61,58,120
120,53,51,120
0,57,61,120
0,62,61,120
120,58,57,120
0,63,68,120
0,55,63,120
480,55,51,120
0,58,61,120
0,39,42,120
0,46,50,120
480,56,31,480
0,64,31,480
0,68,37,480
0,50,28,480
0,59,32,480
480,55,28,240
0,63,28,240
0,67,32,240
0,51,23,240
0,58,28,240
480,44,36,130
0,59,42,130
120,43,33,130
0,58,39,130
120,38,33,130
0,52,40,130
120,39,35,130
0,51,42,130
120,44,39,130
0,59,47,130
120,43,38,130
0,58,45,130
120,38,39,130
0,52,47,130
120,39,40,130
0,51,47,130
120,44,44,130
0,59,53,130
120,43,43,130
0,58,50,130
120,38,44,130
0,52,53,130
120,39,46,130
0,51,55,130
120,44,52,130
0,59,61,130
120,43,49,130
0,58,58,130
120,38,49,130
0,52,59,130
120,39,52,130
0,51,61,130
120,44,58,130
0,59,70,130
120,43,55,130
0,58,64,130
120,38,55,130
0,52,66,130
120,39,57,120
0,51,68,120
120,59,74,480
0,56,74,480
0,52,74,480
0,64,88,480
0,44,63,480
0,39,63,480
0,51,75,480
720,50,40,120
0,53,40,120
0,58,47,120
120,51,42,120
0,54,42,120
0,59,50,120
120,52,45,120
0,55,45,120
0,60,53,120
120,53,46,120
0,56,46,120
0,61,55,120
120,54,49,120
0,57,49,120
0,62,58,120
120,54,51,120
0,58,61,120
0,63,61,120
120,59,57,120
0,64,68,120
0,56,63,120
480,52,45,120
0,56,45,120
0,59,54,120
0,39,37,120
0,47,45,120
480,61,31,480
0,70,31,480
0,73,37,480
0,58,28,480
0,55,28,480
0,64,32,480
480,68,28,240
0,71,32,240
0,56,23,240
0,59,23,240
0,64,28,240
480,46,36,130
0,61,42,130
120,44,33,130
0,59,39,130
120,39,33,130
0,54,40,130
120,44,35,130
0,52,42,130
120,46,39,130
0,61,47,130
120,44,38,130
0,59,45,130
120,39,39,130
0,54,47,130
120,44,40,130
0,52,47,130
120,46,44,130
0,61,53,130
120,44,43,130
0,59,50,130
120,39,44,130
0,54,53,130
120,44,46,130
0,52,55,130
120,46,52,130
0,61,61,130
120,44,49,130
0,59,58,130
120,39,49,130
0,54,59,130
120,44,52,130
0,52,61,130
120,46,58,130
0,61,70,130
120,44,55,130
0,59,64,130
120,39,55,130
0,54,66,130
120,44,57,120
0,52,68,120
120,60,74,480
0,57,74,480
0,53,74,480
0,65,88,480
0,45,63,480
0,39,63,480
0,51,75,480
720,57,45,120
0,62,53,120
0,54,45,120
120,58,47,120
0,63,56,120
0,55,47,120
120,59,50,120
0,64,59,120
0,56,50,120
120,60,52,120
0,65,59,120
0,57,52,120
120,61,55,120
0,67,65,120
0,58,55,120
120,62,68,120
0,68,68,120
0,59,57,120
120,63,64,120
0,69,76,120
0,60,71,120
480,57,62,120
0,53,62,120
0,60,62,120
0,65,74,120
0,39,54,120
0,51,64,120
480,60,66,480
0,65,66,480
0,72,78,480
0,57,67,480
0,51,56,480
0,63,67,480
480,56,62,240
0,58,62,240
0,62,62,240
0,65,62,240
0,70,73,240
0,27,52,240
0,39,62,240
720,59,49,120
0,64,58,120
0,56,49,120
120,60,51,120
0,65,61,120
0,57,51,120
120,61,55,120
0,66,64,120
0,58,55,120
120,62,57,120
0,67,64,120
0,59,57,120
120,63,60,120
0,68,71,120
0,60,60,120
120,64,74,120
0,69,74,120
0,61,62,120
120,65,64,120
0,70,76,120
0,62,71,120
480,58,63,120
0,53,63,120
0,62,75,120
0,65,75,120
0,39,54,120
0,51,64,120
480,65,70,480
0,70,70,480
0,77,82,480
0,58,58,480
0,62,70,480
0,56,58,480
0,68,70,480
480,61,65,240
0,63,65,240
0,67,65,240
0,70,65,240
0,75,77,240
0,27,54,240
0,39,65,240
480,73,77,120
0,77,77,120
0,34,54,120
0,46,64,120
120,68,72,120
120,67,72,120
0,39,46,60
0,51,55,60
120,75,72,120
0,41,49,60
0,53,58,60
120,73,77,120
0,77,77,120
0,43,51,60
0,55,60,60
120,68,70,120
0,44,52,60
0,56,62,60
120,67,70,120
0,46,55,60
0,58,65,60
120,75,70,120
0,48,56,60
0,60,67,60
120,70,77,120
0,77,77,120
0,49,59,60
0,61,70,60
120,67,71,120
120,63,71,120
120,75,71,120
120,72,77,120
0,77,77,120
0,39,54,60
0,51,64,60
120,67,72,120
120,63,72,120
120,75,72,120
120,73,77,120
0,77,77,120
0,55,59,480
0,67,70,600
120,70,71,120
120,63,71,120
120,75,71,120
120,73,73,120
0,77,73,120
120,70,67,120
0,61,53,120
120,63,68,120
0,58,53,120
120,75,68,120
0,51,54,120
120,73,75,120
0,77,75,120
0,67,63,120
120,70,70,120
0,61,58,120
120,63,71,120
0,58,58,120
120,75,71,120
0,51,58,120
120,73,77,120
0,77,77,120
0,67,63,120
120,70,72,120
0,61,58,120
120,63,73,120
0,58,58,120
120,75,73,120
0,51,59,120
120,73,80,120
0,77,80,120
0,67,68,120
120,70,74,120
0,61,60,120
120,63,75,120
0,58,61,120
120,75,77,120
0,51,62,120
120,73,83,120
0,77,83,120
0,61,70,120
120,70,78,120
0,55,63,120
120,63,79,120
0,51,63,120
120,75,79,120
0,46,63,120
120,73,85,120
0,77,85,120
0,55,72,120
120,70,80,120
0,49,66,120
120,63,81,120
0,46,65,120
120,75,82,120
0,39,66,120
120,73,75,360
0,77,89,360
0,32,61,120
0,44,72,120
240,51,61,240
0,63,72,240
120,72,72,108
0,75,85,108
120,72,72,480
0,75,85,480
0,68,70,240
0,60,70,240
0,56,59,240
240,39,66,60
0,51,78,60
240,44,67,120
0,56,79,120
240,68,68,120
0,72,80,120
0,27,56,240
0,39,67,240
120,70,67,120
0,73,79,120
120,73,72,120
0,77,85,120
0,32,61,240
0,44,72,240
120,72,68,240
0,75,80,60
60,77,74,60
60,75,85,120
0,63,67,240
0,51,56,240
120,71,68,120
0,74,80,120
120,72,68,480
0,75,80,480
0,68,69,240
0,60,69,240
0,56,58,240
240,39,61,60
0,51,73,60
240,44,67,120
0,56,79,120
240,68,68,120
0,72,80,120
0,27,56,240
0,39,67,240
120,70,67,120
0,73,79,120
120,73,72,120
0,77,85,120
0,32,61,240
0,44,72,240
120,72,68,240
0,75,80,60
60,77,74,60
60,75,85,120
0,63,67,240
0,51,56,240
120,71,68,120
0,74,80,120
120,73,72,120
0,77,85,60
0,68,69,240
0,60,69,240
0,56,58,240
120,72,68,240
0,75,80,120
60,77,74,60
60,75,85,120
0,39,56,120
0,51,67,120
120,71,68,120
0,74,80,120
120,72,68,180
0,75,80,180
0,44,59,120
0,56,70,120
180,63,66,300
0,39,57,210
30,70,66,270
0,46,57,180
30,78,78,240
0,54,68,150
150,41,57,240
30,48,57,300
30,51,68,180
30,63,64,240
0,69,64,240
0,77,76,240
0,57,68,150
150,48,56,240
30,53,56,210
30,57,67,180
30,65,64,240
0,69,64,240
0,72,76,240
0,63,67,150
150,46,58,330
30,53,58,300
30,58,69,270
30,65,64,240
0,70,64,240
0,73,76,240
0,61,69,240
240,66,73,80
0,30,55,240
0,42,65,240
80,54,73,80
80,66,73,80
80,53,65,240
0,65,77,240
0,29,55,240
0,41,65,240
240,61,72,180
0,37,53,240
0,49,63,240
180,66,78,60
60,75,75,360
0,78,89,360
0,34,61,120
0,46,72,120
240,53,61,240
0,65,72,240
120,73,72,108
0,77,85,108
120,73,72,480
0,77,85,480
0,70,70,240
0,61,70,240
0,58,59,240
240,41,66,60
0,53,78,60
240,46,67,120
0,58,79,120
240,70,68,120
0,73,80,120
0,29,56,240
0,41,67,240
120,72,67,120
0,75,79,120
120,75,72,120
0,78,85,120
0,34,61,240
0,46,72,240
120,73,68,240
0,77,80,60
60,78,74,60
60,77,85,120
0,65,67,240
0,53,56,240
120,72,68,120
0,76,80,120
120,73,68,480
0,77,80,480
0,70,69,240
0,61,69,240
0,58,58,240
240,41,61,60
0,53,73,60
240,46,67,120
0,58,79,120
240,67,68,120
0,73,68,120
0,79,80,120
0,34,56,240
0,46,67,240
120,68,67,120
0,80,79,120
120,72,71,120
0,84,84,120
0,27,61,120
0,39,72,120
120,79,73,120
0,75,62,120
120,72,66,120
0,84,78,120
0,61,55,120
0,67,66,120
0,63,55,120
180,70,65,54
0,82,77,54
60,70,68,120
0,82,81,120
0,39,59,120
0,51,69,120
120,75,70,120
0,72,59,120
120,70,63,120
0,82,75,120
0,60,53,120
0,63,63,120
180,68,57,54
0,80,67,54
60,68,66,120
0,80,78,120
0,39,57,120
0,51,67,120
120,75,66,120
0,70,56,120
120,68,62,120
0,80,73,120
0,58,51,120
0,63,61,120
180,67,56,54
0,79,66,54
60,67,63,120
0,79,75,120
0,34,54,120
0,46,64,120
120,74,65,120
0,70,55,120
120,67,60,120
0,79,71,120
0,56,50,120
0,62,60,120
0,58,50,120
180,65,57,54
0,77,68,54
60,65,61,120
0,77,73,120
0,39,56,120
0,51,66,120
120,70,63,120
0,67,54,120
120,65,58,120
0,77,69,120
0,55,52,120
0,58,62,120
180,63,54,60
0,75,63,60
60,61,63,120
0,73,75,120
0,41,57,240
0,53,68,480
120,68,63,120
0,65,54,120
120,61,59,120
0,73,70,120
0,56,62,240
180,60,53,60
0,72,62,60
60,65,63,480
0,37,51,240
0,49,61,240
240,53,45,240
0,58,53,240
240,67,54,60
0,36,45,240
0,48,54,240
60,68,55,60
60,67,55,60
60,68,56,60
60,65,56,120
0,52,40,240
0,60,48,240
0,58,40,240
120,67,57,120
120,68,58,60
0,29,49,240
0,41,58,240
60,70,59,60
60,68,59,60
60,70,60,60
60,67,60,120
0,53,46,240
0,56,46,240
0,60,55,240
120,68,61,120
120,61,42,240
0,67,42,240
0,69,60,120
0,39,47,120
0,51,56,120
120,70,56,120
120,61,39,240
0,67,39,240
0,72,56,120
0,51,44,240
0,58,52,240
120,73,56,120
120,60,50,240
0,68,50,240
0,72,60,240
0,44,44,240
0,51,44,240
0,56,52,240
240,59,57,180
0,62,57,180
0,65,57,180
0,68,57,180
0,77,68,180
180,60,52,54
0,63,52,54
0,68,52,54
0,75,62,54
60,60,58,120
0,63,58,120
0,68,58,120
0,75,69,120
120,68,64,240
120,80,76,120
0,44,56,240
0,56,66,240
180,67,59,60
0,79,70,60
60,65,59,480
0,77,70,480
0,37,57,240
0,49,68,240
240,53,50,240
0,58,59,240
240,67,64,120
0,36,58,240
0,48,69,240
120,79,65,40
40,80,66,40
40,79,65,40
40,65,56,120
0,77,66,120
0,58,52,240
0,64,62,13
0,60,52,240
120,67,56,120
0,79,67,120
120,68,64,120
0,29,60,240
0,41,71,240
120,80,65,40
40,82,65,40
40,80,65,40
40,67,60,120
0,79,71,120
0,56,67,240
0,60,67,240
0,65,67,240
120,68,61,120
0,80,72,120
120,69,57,120
0,75,63,120
0,81,75,120
0,39,59,120
0,51,70,120
120,70,63,120
0,82,70,120
120,72,59,120
0,79,59,120
0,84,70,120
0,58,55,240
0,61,55,240
0,63,55,240
0,67,65,240
120,73,59,120
0,85,70,120
120,72,63,120
0,80,63,120
0,84,75,120
0,56,55,120
0,63,55,120
0,68,65,120
240,77,64,180
0,80,64,180
0,89,76,180
0,68,64,180
0,59,64,180
0,62,64,180
0,71,64,180
180,75,58,54
0,80,58,54
0,87,69,54
0,68,58,54
0,60,58,54
0,72,58,54
0,63,58,54
60,75,65,120
0,80,65,120
0,87,77,120
0,68,65,120
0,72,65,120
0,60,65,120
0,63,65,120
180,87,60,60
0,75,60,60
0,53,56,240
30,63,56,210
30,73,64,180
0,81,64,180
0,85,76,180
0,69,66,180
180,72,59,60
0,84,70,60
0,46,60,240
30,53,60,210
30,70,64,120
0,82,76,120
0,61,71,180
180,39,56,240
30,46,56,210
30,58,59,180
0,66,59,180
0,70,70,180
0,54,66,180
180,60,59,60
0,72,70,60
0,34,52,240
30,41,52,240
30,61,62,240
0,65,62,240
0,73,74,240
0,49,62,180
240,61,61,180
0,63,61,180
0,66,61,180
0,73,72,180
0,27,52,180
0,39,62,180
180,60,58,60
0,72,69,60
0,34,52,240
30,41,52,210
30,58,63,240
0,65,63,240
0,70,75,240
0,49,62,180
180,39,51,240
30,46,51,210
30,56,61,180
0,58,61,180
0,63,61,180
0,68,72,180
0,51,61,180
180,54,57,60
0,66,68,60
0,34,56,240
30,41,56,210
30,53,60,120
0,61,60,120
0,65,71,120
0,49,66,180
240,45,59,60
0,33,50,60
60,46,59,60
0,34,50,60
60,48,60,60
0,36,51,60
60,49,61,60
0,37,51,60
60,51,61,60
0,39,51,60
60,53,62,60
0,41,52,60
60,55,63,60
0,43,53,60
60,57,63,60
0,45,53,60
60,58,64,60
0,46,54,60
60,60,65,60
0,48,55,60
60,61,65,60
0,49,55,60
60,63,66,60
0,51,56,60
60,65,67,60
0,53,56,60
60,67,67,60
0,55,56,60
60,69,68,60
0,57,57,60
60,70,68,60
0,58,57,60
60,72,69,60
0,60,58,60
60,73,70,60
0,61,59,60
60,75,70,60
0,63,59,60
60,77,71,60
0,65,60,60
60,79,72,60
0,67,61,60
60,81,72,60
0,69,61,60
60,82,77,120
0,70,77,120
180,84,71,60
60,73,64,120
0,82,76,120
0,79,76,120
0,27,62,120
0,39,73,120
120,81,71,120
0,78,71,120
0,72,60,120
120,73,63,240
0,79,75,240
0,82,75,240
0,39,56,120
0,51,66,120
240,72,60,240
0,79,71,240
0,84,71,240
0,51,61,240
0,63,72,240
240,68,62,240
0,72,62,240
0,80,73,240
0,65,70,240
0,60,59,240
0,53,59,240
240,63,60,240
0,68,60,240
0,75,71,240
0,48,56,240
0,56,56,240
0,60,66,240
240,65,65,240
0,68,65,240
0,77,77,240
0,49,61,240
0,56,72,240
0,61,72,240
240,68,61,240
0,72,61,240
0,80,72,240
0,41,56,240
0,53,66,240
240,61,69,240
0,65,69,240
0,70,81,240
0,73,81,240
0,46,60,240
0,53,72,240
0,58,72,240
240,65,66,240
0,68,66,240
0,73,78,240
0,77,78,240
0,34,58,240
0,46,69,240
240,58,74,240
0,63,74,240
0,68,87,240
0,70,87,240
0,39,65,240
0,51,77,240
240,61,69,240
0,63,69,240
0,67,69,240
0,70,82,240
0,75,82,240
0,27,60,240
0,39,71,240
240,77,82,360
0,85,82,360
0,89,97,360
0,32,67,120
0,44,79,120
240,60,67,240
0,51,67,240
0,63,79,240
120,75,79,108
0,84,79,108
0,87,93,108
120,75,79,240
0,84,79,240
0,87,93,240
0,68,77,240
0,60,77,240
0,56,64,240
180,63,71,60
60,63,71,48
0,39,72,60
0,51,85,60
48,65,71,48
48,63,71,48
48,62,71,48
48,63,71,48
48,68,87,120
0,44,73,120
0,56,86,120
240,72,74,120
0,80,74,120
0,84,88,120
0,27,61,240
0,39,73,240
120,73,73,120
0,82,73,120
0,85,86,120
120,77,79,120
0,85,79,120
0,89,93,120
0,32,67,240
0,44,79,240
180,75,74,54
0,84,74,54
0,87,88,54
60,75,74,120
0,84,74,120
0,87,93,120
0,60,61,240
0,63,73,240
0,51,61,240
120,74,74,120
0,83,74,120
0,86,88,120
120,75,74,240
0,84,74,240
0,87,88,240
0,68,75,240
0,60,75,240
0,56,63,240
180,63,70,60
60,63,70,48
0,39,67,60
0,51,80,60
48,65,70,48
48,63,70,48
48,62,70,48
48,63,70,48
48,68,87,120
0,44,73,120
0,56,86,120
240,84,88,120
0,72,74,120
0,80,74,120
0,27,61,240
0,39,73,240
120,85,86,120
0,73,73,120
0,82,73,120
120,85,79,120
0,89,93,120
0,77,79,120
0,32,67,240
0,44,79,240
120,75,74,240
0,84,74,240
0,87,88,60
60,89,81,60
60,87,93,120
0,60,61,240
0,63,73,240
0,51,61,240
120,83,74,120
0,86,88,120
0,74,74,120
120,85,79,120
0,89,93,120
0,77,79,120
0,68,75,240
0,60,75,240
0,56,63,240
120,84,74,240
0,87,88,60
0,75,74,240
60,89,81,60
60,87,93,120
0,39,61,120
0,51,73,120
120,74,74,120
0,83,74,120
0,86,88,120
120,75,74,180
0,84,74,180
0,87,88,180
0,44,64,120
0,56,77,120
180,75,72,240
0,39,62,210
30,82,72,210
0,46,62,180
30,90,85,180
0,54,74,150
150,41,62,240
30,75,70,240
0,48,62,300
30,81,70,210
0,51,74,180
30,89,83,180
0,57,74,150
150,72,70,270
0,53,61,240
30,75,70,240
0,60,61,210
30,77,70,210
0,63,73,180
30,84,83,180
0,69,73,150
180,70,70,240
0,46,63,300
30,77,70,210
0,53,75,270
30,85,83,180
0,61,75,240
240,78,80,80
0,42,60,240
0,54,71,240
80,66,80,80
80,78,80,80
80,65,71,240
0,77,84,240
0,41,60,240
0,53,71,240
240,61,74,240
0,73,79,240
0,37,58,240
0,49,69,240
240,78,82,360
0,87,82,360
0,90,97,360
0,34,67,120
0,46,79,120
240,61,79,240
0,53,67,240
0,65,79,240
120,77,79,108
0,85,79,108
0,89,93,108
120,77,79,240
0,85,79,240
0,89,93,240
0,70,77,240
0,61,77,240
0,58,64,240
180,65,71,60
60,65,71,48
0,41,72,60
0,53,85,60
48,66,71,48
48,65,71,48
48,64,71,48
48,65,71,48
48,70,87,120
0,46,73,120
0,58,86,120
240,73,74,120
0,85,88,120
0,82,74,120
0,29,61,240
0,41,73,240
120,75,73,120
0,84,73,120
0,87,86,120
120,90,93,120
0,78,79,120
0,87,79,120
0,34,67,240
0,46,79,240
180,77,74,54
0,85,74,54
0,89,88,54
60,85,74,120
0,77,74,120
0,89,93,120
0,61,61,240
0,65,73,240
0,53,61,240
120,76,74,120
0,88,88,120
0,84,74,120
120,77,88,240
0,85,74,240
0,89,88,240
0,70,75,240
0,61,75,240
0,58,63,240
180,65,71,60
60,65,71,48
0,41,67,60
0,53,80,60
48,66,71,48
48,65,71,48
48,64,71,48
48,65,71,48
48,70,87,240
0,46,73,120
0,58,86,120
240,79,81,120
0,91,96,120
0,85,81,120
0,34,61,240
0,46,73,240
120,80,80,120
0,92,94,120
120,84,85,120
0,96,101,120
0,27,67,120
0,39,79,120
120,87,74,120
0,91,88,120
120,96,93,120
0,84,79,120
0,67,60,240
0,61,60,240
0,72,72,120
0,63,60,240
120,70,70,120
60,94,92,54
0,82,78,54
60,82,81,120
0,94,97,120
0,51,75,120
120,84,70,120
0,87,84,120
120,94,90,120
0,82,75,120
0,70,72,120
0,60,58,240
0,63,69,240
120,68,70,120
60,80,68,54
0,92,80,54
60,80,79,120
0,92,93,120
0,51,73,120
120,87,79,120
0,82,67,120
120,92,88,120
0,80,74,120
0,68,72,120
0,58,56,240
0,63,67,240
120,67,70,120
60,91,79,54
0,79,67,54
60,79,75,120
0,91,90,120
0,46,70,120
120,86,78,120
0,82,66,120
120,79,72,120
0,91,85,120
0,67,72,120
0,56,55,240
0,62,66,240
0,58,55,240
120,65,70,120
60,89,81,54
0,77,68,54
60,89,88,120
0,77,73,120
0,51,72,120
120,82,75,120
0,79,64,120
120,77,69,120
0,89,82,120
0,65,72,120
0,55,57,240
0,58,68,240
120,63,70,120
60,75,64,60
0,87,75,60
60,73,75,120
0,85,90,120
0,41,62,240
0,53,74,480
120,77,64,120
0,80,75,120
120,85,84,120
0,73,70,120
0,61,72,120
0,56,68,240
120,60,70,120
60,84,74,60
0,72,63,60
60,65,92,480
0,37,62,240
0,49,74,240
240,53,55,240
0,58,64,240
240,67,70,60
0,36,63,240
0,48,75,240
60,68,71,60
60,67,71,60
60,68,72,60
60,65,72,120
0,52,57,240
0,60,68,240
0,58,57,240
120,67,73,120
120,68,75,60
0,29,66,240
0,41,78,240
60,70,75,60
60,68,77,60
60,70,77,60
60,67,78,120
0,53,73,240
0,56,73,240
0,60,73,240
120,68,79,120
120,61,48,240
0,67,48,240
0,69,82,120
0,39,57,120
0,51,69,120
120,70,77,120
120,61,44,240
0,67,44,240
0,72,77,120
0,51,54,240
0,58,63,240
120,73,77,120
120,60,69,240
0,68,69,240
0,72,82,240
0,44,60,240
0,51,60,240
0,56,71,240
240,77,83,180
0,59,70,180
0,62,70,180
0,65,70,180
0,68,70,180
180,63,63,54
0,60,63,54
0,75,75,54
0,68,63,54
60,60,71,120
0,75,84,120
0,63,71,120
0,68,71,120
120,68,79,240
120,80,83,120
0,44,61,240
0,56,72,240
180,67,64,60
0,79,77,60
60,65,64,480
0,77,77,480
0,37,62,240
0,49,74,240
240,53,55,240
0,58,64,240
240,67,70,120
0,36,63,240
0,48,75,240
120,79,71,40
40,80,72,40
40,79,71,40
40,65,61,120
0,77,72,120
0,58,57,240
0,64,68,9
0,60,57,240
120,67,61,120
0,79,73,120
120,68,70,120
0,29,66,240
0,41,78,240
120,80,71,40
40,82,71,40
40,80,71,40
40,67,66,120
0,79,78,120
0,56,73,240
0,60,73,240
0,65,73,240
120,68,67,120
0,80,79,120
120,69,69,120
0,75,69,120
0,81,82,120
0,39,64,120
0,51,77,120
120,70,69,120
0,82,77,120
120,72,64,120
0,79,64,120
0,84,77,120
0,58,60,240
0,61,60,240
0,63,60,240
0,67,71,240
120,73,64,120
0,85,77,120
120,72,69,120
0,80,69,120
0,84,82,120
0,56,60,120
0,63,60,120
0,68,71,120
240,77,70,180
0,80,70,180
0,89,83,180
0,68,70,180
0,59,70,180
0,62,70,180
0,71,70,180
180,75,63,54
0,80,63,54
0,87,75,54
0,68,63,54
0,60,63,54
0,72,63,54
0,63,63,54
60,75,71,120
0,80,71,120
0,87,84,120
0,68,71,120
0,72,71,120
0,60,71,120
0,63,71,120
150,53,61,270
30,87,66,60
0,75,66,60
0,60,61,240
30,63,61,210
30,73,70,180
0,81,70,180
0,85,83,180
0,69,72,180
180,72,64,60
0,84,77,60
0,46,66,240
30,53,66,210
30,70,70,120
0,82,83,120
0,61,78,180
180,51,61,240
30,58,61,210
30,70,64,180
0,78,64,180
0,82,77,180
0,66,72,180
180,72,64,60
0,84,77,60
0,46,57,240
30,53,57,210
30,73,68,240
0,77,68,240
0,85,81,240
0,61,68,180
180,39,57,240
30,46,57,210
30,75,67,180
0,73,67,180
0,85,79,180
0,78,67,180
0,54,68,180
180,72,63,60
0,84,75,60
0,34,57,240
30,41,57,210
30,70,69,240
0,77,69,240
0,82,82,240
0,49,68,180
180,39,56,240
30,46,56,210
30,68,67,180
0,75,67,180
0,80,79,180
0,70,67,180
0,54,67,180
180,66,62,60
0,78,74,60
0,46,61,240
30,53,61,210
30,73,66,120
0,77,78,120
0,65,66,120
0,61,72,180
240,45,64,60
0,33,55,60
60,46,64,60
0,34,55,60
60,48,66,60
0,36,56,60
60,49,67,60
0,37,56,60
60,51,67,60
0,39,56,60
60,53,68,60
0,41,57,60
60,55,69,60
0,43,58,60
60,57,69,60
0,45,58,60
60,58,70,60
0,46,59,60
60,60,71,60
0,48,60,60
60,61,71,60
0,49,60,60
60,63,72,60
0,51,61,60
60,65,73,60
0,53,61,60
60,67,73,60
0,55,61,60
60,69,74,60
0,57,62,60
60,70,74,60
0,58,62,60
60,72,75,60
0,60,63,60
60,73,77,60
0,61,64,60
60,75,77,60
0,63,64,60
60,77,78,60
0,65,66,60
60,79,77,60
0,67,67,60
60,81,77,60
0,69,65,60
60,82,78,60
0,70,66,60
60,84,79,60
0,72,67,60
60,85,80,60
0,73,68,60
60,87,80,60
0,75,69,60
60,89,81,60
0,77,70,60
60,91,82,90
0,79,71,90
90,93,83,90
0,81,72,60
90,94,92,120
0,82,92,120
180,96,85,60
60,85,77,120
0,94,91,120
0,91,91,120
0,27,68,120
0,39,80,120
120,90,85,120
0,84,72,120
0,93,85,120
120,85,75,240
0,91,90,240
0,94,90,240
0,51,61,120
0,63,72,120
240,84,72,240
0,91,85,240
0,96,85,240
0,72,67,240
0,67,67,240
0,63,67,240
0,75,79,240
240,80,74,240
0,84,74,240
0,92,88,240
0,77,77,240
0,72,64,240
0,65,64,240
240,75,72,240
0,80,72,240
0,87,85,240
0,60,61,240
0,68,61,240
0,72,72,240
240,77,72,120
0,80,72,120
0,89,85,120
0,61,61,120
0,68,61,120
0,73,72,120
240,61,67,180
0,55,56,180
0,63,67,480
0,39,58,480
0,51,69,480
180,55,56,54
0,61,67,54
60,55,61,480
0,61,72,480
0,70,72,480
240,27,51,120
0,39,61,120
240,56,56,120
0,60,56,120
0,68,67,120
0,32,51,120
0,44,61,120
480,72,66,120
0,84,78,120
0,24,47,120
0,36,55,120
240,60,42,120
0,72,51,120
0,36,34,120
0,48,41,120
180,60,40,60
0,72,47,60
0,36,33,60
0,48,39,60
60,61,45,240
0,72,55,240
0,40,44,240
0,49,44,240
240,60,41,120
0,72,51,120
0,28,35,120
0,40,42,120
180,60,39,60
0,72,47,60
0,40,36,60
0,48,44,60
60,63,49,240
0,72,58,240
0,41,40,240
0,51,49,240
240,60,46,120
0,72,55,120
0,29,39,120
0,41,47,120
180,61,44,60
0,72,52,60
0,41,37,60
0,49,45,60
60,65,51,240
0,72,62,240
0,43,44,240
0,53,51,240
240,60,49,120
0,72,58,120
0,31,39,120
0,43,48,120
180,64,47,12
0,72,55,60
0,43,39,60
0,52,45,60
60,67,55,240
0,72,67,240
0,44,51,240
0,55,51,240
240,60,51,120
0,72,61,120
0,32,42,120
0,44,51,120
180,65,48,60
0,72,56,60
0,44,43,60
0,53,51,60
60,68,56,240
0,72,68,240
0,44,48,240
0,56,56,240
240,60,55,120
0,72,66,120
0,32,47,120
0,44,56,120
180,66,51,60
0,72,61,60
0,44,45,60
0,54,52,60
60,67,55,240
0,72,68,240
0,64,55,240
0,76,68,240
0,43,46,240
0,55,55,240
240,84,71,480
0,88,71,480
0,76,71,480
0,55,52,60
0,67,52,60
120,55,54,60
0,67,54,60
120,57,60,120
0,69,60,120
120,55,56,120
0,67,56,120
120,74,66,120
0,83,66,120
0,86,66,120
0,55,56,60
0,67,56,60
120,76,69,120
0,84,69,120
0,88,69,120
0,55,56,60
0,67,56,60
120,89,71,240
0,86,71,240
0,77,71,240
0,55,65,120
0,67,65,120
240,76,71,180
0,79,71,180
0,88,71,180
0,62,53,240
0,65,53,240
0,67,53,240
0,71,53,240
180,74,68,60
0,86,68,60
60,76,68,240
0,84,68,240
0,88,68,240
0,60,49,240
0,67,49,240
0,72,49,240
240,60,59,60
0,48,50,60
60,64,61,60
0,52,51,60
60,67,62,60
0,55,52,60
60,71,63,60
0,59,53,60
60,72,64,60
0,60,54,60
60,76,66,60
0,64,56,60
60,79,68,60
0,67,57,60
60,83,68,60
0,71,57,60
60,84,70,60
0,72,62,120
60,88,72,60
60,91,73,60
0,60,56,120
60,96,74,60
60,85,63,240
0,97,75,240
0,61,49,240
0,73,58,240
240,86,67,240
0,98,79,240
0,62,52,240
0,74,62,240
240,87,69,120
0,99,82,120
0,63,55,120
0,75,65,120
240,63,42,120
0,75,51,120
0,39,34,120
0,51,41,120
180,63,40,60
0,75,47,60
0,39,33,60
0,51,39,60
60,64,45,240
0,75,55,240
0,43,44,240
0,52,44,240
240,63,41,120
0,75,51,120
0,31,35,120
0,43,42,120
180,63,39,60
0,75,47,60
0,43,36,60
0,51,44,60
60,66,49,240
0,75,58,240
0,44,40,240
0,54,49,240
240,63,46,120
0,75,55,120
0,32,39,120
0,44,47,120
180,64,44,11
0,75,52,60
0,44,37,60
0,52,45,60
60,68,51,240
0,75,62,240
0,46,44,240
0,56,51,240
240,63,49,120
0,75,58,120
0,34,39,120
0,46,48,120
180,67,47,60
0,75,55,60
0,46,38,60
0,55,45,60
60,70,55,240
0,75,67,240
0,47,51,240
0,58,51,240
240,63,51,120
0,75,61,120
0,35,42,120
0,47,51,120
180,68,48,60
0,75,56,60
0,47,43,60
0,56,51,60
60,71,56,240
0,75,68,240
0,47,48,240
0,59,56,240
240,63,55,120
0,75,66,120
0,35,47,120
0,47,56,120
180,69,51,60
0,75,61,60
0,47,45,60
0,57,52,60
60,70,55,240
0,75,68,240
0,67,55,240
0,79,68,240
0,46,46,240
0,58,55,240
240,87,71,480
0,91,71,480
0,79,71,480
0,58,52,60
0,70,52,60
120,58,54,60
0,70,54,60
120,60,60,120
0,72,60,120
120,58,56,120
0,70,56,120
120,78,66,120
0,86,66,120
0,90,66,120
0,58,56,60
0,70,56,60
120,79,69,120
0,87,69,120
0,91,69,120
0,58,56,60
0,70,56,60
120,92,71,240
0,86,71,240
0,80,71,240
0,58,65,120
0,70,65,120
150,58,53,330
30,65,53,300
30,68,53,270
30,79,71,180
0,86,71,180
0,91,71,180
0,74,53,240
180,77,68,60
0,89,68,60
60,79,68,240
0,87,68,240
0,91,68,240
0,63,49,240
0,67,49,240
0,75,49,240
240,68,56,240
0,79,67,180
0,51,40,240
0,59,40,240
0,63,48,240
180,77,63,60
60,67,50,240
0,75,59,240
0,51,38,240
0,58,38,240
0,63,45,240
240,56,56,240
0,67,67,180
0,39,40,240
0,47,40,240
0,51,48,240
180,65,63,60
60,55,50,240
0,63,59,240
0,39,38,240
0,46,38,240
0,51,45,240
240,27,45,120
0,39,45,120
240,65,68,960
0,25,49,120
0,37,58,120
240,53,38,90
0,55,45,90
120,53,39,90
0,55,47,90
120,53,41,180
0,55,49,180
240,53,38,180
0,55,45,180
240,58,63,480
0,53,38,180
0,55,45,180
240,53,38,180
0,55,45,180
240,60,67,720
0,36,45,240
0,48,53,960
240,52,39,90
0,55,47,90
120,52,39,90
0,55,47,90
120,52,42,180
0,55,50,180
240,60,64,180
0,52,38,180
0,55,45,180
180,61,62,60
60,61,53,60
0,34,46,240
0,46,55,240
60,63,54,60
60,61,56,60
60,63,56,60
60,61,57,48
0,55,45,240
0,53,38,240
48,63,57,48
48,61,56,48
48,60,56,48
48,61,55,48
48,60,67,720
0,36,45,240
0,48,53,960
240,52,39,90
0,55,47,90
120,52,39,90
0,55,47,90
120,55,50,180
0,52,42,180
240,60,64,180
0,52,38,180
0,55,45,180
180,61,62,60
60,61,53,60
0,34,46,240
0,46,55,240
60,63,54,60
60,61,56,60
60,63,56,60
60,61,57,48
0,53,38,240
0,55,45,240
48,63,57,48
48,61,56,48
48,60,56,48
48,61,55,48
48,60,64,240
0,48,53,240
0,36,45,240
240,62,56,120
0,60,47,90
0,55,39,90
0,58,39,90
120,64,58,120
0,55,39,90
0,58,39,90
0,60,47,90
120,65,61,240
0,55,42,180
0,58,42,180
0,60,50,180
240,67,64,240
0,58,38,180
0,55,38,180
0,60,45,180
240,70,63,120
0,41,46,240
0,53,55,480
120,68,62,120
120,67,61,120
0,56,38,240
0,60,45,240
120,65,59,60
60,65,49,30
30,65,48,30
30,77,68,960
0,37,49,240
0,49,58,240
240,58,38,90
0,55,38,90
0,65,45,90
120,55,39,90
0,65,47,90
0,58,39,90
120,58,41,180
0,55,41,180
0,65,49,180
240,55,38,180
0,58,38,180
0,65,45,180
240,58,53,480
0,70,63,480
0,55,38,180
0,65,45,180
240,65,45,180
0,55,38,180
240,60,56,720
0,72,67,720
0,36,45,240
0,48,53,240
240,64,47,90
0,55,39,90
120,64,47,90
0,55,39,90
120,64,50,180
0,55,42,180
240,72,64,180
0,55,38,180
0,64,45,155
180,73,62,30
30,61,49,30
30,73,53,60
0,34,46,240
0,46,55,240
60,75,54,60
60,73,56,60
60,75,56,60
60,73,57,48
0,56,38,240
0,53,38,240
0,65,45,240
48,75,57,48
48,73,56,48
48,72,56,48
48,73,55,48
48,60,56,720
0,72,67,720
0,36,45,240
0,48,53,240
240,64,47,90
0,55,39,90
120,64,48,90
0,55,40,90
120,64,50,180
0,55,43,180
240,72,66,180
0,55,39,180
0,64,46,180
180,73,64,30
30,61,51,30
30,73,55,60
0,34,48,240
0,46,57,240
60,75,56,60
60,73,58,60
60,75,58,60
60,73,60,48
0,56,40,240
0,65,48,240
0,53,40,240
48,75,60,48
48,73,59,48
48,72,58,48
48,73,57,48
48,74,56,60
0,34,49,240
0,46,58,240
60,75,57,60
60,74,59,60
60,75,60,60
60,74,61,48
0,56,41,240
0,62,41,240
0,68,50,240
0,58,41,240
48,75,61,48
48,74,61,48
48,73,60,48
48,74,59,48
48,75,58,60
0,39,62,240
0,27,53,240
60,77,59,60
60,75,60,60
60,77,62,60
60,75,62,60
0,61,46,240
0,58,46,240
0,63,54,240
0,55,46,240
60,77,63,60
60,75,64,60
60,77,65,60
60,75,66,60
0,58,57,240
0,61,57,240
0,63,57,240
0,67,68,240
60,77,68,60
60,75,69,60
60,74,69,60
60,75,67,60
0,61,49,480
0,63,49,480
0,67,49,480
0,73,59,480
60,77,68,60
60,79,70,60
60,80,71,60
60,82,72,60
60,84,74,60
60,85,75,60
60,87,76,60
60,77,82,360
0,85,82,360
0,89,97,360
0,32,67,120
0,44,79,120
240,60,67,240
0,51,67,240
0,63,79,240
120,75,79,108
0,84,79,108
0,87,93,108
120,75,79,240
0,84,79,240
0,87,93,240
0,68,77,240
0,60,77,240
0,56,64,240
180,63,71,60
60,63,71,48
0,39,72,60
0,51,85,60
48,65,71,48
48,63,71,48
48,62,71,48
48,63,71,48
48,68,87,120
0,44,73,120
0,56,86,120
240,72,74,120
0,80,74,120
0,84,88,120
0,27,61,240
0,39,73,240
120,73,73,120
0,82,73,120
0,85,86,120
120,77,79,120
0,85,79,120
0,89,93,120
0,32,67,240
0,44,79,240
180,75,74,54
0,84,74,54
0,87,88,54
60,75,74,120
0,84,74,120
0,87,93,120
0,60,61,240
0,63,73,240
0,51,61,240
120,74,74,120
0,83,74,120
0,86,88,120
120,75,74,240
0,84,74,240
0,87,88,240
0,68,75,240
0,60,75,240
0,56,63,240
180,63,70,60
60,63,70,48
0,39,67,60
0,51,80,60
48,65,70,48
48,63,70,48
48,62,70,48
48,63,70,48
48,68,87,120
0,44,73,120
0,56,86,120
240,84,88,120
0,72,74,120
0,80,74,120
0,27,61,240
0,39,73,240
120,85,86,120
0,73,73,120
0,82,73,120
120,85,79,120
0,89,93,120
0,77,79,120
0,32,67,240
0,44,79,240
120,75,74,240
0,84,74,240
0,87,88,60
60,89,81,60
60,87,93,120
0,60,61,240
0,63,73,240
0,51,61,240
120,83,74,120
0,86,88,120
0,74,74,120
120,85,79,120
0,89,93,120
0,77,79,120
0,68,75,240
0,60,75,240
0,56,63,240
120,84,74,240
0,87,88,60
0,75,74,240
60,89,81,60
60,87,93,120
0,39,61,120
0,51,73,120
120,74,74,120
0,83,74,120
0,86,88,120
120,75,74,180
0,84,74,180
0,87,88,180
0,44,64,120
0,56,77,120
180,75,72,240
0,39,62,210
30,82,72,210
0,46,62,180
30,90,85,180
0,54,74,150
150,41,62,240
30,75,70,240
0,48,62,300
30,81,70,210
0,51,74,180
30,89,83,180
0,57,74,150
150,72,70,270
0,53,61,240
30,75,70,240
0,60,61,210
30,77,70,210
0,63,73,180
30,84,83,180
0,69,73,150
180,70,70,240
0,46,63,300
30,77,70,210
0,53,75,270
30,85,83,180
0,61,75,240
240,78,80,80
0,42,60,240
0,54,71,240
80,66,80,80
80,78,80,80
80,65,71,240
0,77,84,240
0,41,60,240
0,53,71,240
240,61,74,240
0,73,79,240
0,37,58,240
0,49,69,240
240,78,82,360
0,87,82,360
0,90,97,360
0,34,67,120
0,46,79,120
240,61,79,240
0,53,67,240
0,65,79,240
120,77,79,108
0,85,79,108
0,89,93,108
120,77,79,240
0,85,79,240
0,89,93,240
0,70,77,240
0,61,77,240
0,58,64,240
180,65,71,60
60,65,71,48
0,41,72,60
0,53,85,60
48,66,71,48
48,65,71,48
48,64,71,48
48,65,71,48
48,70,87,240
0,46,73,120
0,58,86,120
240,73,74,120
0,85,88,120
0,82,74,120
0,29,61,240
0,41,73,240
120,75,73,120
0,84,73,120
0,87,86,120
120,90,93,120
0,78,79,120
0,87,79,120
0,34,67,240
0,46,79,240
180,77,74,60
0,85,74,60
0,89,88,60
60,85,74,120
0,77,74,120
0,89,93,120
0,61,61,240
0,65,73,240
0,53,61,240
120,76,74,120
0,88,88,120
0,84,74,120
120,77,88,240
0,85,74,240
0,89,88,240
0,70,75,240
0,61,75,240
0,58,63,240
180,65,71,60
60,65,71,48
0,41,67,60
0,53,80,60
48,66,71,48
48,65,71,48
48,64,71,48
48,65,71,48
48,70,87,240
0,46,73,120
0,58,86,120
240,79,81,120
0,91,96,120
0,85,81,120
0,34,61,240
0,46,73,240
120,80,80,120
0,92,94,120
120,84,85,120
0,96,101,120
0,27,67,120
0,39,79,120
120,87,74,120
0,91,88,120
120,96,93,120
0,84,79,120
0,67,60,240
0,61,60,240
0,72,72,120
0,63,60,240
120,70,70,120
60,94,92,54
0,82,78,54
60,82,81,120
0,94,97,120
0,51,75,120
120,84,70,120
0,87,84,120
120,94,90,120
0,82,75,120
0,70,72,120
0,60,58,240
0,63,69,240
120,68,70,120
60,80,68,54
0,92,80,54
60,80,79,120
0,92,93,120
0,51,73,120
120,87,79,120
0,82,67,120
120,92,88,120
0,80,74,120
0,68,72,120
0,58,56,240
0,63,67,240
120,67,70,120
60,91,79,54
0,79,67,54
60,79,75,120
0,91,90,120
0,46,70,120
120,86,78,120
0,82,66,120
120,79,72,120
0,91,85,120
0,67,72,120
0,56,55,240
0,62,66,240
0,58,55,240
120,65,70,120
60,89,81,54
0,77,68,54
60,89,88,120
0,77,73,120
0,51,72,120
120,82,75,120
0,79,64,120
120,77,69,120
0,89,82,120
0,65,72,120
0,55,57,240
0,58,68,240
120,63,70,120
60,75,64,60
0,87,75,60
60,73,75,120
0,85,90,120
0,41,62,240
0,53,74,480
120,77,64,120
0,80,75,120
120,85,84,120
0,73,70,120
0,61,72,120
0,56,68,240
120,60,70,120
60,84,74,60
0,72,63,60
60,65,92,480
0,37,62,240
0,49,74,240
240,53,55,240
0,58,64,240
240,67,56,60
0,36,50,240
0,48,60,240
60,68,56,60
60,67,56,60
60,68,57,60
60,65,57,120
0,52,45,240
0,60,54,240
0,58,45,240
120,67,58,120
120,68,60,60
0,29,52,240
0,41,62,240
60,70,60,60
60,68,61,60
60,70,61,60
60,67,62,120
0,53,58,240
0,56,58,240
0,60,58,240
120,68,63,120
120,61,46,240
0,67,46,240
0,69,65,120
0,39,43,120
0,51,51,120
120,70,61,120
120,61,43,240
0,67,43,240
0,72,61,120
0,51,40,240
0,58,47,240
120,73,61,120
120,60,46,240
0,68,55,240
0,72,65,240
0,44,40,240
0,51,48,240
0,56,56,240
240,77,66,180
0,59,56,180
0,62,56,180
0,65,56,180
0,68,56,180
180,63,50,54
0,60,50,54
0,75,60,54
0,68,50,54
60,60,56,120
0,75,67,120
0,63,56,120
0,68,56,120
120,68,63,240
120,80,75,120
0,44,55,240
0,56,65,240
180,67,58,60
0,79,70,60
60,65,58,480
0,77,70,480
0,37,56,240
0,49,67,240
240,53,50,240
0,58,58,240
240,67,64,120
0,36,57,240
0,48,69,240
120,79,64,40
40,80,65,40
40,79,64,40
40,65,55,120
0,77,65,120
0,58,51,240
0,64,62,10
0,60,51,240
120,67,55,120
0,79,66,120
120,68,64,120
0,29,59,240
0,41,71,240
120,80,64,40
40,82,64,40
40,80,64,40
40,67,59,120
0,79,71,120
0,56,66,240
0,60,66,240
0,65,66,240
120,68,60,120
0,80,72,120
120,69,52,120
0,75,52,120
0,81,74,120
0,39,58,120
0,51,70,120
120,70,63,120
0,82,70,120
120,72,49,120
0,79,58,120
0,84,70,120
0,58,46,240
0,61,46,240
0,63,55,240
0,67,64,240
120,73,58,120
0,85,70,120
120,72,63,120
0,80,63,120
0,84,74,120
0,56,55,120
0,63,55,120
0,68,64,120
240,77,64,180
0,80,64,180
0,89,75,180
0,68,64,180
0,59,64,180
0,62,64,180
0,71,64,180
180,75,57,54
0,80,57,54
0,87,69,54
0,68,57,54
0,60,57,54
0,72,57,54
0,63,57,54
60,75,64,120
0,80,64,120
0,87,77,120
0,68,64,120
0,72,64,120
0,60,64,120
0,63,64,120
150,53,55,270
30,87,59,60
0,75,59,60
0,60,55,240
30,63,55,210
30,73,64,180
0,81,64,180
0,85,75,180
0,69,65,180
180,72,58,60
0,84,70,60
0,46,59,240
30,53,59,210
30,70,64,120
0,82,75,120
0,61,71,180
180,51,55,240
30,58,55,210
30,70,58,180
0,78,58,180
0,82,70,180
0,66,65,180
180,72,58,60
0,84,70,60
0,46,51,240
30,53,51,210
30,73,62,240
0,77,62,240
0,85,73,240
0,61,62,180
180,39,51,240
30,46,51,210
30,75,60,180
0,73,60,180
0,85,72,180
0,78,60,180
0,54,62,180
180,72,57,60
0,84,69,60
0,34,51,240
30,41,51,210
30,70,63,240
0,77,63,240
0,82,74,240
0,49,62,180
180,39,50,240
30,46,50,210
30,68,60,180
0,75,60,180
0,80,72,180
0,70,60,180
0,54,60,180
180,66,56,60
0,78,67,60
0,46,55,240
30,53,55,210
30,73,59,120
0,77,71,120
0,65,59,120
0,61,65,180
240,45,64,60
0,33,55,60
60,46,64,60
0,34,55,60
60,48,66,60
0,36,56,60
60,49,67,60
0,37,56,60
60,51,67,60
0,39,56,60
60,53,68,60
0,41,57,60
60,55,69,60
0,43,58,60
60,57,69,60
0,45,58,60
60,58,70,60
0,46,59,60
60,60,71,60
0,48,60,60
60,61,71,60
0,49,60,60
60,63,72,60
0,51,61,60
60,65,73,60
0,53,61,60
60,67,73,60
0,55,61,60
60,69,74,60
0,57,62,60
60,70,74,60
0,58,62,60
60,72,75,60
0,60,63,60
60,73,77,60
0,61,64,60
60,75,77,60
0,63,64,60
60,77,78,60
0,65,66,60
60,79,77,60
0,67,67,60
60,81,77,60
0,69,65,60
60,82,78,60
0,70,66,60
60,84,79,60
0,72,67,60
60,85,80,60
0,73,68,60
60,87,80,60
0,75,69,60
60,89,81,60
0,77,70,60
60,91,82,90
0,79,71,90
90,93,83,90
0,81,72,60
90,94,92,120
0,82,92,120
180,96,85,60
60,85,77,120
0,94,91,120
0,91,91,120
0,27,68,120
0,39,80,120
120,90,85,120
0,84,72,120
0,93,85,120
120,85,75,240
0,91,90,240
0,94,90,240
0,51,61,120
0,63,72,120
240,84,72,240
0,91,85,240
0,96,85,240
0,72,67,240
0,67,67,240
0,63,67,240
0,75,79,240
240,80,74,240
0,84,74,240
0,92,88,240
0,77,77,240
0,72,64,240
0,65,64,240
240,75,72,240
0,80,72,240
0,87,85,240
0,60,61,240
0,68,61,240
0,72,72,240
240,77,72,120
0,80,72,120
0,89,85,120
0,61,61,120
0,68,61,120
0,73,72,120
240,61,67,180
0,55,56,180
0,63,67,480
0,39,58,480
0,51,69,480
180,55,56,54
0,61,67,54
60,55,61,480
0,61,72,480
0,70,72,480
240,27,51,120
0,39,61,120
240,56,56,120
0,60,56,120
0,68,67,120
0,32,51,120
0,44,61,120
390,56,67,480
30,59,70,450
0,40,53,450
30,64,74,420
0,47,56,420
30,68,80,390
0,52,60,390
390,56,67,480
30,59,70,450
0,40,53,450
30,64,74,420
0,47,56,420
30,68,79,390
0,52,60,390
390,56,66,480
30,59,69,450
0,40,53,450
30,64,72,420
0,47,56,420
30,68,78,390
0,52,60,390
390,56,67,480
30,59,70,450
0,40,53,450
30,64,74,420
0,47,56,420
30,68,79,390
0,52,60,390
390,56,67,480
30,59,70,450
0,40,53,450
30,64,74,420
0,47,56,420
30,68,79,390
0,52,60,390
390,56,67,570
30,59,70,540
0,40,53,540
30,64,75,510
0,47,56,510
30,68,81,480
0,52,60,480
480,56,65,60
0,59,65,60
0,64,74,60
0,68,80,60
0,40,53,60
0,47,53,60
0,52,63,60
120,39,24,60
0,51,28,60
120,37,24,60
0,49,28,60
120,35,24,60
0,47,28,60
120,40,28,60
0,52,35,60
120,39,27,60
0,51,32,60
120,37,24,60
0,49,28,60
120,35,24,60
0,47,28,60
120,40,28,60
0,52,35,60
120,39,24,60
0,51,28,60
120,37,24,60
0,49,28,60
120,35,24,60
0,47,28,60
120,40,29,60
0,52,34,60
120,39,24,60
0,51,28,60
120,37,24,60
0,49,28,60
120,35,24,60
0,47,28,60
120,40,29,60
0,52,34,60
120,39,26,60
0,51,32,60
120,37,24,60
0,49,29,60
120,35,24,60
0,47,29,60
120,40,29,60
0,52,35,60
120,39,23,60
0,51,28,60
120,37,23,60
0,49,28,60
120,35,23,60
0,47,28,60
120,56,36,960
0,59,44,960
0,40,30,60
0,52,36,60
120,39,24,60
0,51,29,60
120,37,25,60
0,49,29,60
120,35,25,60
0,47,29,60
120,40,30,60
0,52,36,60
120,39,28,60
0,51,34,60
120,37,25,60
0,49,30,60
120,35,25,60
0,47,30,60
120,57,34,360
0,59,41,360
0,40,30,60
0,52,36,60
120,39,25,60
0,51,29,60
120,37,25,60
0,49,29,60
120,57,36,120
0,59,43,120
0,35,26,60
0,47,30,60
120,56,36,360
0,59,43,360
0,40,31,60
0,52,36,60
120,39,26,60
0,51,30,60
120,37,26,60
0,49,30,60
120,56,35,120
0,64,41,120
0,35,26,60
0,47,30,60
120,56,39,480
0,59,39,480
0,68,46,480
0,40,31,60
0,52,36,60
120,39,28,60
0,51,33,60
120,37,25,60
0,49,30,60
120,35,25,60
0,47,30,60
120,57,33,480
0,59,33,480
0,66,40,480
0,40,30,60
0,52,37,60
120,39,25,60
0,51,30,60
120,37,25,60
0,49,30,60
120,35,25,60
0,47,30,60
120,56,35,360
0,59,42,360
0,40,30,60
0,52,37,60
120,39,25,60
0,51,30,60
120,37,25,60
0,49,30,60
120,56,34,120
0,64,41,120
0,35,25,60
0,47,30,60
120,56,36,240
0,59,36,240
0,68,44,240
0,40,31,60
0,52,38,60
120,39,30,60
0,51,35,60
120,37,26,60
0,49,33,60
120,57,34,120
0,63,40,120
0,35,26,60
0,47,33,60
120,56,34,240
0,64,41,240
0,40,33,60
0,52,39,60
120,39,27,60
0,51,32,60
120,56,35,240
0,64,35,240
0,68,41,240
0,37,27,60
0,49,33,60
120,35,28,60
0,47,33,60
120,59,39,240
0,68,39,240
0,71,46,240
0,40,34,60
0,52,41,60
120,39,27,60
0,51,33,60
120,61,39,60
0,68,39,60
0,73,47,60
0,37,27,60
0,49,33,60
120,63,40,60
0,68,40,60
0,75,48,60
0,35,28,60
0,47,33,60
120,64,42,120
0,68,42,120
0,76,50,120
0,40,35,60
0,52,41,60
120,39,31,60
0,51,38,60
120,59,38,120
0,68,38,120
0,71,45,120
0,37,28,60
0,49,35,60
120,35,28,60
0,47,35,60
120,68,45,480
0,71,45,480
0,80,53,480
0,40,36,60
0,52,42,60
120,39,29,60
0,51,34,60
120,37,29,60
0,49,34,60
120,35,29,60
0,47,34,60
120,59,40,720
0,66,40,720
0,69,40,720
0,71,48,720
0,40,35,60
0,52,41,60
120,39,29,60
0,51,34,60
120,37,29,60
0,49,34,60
120,35,29,60
0,47,34,60
120,40,35,60
0,52,42,60
120,39,33,60
0,51,39,60
120,59,41,60
0,69,41,60
0,71,49,60
0,37,29,60
0,49,35,60
120,59,41,60
0,69,41,60
0,71,49,60
0,35,29,60
0,47,35,60
120,59,43,120
0,69,43,120
0,71,51,120
0,40,35,60
0,52,42,60
120,39,28,60
0,51,34,60
120,59,40,120
0,69,40,120
0,71,48,120
0,37,29,60
0,49,34,60
120,35,29,60
0,47,34,60
120,59,44,360
0,68,44,360
0,71,52,360
0,40,35,60
0,52,41,60
120,39,29,60
0,51,35,60
120,37,29,60
0,49,35,60
120,64,41,108
0,68,41,108
0,76,50,108
0,35,29,60
0,47,35,60
120,64,44,480
0,68,44,480
0,76,52,480
0,40,36,60
0,52,42,60
120,39,32,60
0,51,39,60
120,37,29,60
0,49,36,60
120,35,29,60
0,47,35,60
120,59,40,480
0,64,40,480
0,68,48,480
0,40,36,60
0,52,42,60
120,39,29,60
0,51,35,60
120,37,29,60
0,49,35,60
120,35,29,60
0,47,35,60
120,57,45,240
0,59,45,240
0,66,53,720
0,40,36,60
0,52,42,60
120,39,29,60
0,51,35,60
120,57,43,60
0,59,51,60
0,37,29,60
0,49,35,60
120,59,51,60
0,57,43,60
0,35,29,60
0,47,35,60
120,57,45,120
0,59,54,120
0,40,36,60
0,52,42,60
120,39,32,60
0,51,39,60
120,57,44,240
0,59,44,240
0,66,52,240
0,37,29,60
0,49,36,60
120,35,29,60
0,47,36,60
120,57,44,60
0,59,44,60
0,68,52,60
0,40,36,60
0,52,43,60
120,57,43,60
0,59,43,60
0,66,51,60
0,39,29,60
0,51,36,60
120,57,42,60
0,59,42,60
0,64,50,60
0,37,29,60
0,49,36,60
120,63,40,60
0,57,40,60
0,59,40,60
0,66,48,60
0,35,29,60
0,47,36,60
120,56,52,360
0,64,44,840
0,68,52,840
0,40,36,60
0,52,43,60
120,39,29,60
0,51,36,60
120,37,30,60
0,49,36,60
120,61,50,120
0,35,30,60
0,47,35,60
120,59,52,960
0,40,37,60
0,52,43,60
120,39,33,60
0,51,40,60
120,37,30,60
0,49,37,60
120,68,42,108
0,71,51,108
0,35,30,60
0,47,37,60
120,68,42,480
0,71,51,480
0,40,37,60
0,52,43,60
120,39,30,60
0,51,36,60
120,37,30,60
0,49,37,60
120,35,30,60
0,47,37,60
120,56,45,720
0,59,53,720
0,40,37,60
0,52,44,60
120,39,31,60
0,51,37,60
120,37,31,60
0,49,37,60
120,35,31,60
0,47,38,60
120,40,38,60
0,52,45,60
120,39,36,60
0,51,42,60
120,55,45,60
0,59,54,60
0,37,31,60
0,49,38,60
120,56,46,60
0,59,54,60
0,35,31,60
0,47,39,60
120,57,48,120
0,59,57,120
0,40,40,60
0,52,48,60
120,39,33,60
0,51,40,60
120,57,47,60
0,61,55,60
0,37,33,60
0,49,41,60
120,57,48,60
0,63,57,60
0,35,34,60
0,47,42,60
120,56,51,360
0,64,61,360
0,40,43,60
0,52,51,60
120,39,34,60
0,51,43,60
120,37,35,60
0,49,43,60
120,56,49,108
0,59,49,108
0,35,37,60
0,47,43,60
120,56,51,480
0,59,51,480
0,68,61,480
0,40,44,60
0,52,53,60
120,39,41,60
0,51,49,60
120,37,38,60
0,49,46,60
120,35,38,60
0,47,46,60
120,57,53,480
0,59,53,480
0,66,63,480
0,40,47,60
0,52,57,60
120,39,38,60
0,51,46,60
120,37,40,60
0,49,47,60
120,35,40,60
0,47,48,60
120,56,57,360
0,59,67,360
0,40,51,60
0,52,59,60
120,39,41,60
0,51,50,60
120,37,41,60
0,49,50,60
120,56,60,108
0,64,71,108
0,35,42,60
0,47,51,60
120,56,61,240
0,59,61,240
0,68,72,240
0,40,52,60
0,52,61,60
120,39,48,60
0,51,58,60
120,37,44,60
0,49,55,60
120,57,59,120
0,63,71,120
0,35,45,60
0,47,56,60
120,56,61,240
0,64,73,240
0,40,56,60
0,52,66,60
120,39,45,60
0,51,53,60
120,56,63,240
0,64,63,240
0,68,76,240
0,37,46,60
0,49,54,60
120,35,47,60
0,47,57,60
120,59,66,480
0,68,66,480
0,71,78,480
0,40,58,60
0,52,69,60
120,39,47,60
0,51,57,60
120,37,47,60
0,49,57,60
120,35,48,60
0,47,58,60
120,61,61,120
0,68,61,120
0,73,72,120
0,40,62,60
0,52,73,60
120,63,64,120
0,68,64,120
0,75,75,120
0,39,56,60
0,51,67,60
120,64,64,120
0,68,64,120
0,76,77,120
0,37,52,60
0,49,63,60
120,66,68,120
0,71,68,120
0,78,82,120
0,35,52,60
0,47,63,60
120,71,85,360
0,68,71,480
0,76,71,480
0,80,85,480
0,40,64,60
0,52,77,60
120,39,53,60
0,51,63,60
120,40,54,60
0,52,64,60
120,70,81,840
0,38,55,60
0,50,65,60
120,67,74,720
0,75,74,720
0,79,88,720
0,39,66,60
0,51,77,60
120,38,54,60
0,50,65,60
120,36,54,60
0,48,65,60
120,34,54,60
0,46,65,60
120,39,67,60
0,51,79,60
120,38,62,60
0,50,75,60
120,58,72,240
0,67,72,240
0,70,86,480
0,36,58,60
0,48,69,60
120,34,58,60
0,46,69,60
120,63,76,240
0,67,76,240
0,75,90,480
0,39,69,60
0,51,84,60
120,38,58,60
0,50,68,60
120,67,81,240
0,70,81,240
0,79,96,240
0,36,59,60
0,48,70,60
120,34,61,60
0,46,71,60
120,70,85,360
0,79,85,360
0,82,101,360
0,39,71,60
0,51,82,60
120,38,57,60
0,50,68,60
120,36,58,60
0,48,69,60
120,75,83,120
0,79,83,120
0,87,99,840
0,34,58,60
0,46,69,60
120,75,84,360
0,79,100,360
0,39,72,60
0,51,85,60
120,38,64,60
0,50,78,60
120,36,60,60
0,48,73,60
120,75,81,120
0,67,81,120
0,79,96,360
0,34,60,60
0,46,73,60
120,67,81,240
0,75,81,240
0,39,73,60
0,51,87,60
120,38,60,60
0,50,72,60
120,72,78,120
0,84,92,120
0,79,78,120
0,36,60,60
0,48,72,60
120,34,62,60
0,46,74,60
120,70,85,480
0,79,85,480
0,82,102,480
0,39,73,60
0,51,84,60
120,38,59,60
0,50,70,60
120,36,59,60
0,48,70,60
120,34,59,60
0,46,71,60
120,39,74,60
0,51,87,60
120,38,66,60
0,50,80,60
120,58,83,60
0,70,98,60
0,36,62,60
0,48,74,60
120,58,83,60
0,70,98,60
0,34,62,60
0,46,74,60
120,58,89,120
0,70,106,120
0,68,89,120
0,39,75,60
0,51,89,60
120,38,62,60
0,50,74,60
120,65,86,120
0,68,86,120
0,70,86,120
0,77,101,120
0,36,62,60
0,48,74,60
120,34,63,60
0,46,75,60
120,63,94,120
0,67,94,120
0,75,111,120
0,39,76,60
0,51,90,60
150,51,70,240
30,57,72,210
0,35,58,240
30,59,74,180
0,42,61,210
30,63,77,150
0,47,63,180
150,51,72,240
30,57,75,210
0,35,60,240
30,59,78,180
0,42,63,210
30,63,81,150
0,47,66,180
150,51,74,240
30,57,78,210
0,35,63,240
30,59,80,180
0,42,65,210
30,63,83,150
0,47,69,180
150,51,77,240
30,57,80,210
0,35,64,240
30,59,82,180
0,42,68,210
30,63,86,150
0,47,71,180
150,51,80,330
30,57,83,300
0,35,66,300
30,59,85,270
0,42,70,270
30,63,89,240
0,47,73,240
240,52,84,120
0,56,84,120
0,64,99,3
0,28,59,120
0,40,70,120
390,56,79,480
30,59,80,450
0,40,80,450
30,64,80,420
0,47,80,420
30,68,80,390
0,52,80,390
390,56,78,480
30,59,78,450
0,40,78,450
30,64,77,420
0,47,77,420
30,68,77,390
0,52,77,390
390,56,75,480
30,59,75,450
0,40,75,450
30,64,75,420
0,47,75,420
30,68,74,390
0,52,74,390
390,56,72,480
30,59,72,450
0,40,72,450
30,64,72,420
0,47,72,420
30,68,72,390
0,52,72,390
390,56,69,570
30,59,69,540
0,40,69,540
30,64,69,510
0,47,69,510
30,68,69,480
0,52,69,480
480,56,66,60
0,59,66,60
0,64,66,60
0,68,66,60
0,40,66,60
0,47,66,60
0,52,66,60
120,39,24,60
0,51,28,60
120,37,24,60
0,49,28,60
120,35,24,60
0,47,28,60
120,40,28,60
0,52,35,60
120,39,27,60
0,51,32,60
120,37,24,60
0,49,28,60
120,35,24,60
0,47,28,60
120,40,28,60
0,52,35,60
120,39,24,60
0,51,28,60
120,37,24,60
0,49,28,60
120,35,24,60
0,47,28,60
120,40,29,60
0,52,35,60
120,39,24,60
0,51,28,60
120,37,24,60
0,49,28,60
120,35,24,60
0,47,28,60
120,40,29,60
0,52,34,60
120,39,26,60
0,51,32,60
120,37,24,60
0,49,29,60
120,35,24,60
0,47,29,60
120,40,29,60
0,52,35,60
120,39,24,60
0,51,28,60
120,37,24,60
0,49,28,60
120,35,24,60
0,47,28,60
120,56,37,960
0,59,44,960
0,40,31,60
0,52,36,60
120,39,24,60
0,51,29,60
120,37,25,60
0,49,29,60
120,35,25,60
0,47,29,60
120,40,30,60
0,52,36,60
120,39,28,60
0,51,34,60
120,37,25,60
0,49,30,60
120,35,25,60
0,47,30,60
120,57,35,360
0,59,42,360
0,40,30,60
0,52,36,60
120,39,25,60
0,51,29,60
120,37,25,60
0,49,29,60
120,57,36,120
0,59,44,120
0,35,26,60
0,47,30,60
120,56,36,360
0,59,44,360
0,40,31,60
0,52,36,60
120,39,26,60
0,51,30,60
120,37,26,60
0,49,30,60
120,56,35,108
0,64,41,108
0,35,26,60
0,47,30,60
120,56,39,480
0,59,39,480
0,68,46,480
0,40,31,60
0,52,36,60
120,39,28,60
0,51,33,60
120,37,26,60
0,49,31,60
120,35,26,60
0,47,31,60
120,57,33,480
0,59,33,480
0,66,40,480
0,40,31,60
0,52,38,60
120,39,26,60
0,51,30,60
120,37,26,60
0,49,30,60
120,35,26,60
0,47,30,60
120,56,35,360
0,59,42,360
0,40,31,60
0,52,38,60
120,39,25,60
0,51,30,60
120,37,25,60
0,49,30,60
120,56,35,108
0,64,42,108
0,35,25,60
0,47,30,60
120,56,36,240
0,59,36,240
0,68,44,240
0,40,31,60
0,52,38,60
120,39,30,60
0,51,36,60
120,37,26,60
0,49,33,60
120,57,34,120
0,63,41,120
0,35,26,60
0,47,33,60
120,56,35,240
0,64,42,240
0,40,33,60
0,52,40,60
120,39,27,60
0,51,32,60
120,56,36,240
0,64,36,240
0,68,42,240
0,37,27,60
0,49,33,60
120,35,28,60
0,47,33,60
120,59,39,240
0,68,39,240
0,71,47,240
0,40,35,60
0,52,42,60
120,39,28,60
0,51,34,60
120,61,39,60
0,68,39,60
0,73,47,60
0,37,28,60
0,49,34,60
120,63,40,60
0,68,40,60
0,75,49,60
0,35,28,60
0,47,34,60
120,64,43,120
0,68,43,120
0,76,51,120
0,40,35,60
0,52,41,60
120,39,32,60
0,51,39,60
120,59,39,120
0,68,39,120
0,71,45,120
0,37,28,60
0,49,35,60
120,35,28,60
0,47,35,60
120,68,45,480
0,71,45,480
0,80,54,480
0,40,36,60
0,52,42,60
120,39,29,60
0,51,34,60
120,37,29,60
0,49,34,60
120,35,29,60
0,47,34,60
120,59,34,720
0,66,34,720
0,69,41,720
0,71,49,720
0,40,36,60
0,52,42,60
120,39,29,60
0,51,35,60
120,37,29,60
0,49,35,60
120,35,29,60
0,47,35,60
120,40,36,60
0,52,42,60
120,39,33,60
0,51,39,60
120,59,42,60
0,69,42,60
0,71,50,60
0,37,29,60
0,49,36,60
120,59,42,60
0,69,42,60
0,71,50,60
0,35,29,60
0,47,36,60
120,59,43,120
0,69,43,120
0,71,52,120
0,40,36,60
0,52,42,60
120,39,29,60
0,51,35,60
120,59,41,120
0,69,41,120
0,71,49,120
0,37,30,60
0,49,35,60
120,35,30,60
0,47,35,60
120,59,45,360
0,68,45,360
0,71,53,360
0,40,36,60
0,52,42,60
120,39,29,60
0,51,35,60
120,37,29,60
0,49,35,60
120,64,42,108
0,68,42,108
0,76,50,108
0,35,29,60
0,47,35,60
120,64,44,480
0,68,44,480
0,76,53,480
0,40,36,60
0,52,43,60
120,39,33,60
0,51,39,60
120,37,29,60
0,49,36,60
120,35,29,60
0,47,36,60
120,59,41,480
0,64,41,480
0,68,49,480
0,40,37,60
0,52,43,60
120,39,30,60
0,51,36,60
120,37,30,60
0,49,36,60
120,35,30,60
0,47,36,60
120,57,46,240
0,59,46,240
0,66,54,720
0,40,37,60
0,52,43,60
120,39,30,60
0,51,36,60
120,57,44,60
0,59,52,60
0,37,30,60
0,49,36,60
120,59,52,60
0,57,44,60
0,35,30,60
0,47,36,60
120,57,45,120
0,59,54,120
0,40,36,60
0,52,43,60
120,39,32,60
0,51,40,60
120,57,45,240
0,59,45,240
0,66,54,240
0,37,30,60
0,49,37,60
120,35,30,60
0,47,37,60
120,57,45,60
0,59,45,60
0,68,53,60
0,40,37,60
0,52,44,60
120,57,44,60
0,59,44,60
0,66,52,60
0,39,30,60
0,51,36,60
120,57,43,60
0,59,43,60
0,64,51,60
0,37,30,60
0,49,36,60
120,63,41,60
0,57,41,60
0,59,41,60
0,66,50,60
0,35,30,60
0,47,36,60
120,56,53,360
0,64,45,840
0,68,53,840
0,40,37,60
0,52,44,60
120,39,29,60
0,51,36,60
120,37,30,60
0,49,36,60
120,61,51,120
0,35,30,60
0,47,36,60
120,59,54,960
0,40,38,60
0,52,44,60
120,39,34,60
0,51,41,60
120,37,31,60
0,49,38,60
120,68,43,108
0,71,52,108
0,35,31,60
0,47,38,60
120,68,43,480
0,71,52,480
0,40,38,60
0,52,44,60
120,39,31,60
0,51,37,60
120,37,31,60
0,49,38,60
120,35,31,60
0,47,38,60
120,56,45,720
0,59,53,720
0,40,37,60
0,52,44,60
120,39,31,60
0,51,37,60
120,37,31,60
0,49,37,60
120,35,31,60
0,47,38,60
120,40,38,60
0,52,45,60
120,39,36,60
0,51,42,60
120,55,45,60
0,59,54,60
0,37,31,60
0,49,38,60
120,56,46,60
0,59,54,60
0,35,31,60
0,47,39,60
120,57,48,120
0,59,57,120
0,40,40,60
0,52,48,60
120,39,33,60
0,51,40,60
120,57,47,60
0,61,55,60
0,37,33,60
0,49,41,60
120,57,48,60
0,63,57,60
0,35,34,60
0,47,42,60
120,56,51,360
0,64,61,360
0,40,43,60
0,52,51,60
120,39,34,60
0,51,43,60
120,37,35,60
0,49,43,60
120,56,49,108
0,59,49,108
0,35,37,60
0,47,43,60
120,56,51,480
0,59,51,480
0,68,61,480
0,40,44,60
0,52,53,60
120,39,41,60
0,51,49,60
120,37,38,60
0,49,46,60
120,35,38,60
0,47,46,60
120,57,53,480
0,59,53,480
0,66,63,480
0,40,47,60
0,52,57,60
120,39,38,60
0,51,46,60
120,37,40,60
0,49,47,60
120,35,40,60
0,47,48,60
120,56,57,360
0,59,67,360
0,40,51,60
0,52,59,60
120,39,41,60
0,51,50,60
120,37,41,60
0,49,50,60
120,56,60,108
0,64,71,108
0,35,42,60
0,47,51,60
120,56,61,240
0,59,61,240
0,68,72,240
0,40,52,60
0,52,61,60
120,39,48,60
0,51,58,60
120,37,44,60
0,49,55,60
120,57,58,120
0,63,70,120
0,35,45,60
0,47,56,60
120,56,61,240
0,64,73,240
0,40,56,60
0,52,66,60
120,39,45,60
0,51,53,60
120,56,63,240
0,64,63,240
0,68,76,240
0,37,46,60
0,49,54,60
120,35,47,60
0,47,57,60
120,59,66,480
0,68,66,480
0,71,78,480
0,40,58,60
0,52,69,60
120,39,47,60
0,51,57,60
120,37,47,60
0,49,57,60
120,35,48,60
0,47,58,60
120,61,61,120
0,68,61,120
0,73,72,120
0,40,62,60
0,52,73,60
120,63,64,120
0,68,64,120
0,75,75,120
0,39,56,60
0,51,67,60
120,64,64,120
0,68,64,120
0,76,77,120
0,37,52,60
0,49,63,60
120,66,67,120
0,71,67,120
0,78,81,120
0,35,52,60
0,47,63,60
120,71,85,360
0,68,71,480
0,76,71,480
0,80,85,480
0,40,64,60
0,52,77,60
120,39,53,60
0,51,63,60
120,40,54,60
0,52,64,60
120,70,81,840
0,38,55,60
0,50,65,60
120,67,74,720
0,75,74,720
0,79,88,720
0,39,66,60
0,51,77,60
120,38,54,60
0,50,65,60
120,36,54,60
0,48,65,60
120,34,54,60
0,46,65,60
120,39,67,60
0,51,79,60
120,38,62,60
0,50,75,60
120,58,72,240
0,67,72,240
0,70,86,480
0,36,58,60
0,48,69,60
120,34,58,60
0,46,69,60
120,63,76,240
0,67,76,240
0,75,90,480
0,39,69,60
0,51,84,60
120,38,58,60
0,50,68,60
120,67,81,240
0,70,81,240
0,79,96,240
0,36,59,60
0,48,70,60
120,34,61,60
0,46,71,60
120,70,85,360
0,79,85,360
0,82,101,360
0,39,71,60
0,51,82,60
120,38,57,60
0,50,68,60
120,36,58,60
0,48,69,60
120,75,83,120
0,79,83,120
0,87,99,840
0,34,58,60
0,46,69,60
120,75,84,360
0,79,100,360
0,39,72,60
0,51,85,60
120,38,64,60
0,50,78,60
120,36,60,60
0,48,73,60
120,75,81,120
0,67,81,120
0,79,96,360
0,34,60,60
0,46,73,60
120,67,81,240
0,75,81,240
0,39,73,60
0,51,87,60
120,38,60,60
0,50,72,60
120,72,78,120
0,84,92,120
0,79,78,120
0,36,60,60
0,48,72,60
120,34,62,60
0,46,74,60
120,70,85,480
0,79,85,480
0,82,102,480
0,39,73,60
0,51,84,60
120,38,59,60
0,50,70,60
120,36,59,60
0,48,70,60
120,34,59,60
0,46,71,60
120,39,74,60
0,51,87,60
120,38,66,60
0,50,80,60
120,58,83,60
0,70,98,60
0,36,62,60
0,48,74,60
120,58,83,60
0,70,98,60
0,34,62,60
0,46,74,60
120,58,89,120
0,70,106,120
0,68,89,120
0,39,75,60
0,51,89,60
120,38,62,60
0,50,74,60
120,65,86,120
0,68,86,120
0,70,86,120
0,77,101,120
0,36,62,60
0,48,74,60
120,34,63,60
0,46,75,60
120,63,83,120
0,67,94,120
0,75,111,120
0,39,64,60
0,51,71,60
240,63,67,60
0,75,79,60
0,39,54,60
0,51,64,60
120,63,63,60
0,75,75,60
0,39,49,60
0,51,58,60
120,63,68,240
0,75,81,240
0,40,53,240
0,52,63,240
240,63,66,60
0,75,78,60
0,40,51,60
0,52,61,60
120,63,62,60
0,75,73,60
0,40,50,60
0,52,59,60
120,63,67,240
0,75,79,240
0,41,55,240
0,53,65,240
240,63,62,60
0,75,74,60
0,41,52,60
0,53,62,60
120,63,60,60
0,75,71,60
0,41,51,60
0,53,60,60
120,61,51,240
0,63,51,240
0,75,81,480
0,42,43,240
0,54,51,240
240,63,55,60
0,61,51,60
0,54,43,60
120,63,54,60
0,61,51,60
0,54,43,60
120,63,54,240
0,70,71,480
0,61,51,240
0,54,43,240
240,63,54,60
0,54,43,60
0,61,51,60
120,63,53,60
0,54,43,60
0,61,51,60
120,60,58,240
0,66,58,240
0,72,68,240
0,44,40,240
0,51,40,240
0,56,48,240
240,66,56,120
0,77,66,120
0,51,40,60
0,56,40,60
0,60,48,60
120,66,54,120
0,75,64,120
0,51,40,60
0,56,40,60
0,60,48,60
120,65,57,240
0,75,68,120
0,49,45,240
0,56,45,240
0,60,52,240
120,73,64,120
120,65,54,60
0,73,64,60
0,49,40,60
0,56,40,60
0,61,48,60
120,65,49,60
0,72,59,60
0,49,40,60
0,56,40,60
0,61,48,60
120,65,52,240
0,70,62,480
0,49,45,240
0,55,45,240
0,61,54,240
240,65,53,108
0,49,43,108
0,55,43,108
0,61,51,108
120,65,53,108
0,49,43,108
0,55,43,108
0,61,51,108
120,60,54,240
0,64,54,8
0,72,64,480
0,48,45,240
0,55,45,240
0,58,54,240
240,60,54,108
0,64,54,108
0,48,43,108
0,55,43,108
0,58,51,108
120,60,53,108
0,64,53,108
0,48,43,108
0,55,43,108
0,58,51,108
120,65,57,240
0,60,57,240
0,70,68,120
0,53,45,240
0,56,52,240
120,68,64,120
120,60,54,60
0,68,64,60
0,53,40,60
0,56,48,60
120,60,49,60
0,67,59,60
0,51,40,60
0,56,48,60
120,60,52,240
0,65,62,480
0,50,45,240
0,56,54,240
240,60,50,108
0,62,50,108
0,50,40,108
0,56,48,108
120,60,50,108
0,62,50,108
0,50,40,108
0,56,48,108
120,59,54,240
0,62,54,240
0,67,64,480
0,43,45,240
0,50,45,240
0,55,54,240
240,59,51,108
0,62,51,108
0,43,40,108
0,50,40,108
0,55,48,108
120,59,50,108
0,62,50,108
0,43,40,108
0,50,40,108
0,55,48,108
120,60,47,240
0,63,56,60
0,48,42,240
0,55,49,240
60,65,56,60
60,63,62,120
120,59,49,120
0,62,58,120
0,48,38,108
0,55,45,108
120,60,49,120
0,63,59,120
0,48,38,108
0,55,45,108
120,65,56,60
0,62,47,240
0,56,49,240
0,46,42,240
60,67,56,60
60,65,62,120
120,60,49,120
0,63,58,120
0,56,45,108
0,46,38,108
120,62,59,120
0,65,59,120
0,46,38,108
0,56,45,108
120,55,54,240
0,67,64,480
0,63,54,240
0,39,45,240
0,46,45,240
0,51,54,240
240,63,51,108
0,55,51,108
0,46,40,108
0,51,48,108
0,39,40,108
120,63,50,108
0,55,50,108
0,46,40,108
0,51,48,108
0,39,40,108
120,74,51,240
0,65,51,240
0,67,51,240
0,79,81,480
0,35,43,240
0,47,51,240
240,67,55,108
0,65,55,108
0,47,43,108
0,59,51,108
0,55,43,108
120,67,54,108
0,65,54,108
0,47,43,108
0,59,51,108
0,55,43,108
120,67,54,240
0,65,54,240
0,74,71,480
0,47,43,240
0,59,51,240
0,55,43,240
240,67,54,108
0,65,54,108
0,47,43,108
0,55,43,108
0,59,51,108
120,67,53,108
0,65,53,108
0,47,43,108
0,55,43,108
0,59,51,108
120,70,58,240
0,64,58,7
0,72,58,240
0,76,68,480
0,48,40,240
0,55,40,240
0,60,48,240
240,70,56,108
0,64,56,108
0,72,56,108
0,48,40,108
0,55,40,108
0,60,48,108
120,70,57,108
0,64,54,108
0,72,57,108
0,48,40,108
0,55,40,108
0,60,48,108
120,68,57,240
0,72,57,240
0,79,68,120
0,53,45,240
0,60,45,240
0,64,52,240
120,77,64,120
120,68,54,60
0,72,54,60
0,77,64,60
0,53,40,60
0,60,40,60
0,65,48,60
120,68,49,60
0,72,49,60
0,75,59,60
0,53,40,60
0,60,40,60
0,65,48,60
120,72,52,240
0,68,44,240
0,65,44,240
0,74,62,480
0,53,45,240
0,60,45,240
0,62,54,240
240,72,53,108
0,68,53,108
0,65,53,108
0,53,43,108
0,60,43,108
0,62,51,108
120,72,53,108
0,68,53,108
0,65,53,108
0,53,43,108
0,60,43,108
0,62,51,108
120,70,54,240
0,72,54,240
0,76,64,480
0,55,45,240
0,60,45,240
0,64,54,4
240,70,54,108
0,72,54,108
0,55,43,108
0,60,43,108
0,64,51,108
120,70,53,108
0,72,53,108
0,55,43,108
0,60,43,108
0,64,51,108
120,68,54,240
0,72,54,240
0,79,64,120
0,56,42,240
0,60,42,240
0,64,49,240
120,77,61,120
120,68,51,60
0,72,51,60
0,77,60,60
0,56,38,60
0,60,38,60
0,65,45,60
120,68,44,60
0,72,44,60
0,75,54,60
0,56,36,60
0,60,36,60
0,65,44,60
120,68,51,240
0,75,61,120
0,53,39,240
0,60,39,240
0,65,47,240
120,74,56,120
120,65,46,60
0,68,46,60
0,74,56,60
0,53,35,60
0,60,41,60
120,65,42,60
0,68,42,60
0,72,51,60
0,53,35,60
0,60,41,60
120,65,49,240
0,72,57,120
0,50,38,240
0,56,38,240
0,60,45,240
120,70,53,120
120,62,42,60
0,65,42,60
0,70,51,60
0,50,31,60
0,55,31,60
0,60,38,60
120,62,38,60
0,65,38,60
0,68,45,60
0,50,31,60
0,53,31,60
0,60,38,60
120,59,39,120
0,62,39,120
0,67,47,120
0,43,34,120
0,50,34,120
0,55,39,120
240,63,33,120
0,60,33,120
0,67,39,120
0,43,30,120
0,48,30,120
0,55,36,120
120,60,32,120
0,57,32,120
0,67,38,120
0,43,30,120
0,51,30,120
0,55,36,120
120,59,31,120
0,62,31,120
0,67,44,120
0,43,31,120
0,50,31,120
0,55,37,120
240,63,30,120
0,60,30,120
0,67,36,120
0,43,28,120
0,48,28,120
0,55,34,120
120,60,29,120
0,57,29,120
0,67,35,120
0,43,28,120
0,51,28,120
0,55,34,120
120,62,34,120
0,67,34,120
0,59,28,120
0,43,27,120
0,50,27,120
0,55,33,120
240,74,50,360
0,62,38,480
360,72,39,120
120,71,38,120
0,62,32,480
120,69,37,120
120,68,36,120
0,54,27,240
0,60,32,240
120,69,36,120
120,71,36,120
0,50,24,240
0,62,29,240
120,72,36,120
120,73,36,120
0,55,27,240
0,59,32,240
120,74,36,120
120,79,40,120
0,50,24,240
0,62,28,240
120,76,36,120
120,73,36,120
0,38,47,120
120,74,38,120
120,78,40,120
0,50,24,240
0,62,28,240
120,76,38,120
120,74,36,120
0,57,27,240
0,60,32,240
120,72,36,120
120,64,36,120
0,50,24,240
0,62,28,240
120,66,36,120
120,67,32,30
0,55,27,240
0,59,32,240
30,69,32,30
30,67,36,60
60,66,36,120
120,67,35,120
0,50,24,240
0,62,29,240
120,68,36,120
120,69,36,120
0,54,27,240
0,57,32,240
120,78,40,120
120,76,37,120
0,50,24,240
0,62,28,240
120,74,36,120
120,73,38,120
0,55,27,240
0,58,32,240
120,78,37,120
120,79,39,120
0,50,27,480
0,62,32,480
120,81,40,120
120,84,42,120
120,82,40,120
120,79,38,120
0,50,26,240
0,62,31,240
120,73,36,120
120,74,44,180
0,54,27,240
0,57,32,240
180,76,36,60
60,74,44,180
0,50,24,240
0,62,28,240
180,75,36,60
60,74,44,180
0,55,27,240
0,58,32,240
180,76,36,60
60,74,44,180
0,50,24,240
0,62,28,240
180,75,36,60
60,74,44,180
0,56,27,240
0,59,32,240
180,76,36,60
60,74,44,180
0,50,24,240
0,62,28,240
180,75,36,60
60,74,40,120
0,57,27,240
0,60,29,240
120,72,39,120
120,70,38,120
0,50,24,480
0,62,32,480
120,69,36,120
120,68,36,120
120,69,36,120
120,70,36,120
0,50,24,240
0,62,29,240
120,72,36,120
120,73,36,120
0,55,27,240
0,58,32,240
120,74,39,120
120,79,47,60
0,50,24,240
0,62,28,240
120,78,40,60
120,77,47,60
0,38,47,120
120,76,40,60
120,75,39,60
0,50,24,240
0,62,28,240
120,74,38,60
120,73,36,120
0,54,27,240
0,60,32,240
120,72,36,120
120,69,36,120
0,50,24,240
0,62,28,240
120,70,36,120
120,67,32,30
0,55,27,240
0,58,32,240
30,69,32,30
30,67,36,60
60,66,41,120
120,67,35,120
0,50,24,240
0,62,29,240
120,69,40,120
120,70,50,120
0,55,34,240
0,58,40,240
120,82,54,120
120,81,51,120
0,50,30,480
0,63,36,480
120,79,49,120
120,81,56,120
120,79,55,120
120,77,53,120
0,50,34,240
0,63,40,240
120,75,51,120
120,77,53,120
0,55,33,240
0,58,39,240
120,75,51,120
120,70,48,120
0,50,33,240
0,63,39,240
120,72,45,120
120,74,46,60
0,54,29,240
0,57,29,240
0,62,35,240
60,75,43,60
60,74,46,60
60,75,44,60
60,74,46,60
0,50,36,240
60,75,46,60
60,74,47,40
40,73,46,40
40,74,46,40
40,75,50,60
0,55,32,240
0,58,32,240
0,63,38,240
60,77,47,60
60,75,51,60
60,77,47,60
60,75,52,60
0,49,40,240
60,77,49,60
60,75,54,40
40,74,51,40
40,75,51,40
40,76,58,60
0,55,36,240
0,58,36,240
0,64,42,6
60,77,52,60
60,76,56,60
60,77,53,60
60,76,60,60
0,48,43,240
60,77,55,60
60,76,61,40
40,75,57,40
40,76,57,40
40,77,64,120
0,41,52,120
120,75,51,120
120,73,51,120
0,53,34,480
0,65,44,480
120,72,54,120
120,71,45,120
120,72,48,120
120,73,45,120
0,53,34,240
0,65,40,240
120,75,46,120
120,76,54,120
0,58,37,240
0,61,44,240
120,77,49,120
120,82,59,120
0,53,33,240
0,65,39,240
120,81,55,120
120,80,59,120
0,29,56,120
120,79,48,120
120,78,51,120
0,53,33,240
0,65,39,240
120,77,54,120
120,76,50,120
0,57,37,240
0,63,44,240
120,75,47,120
120,73,51,120
0,53,33,240
0,65,39,240
120,72,49,120
120,70,41,30
0,58,37,240
0,61,44,240
30,72,41,30
30,70,50,60
60,69,45,120
120,70,50,120
0,53,34,240
0,65,40,240
120,72,45,120
120,73,49,120
0,58,37,240
0,61,44,240
120,85,57,120
120,84,53,120
0,53,33,480
0,66,39,480
120,82,51,120
120,84,56,120
120,82,55,120
120,80,53,120
0,53,37,240
0,66,44,240
120,78,51,120
120,80,53,120
0,58,36,240
0,61,42,240
120,78,51,120
120,73,48,120
0,53,36,240
0,66,42,240
120,75,45,120
120,77,46,80
0,57,31,240
0,60,38,240
80,78,44,80
80,77,43,80
80,76,45,80
0,53,33,240
0,65,38,240
80,77,42,80
80,78,43,80
80,77,43,80
0,58,32,240
0,61,38,240
80,78,43,80
80,77,41,80
80,76,43,80
0,53,31,240
0,65,38,240
80,77,40,80
80,78,40,80
80,77,42,80
0,59,32,240
0,62,37,240
80,78,39,80
80,77,38,80
80,76,41,80
0,53,29,240
0,65,36,240
80,77,39,80
80,78,38,80
80,77,43,120
0,60,28,240
0,63,31,240
120,75,41,120
120,73,40,120
0,53,26,480
0,65,34,480
120,72,39,120
120,71,38,120
120,72,38,120
120,73,38,120
0,53,26,240
0,65,31,240
120,75,39,120
120,76,39,120
0,58,28,240
0,61,34,240
120,77,39,120
120,82,43,60
0,53,25,240
0,65,30,240
180,81,42,60
60,80,49,60
0,29,43,120
120,79,43,60
120,78,41,60
0,53,25,240
0,65,30,240
120,77,40,60
120,76,39,120
0,57,28,240
0,63,34,240
120,75,39,120
120,72,38,120
0,53,25,240
0,65,30,240
120,73,38,120
120,70,34,30
0,58,28,240
0,61,34,240
30,72,34,30
30,70,38,60
60,69,38,120
120,70,37,120
0,53,26,240
0,65,31,240
120,73,38,120
120,72,47,120
0,41,51,120
120,70,41,120
120,68,40,120
0,48,26,480
0,60,34,480
120,67,39,120
120,66,38,120
120,67,38,120
120,68,38,120
0,48,26,240
0,60,31,240
120,70,39,120
120,71,39,120
0,53,28,240
0,56,34,240
120,72,47,120
120,77,43,120
0,48,25,240
0,60,30,240
120,73,42,120
120,72,47,120
0,39,47,120
120,70,41,120
120,68,40,120
0,48,26,480
0,60,34,480
120,67,39,120
120,66,38,120
120,67,45,120
120,72,47,120
0,48,26,240
0,60,31,240
120,71,39,120
120,70,39,120
0,37,48,120
120,68,39,120
120,67,39,120
0,49,25,240
0,60,30,240
120,65,38,120
120,64,43,9
0,36,49,120
120,72,49,120
120,70,40,120
0,48,26,480
0,60,34,480
120,68,39,120
120,66,38,120
120,67,38,120
120,68,38,120
0,48,26,240
0,60,31,240
120,70,39,120
120,71,39,120
0,53,28,240
0,56,34,240
120,72,49,120
120,77,43,120
0,48,25,240
0,60,30,240
120,73,42,120
120,72,48,120
0,39,50,120
120,70,41,120
120,68,40,120
0,48,26,480
0,60,34,480
120,67,39,120
120,66,38,120
120,67,38,120
120,72,45,120
0,48,26,240
0,60,31,240
120,71,39,120
120,70,39,120
0,37,51,120
120,68,39,120
120,67,39,120
0,49,25,240
0,60,30,240
120,65,38,120
120,64,43,9
0,36,49,120
120,72,46,120
120,70,40,120
0,48,26,480
0,60,34,480
120,68,39,120
120,66,38,120
120,67,38,120
120,68,38,120
0,48,26,240
0,60,31,240
120,70,39,120
120,71,39,120
0,53,28,240
0,56,34,240
120,72,49,120
120,75,43,120
0,48,25,240
0,60,30,240
120,73,42,120
120,72,50,120
0,51,28,240
0,55,39,240
120,70,41,120
120,68,40,120
0,48,26,480
0,60,34,480
120,67,39,120
120,66,36,120
120,67,37,120
120,68,38,120
0,48,26,240
0,60,31,240
120,70,39,120
120,71,39,120
0,49,28,240
0,53,34,240
120,72,48,120
120,73,40,120
0,48,25,240
0,60,30,240
120,71,38,120
120,72,49,120
0,52,39,240
120,70,41,120
120,68,40,120
0,48,26,480
0,60,34,480
120,67,39,120
120,66,36,120
120,67,37,120
120,68,38,120
0,48,26,240
0,60,31,240
120,70,39,120
120,71,39,120
0,53,28,240
0,56,34,240
120,72,50,120
120,75,40,120
0,48,25,240
0,60,30,240
120,73,38,120
120,72,49,120
0,51,28,240
0,55,39,240
120,70,41,120
120,68,40,120
0,48,26,480
0,60,34,480
120,67,39,120
120,66,36,120
120,67,37,120
120,68,38,120
0,48,26,240
0,60,31,240
120,70,39,120
120,71,39,120
0,49,28,240
0,53,34,240
120,72,50,120
120,73,40,120
0,48,25,480
0,60,30,480
120,71,38,120
120,72,50,120
0,52,34,240
120,70,44,120
120,68,43,120
120,67,42,120
120,66,45,120
0,54,37,120
120,67,46,120
0,55,39,120
120,68,50,120
0,56,43,120
120,70,55,120
0,58,46,120
120,68,57,120
0,56,48,120
120,67,57,120
0,55,48,120
120,65,57,120
0,53,48,120
120,64,59,120
0,52,49,120
120,63,58,120
0,51,48,120
120,64,61,120
0,52,51,120
120,65,63,120
0,53,53,120
120,67,65,120
0,55,55,120
120,61,74,240
0,49,62,240
120,67,66,120
0,55,56,120
120,60,71,240
0,48,60,240
120,67,63,120
0,55,53,120
120,59,60,120
0,47,51,120
120,60,63,120
0,48,53,120
120,61,65,120
0,49,54,120
120,63,68,120
0,51,57,120
120,61,70,120
0,49,60,120
120,60,68,120
0,48,58,120
120,58,67,120
0,46,56,120
120,56,65,120
0,44,55,120
120,55,76,360
0,43,64,360
120,60,69,120
0,48,58,120
120,58,70,120
0,46,58,120
120,54,70,120
0,42,59,120
120,53,73,360
0,41,62,360
120,60,70,120
0,48,58,120
120,58,70,120
0,46,58,120
120,52,70,120
0,40,59,120
120,51,79,360
0,39,66,360
120,56,72,120
0,44,60,120
120,55,74,120
0,43,61,120
120,51,75,120
0,39,63,120
120,49,82,360
0,37,69,360
120,55,78,120
0,43,65,120
120,53,81,120
0,41,68,120
120,49,82,120
0,37,68,120
120,48,88,240
0,36,74,240
120,51,82,120
0,39,70,120
120,46,84,240
0,34,71,240
120,51,86,120
0,39,73,120
120,77,82,360
0,85,88,360
0,89,102,360
0,32,70,120
0,44,84,120
240,60,67,240
0,51,67,240
0,63,79,240
120,75,79,108
0,84,79,108
0,87,93,108
120,75,79,240
0,84,79,240
0,87,93,240
0,68,77,240
0,60,77,240
0,56,64,240
180,63,71,60
60,63,71,48
0,39,72,60
0,51,85,60
48,65,71,48
48,63,71,48
48,62,71,48
48,63,71,48
48,68,87,120
0,44,73,120
0,56,86,120
240,72,74,120
0,80,74,120
0,84,88,120
0,27,61,240
0,39,73,240
120,73,73,120
0,82,73,120
0,85,86,120
120,77,79,120
0,85,79,120
0,89,93,120
0,32,67,240
0,44,79,240
180,75,74,54
0,84,74,54
0,87,88,54
60,75,74,120
0,84,74,120
0,87,93,120
0,60,61,240
0,63,73,240
0,51,61,240
120,74,74,120
0,83,74,120
0,86,88,120
120,75,74,240
0,84,74,240
0,87,88,240
0,68,75,240
0,60,75,240
0,56,63,240
180,63,70,60
60,63,70,48
0,39,67,60
0,51,80,60
48,65,70,48
48,63,70,48
48,62,70,48
48,63,70,48
48,68,87,120
0,44,73,120
0,56,86,120
240,84,88,120
0,72,74,120
0,80,74,120
0,27,61,240
0,39,73,240
120,85,86,120
0,73,73,120
0,82,73,120
120,85,79,120
0,89,93,120
0,77,79,120
0,32,67,240
0,44,79,240
120,75,74,240
0,84,74,240
0,87,88,60
60,89,81,60
60,87,93,120
0,60,61,240
0,63,73,240
0,51,61,240
120,83,74,120
0,86,88,120
0,74,74,120
120,85,79,120
0,89,93,120
0,77,79,120
0,68,75,240
0,60,75,240
0,56,63,240
120,84,74,240
0,87,88,60
0,75,74,240
60,89,81,60
60,87,93,120
0,39,61,120
0,51,73,120
120,74,74,120
0,83,74,120
0,86,88,120
120,75,74,180
0,84,74,180
0,87,88,180
0,44,64,120
0,56,77,120
180,75,72,240
0,39,62,210
30,82,72,210
0,46,62,180
30,90,85,180
0,54,74,150
150,41,62,240
30,75,70,240
0,48,62,300
30,81,70,210
0,51,74,180
30,89,83,180
0,57,74,150
150,72,70,270
0,53,61,240
30,75,70,240
0,60,61,210
30,77,70,210
0,63,73,180
30,84,83,180
0,69,73,150
180,70,70,240
0,46,63,300
30,77,70,210
0,53,75,270
30,85,83,180
0,61,75,240
240,78,80,80
0,42,60,240
0,54,71,240
80,66,80,80
80,78,80,80
80,65,71,240
0,77,84,240
0,41,60,240
0,53,71,240
240,61,74,240
0,73,79,240
0,37,58,240
0,49,69,240
240,78,82,360
0,87,82,360
0,90,97,360
0,34,67,120
0,46,79,120
240,61,79,240
0,53,67,240
0,65,79,240
120,77,79,108
0,85,79,108
0,89,93,108
120,77,79,240
0,85,79,240
0,89,93,240
0,70,77,240
0,61,77,240
0,58,64,240
180,65,71,60
60,65,71,48
0,41,72,60
0,53,85,60
48,66,71,48
48,65,71,48
48,64,71,48
48,65,71,48
48,70,87,120
0,46,73,120
0,58,86,120
240,73,74,120
0,85,88,120
0,82,74,120
0,29,61,240
0,41,73,240
120,75,73,120
0,84,73,120
0,87,86,120
120,90,93,120
0,78,79,120
0,87,79,120
0,34,67,240
0,46,79,240
180,77,74,54
0,85,74,54
0,89,88,54
60,85,74,120
0,77,74,120
0,89,93,120
0,61,61,240
0,65,73,240
0,53,61,240
120,76,74,120
0,88,88,120
0,84,74,120
120,77,88,240
0,85,74,240
0,89,88,240
0,70,75,240
0,61,75,240
0,58,63,240
180,65,71,60
60,65,71,48
0,41,67,60
0,53,80,60
48,66,71,48
48,65,71,48
48,64,71,48
48,65,71,48
48,70,87,240
0,46,73,120
0,58,86,120
240,79,81,120
0,91,96,120
0,85,81,120
0,34,61,240
0,46,73,240
120,80,80,120
0,92,94,120
120,84,85,120
0,96,101,120
0,27,67,120
0,39,79,120
120,87,74,120
0,91,88,120
120,96,93,120
0,84,79,120
0,67,60,240
0,61,60,240
0,72,72,120
0,63,60,240
120,70,70,120
60,94,92,54
0,82,78,54
60,82,81,120
0,94,97,120
0,51,75,120
120,84,70,120
0,87,84,120
120,94,90,120
0,82,75,120
0,70,72,120
0,60,58,240
0,63,69,240
120,68,70,120
60,80,68,54
0,92,80,54
60,80,79,120
0,92,93,120
0,51,73,120
120,87,79,120
0,82,67,120
120,92,88,120
0,80,74,120
0,68,72,120
0,58,56,240
0,63,67,240
120,67,70,120
60,91,79,54
0,79,67,54
60,79,75,120
0,91,90,120
0,46,70,120
120,86,78,120
0,82,66,120
120,79,72,120
0,91,85,120
0,67,72,120
0,56,55,240
0,62,66,240
0,58,55,240
120,65,70,120
60,89,81,54
0,77,68,54
60,89,88,120
0,77,73,120
0,51,72,120
120,82,75,120
0,79,64,120
120,77,69,120
0,89,82,120
0,65,72,120
0,55,57,240
0,58,68,240
120,63,70,120
60,75,64,60
0,87,75,60
60,73,75,120
0,85,90,120
0,41,62,240
0,53,74,480
120,77,64,120
0,80,75,120
120,85,84,120
0,73,70,120
0,61,72,120
0,56,68,240
120,60,68,120
60,84,71,60
0,72,61,60
60,65,88,480
0,37,59,240
0,49,71,240
240,53,51,240
0,58,59,240
240,67,59,60
0,36,53,240
0,48,63,240
60,68,60,60
60,67,61,60
60,68,61,60
60,65,62,120
0,52,49,240
0,60,59,240
0,58,49,240
120,67,64,120
120,68,66,60
0,29,58,240
0,41,69,240
60,70,67,60
60,68,69,60
60,70,70,60
60,67,71,120
0,53,67,240
0,56,67,240
0,60,67,240
120,68,73,120
120,61,45,240
0,67,54,240
0,69,77,120
0,39,51,120
0,51,72,120
120,70,73,120
120,61,43,240
0,67,51,240
0,72,73,120
0,51,48,240
0,58,68,240
120,73,74,120
120,60,57,240
0,68,68,240
0,72,81,240
0,44,50,240
0,51,50,240
0,56,70,240
240,77,83,180
0,59,70,180
0,62,70,180
0,65,70,180
0,68,70,180
180,63,63,54
0,60,63,54
0,75,75,54
0,68,63,54
60,60,71,120
0,75,84,120
0,63,71,120
0,68,71,120
120,68,79,240
120,80,83,120
0,44,61,240
0,56,72,240
180,67,64,60
0,79,77,60
60,65,64,480
0,77,77,480
0,37,62,240
0,49,74,240
240,53,55,240
0,58,64,240
240,67,70,120
0,36,63,240
0,48,75,240
120,79,71,40
40,80,72,40
40,79,71,40
40,65,61,120
0,77,72,120
0,58,57,240
0,64,68,9
0,60,57,240
120,67,61,120
0,79,73,120
120,68,70,120
0,29,66,240
0,41,78,240
120,80,71,40
40,82,71,40
40,80,71,40
40,67,66,120
0,79,78,120
0,53,68,240
0,56,70,240
0,60,73,240
0,65,73,240
120,68,67,120
0,80,79,120
120,69,49,120
0,75,69,120
0,81,82,120
0,39,64,120
0,51,77,120
120,70,69,120
0,82,77,120
120,72,45,120
0,79,64,120
0,84,77,120
0,58,43,240
0,61,43,240
0,63,60,240
0,67,71,240
120,73,64,120
0,85,77,120
120,72,69,120
0,80,69,120
0,84,82,120
0,56,60,120
0,63,60,120
0,68,71,120
240,77,70,180
0,80,70,180
0,89,83,180
0,68,70,180
0,59,70,180
0,62,70,180
0,71,70,180
180,75,63,54
0,80,63,54
0,87,75,54
0,68,63,54
0,60,63,54
0,72,63,54
0,63,63,54
60,75,71,120
0,80,71,120
0,87,84,120
0,68,71,120
0,72,71,120
0,60,71,120
0,63,71,120
150,53,61,270
30,87,66,60
0,75,66,60
0,60,61,240
30,63,61,210
30,73,70,180
0,81,70,180
0,85,83,180
0,69,72,180
180,72,64,60
0,84,77,60
0,46,66,240
30,53,66,210
30,70,70,120
0,82,83,120
0,61,78,180
180,51,61,240
30,58,61,210
30,70,64,180
0,78,64,180
0,82,77,180
0,66,72,180
180,72,64,60
0,84,77,60
0,46,57,240
30,53,57,210
30,73,68,240
0,77,68,240
0,85,81,240
0,61,68,180
180,39,57,240
30,46,57,210
30,75,67,180
0,73,67,180
0,85,79,180
0,78,67,180
0,54,68,180
180,72,63,60
0,84,75,60
0,34,57,240
30,41,57,210
30,70,69,240
0,77,69,240
0,82,82,240
0,49,68,180
180,39,56,240
30,46,56,210
30,68,67,180
0,75,67,180
0,80,79,180
0,70,67,180
0,54,67,180
180,66,62,60
0,78,74,60
0,46,61,240
30,53,61,210
30,73,66,120
0,77,78,120
0,65,66,120
0,61,72,180
240,45,64,60
0,33,55,60
60,46,64,60
0,34,55,60
60,48,66,60
0,36,56,60
60,49,67,60
0,37,56,60
60,51,67,60
0,39,56,60
60,53,68,60
0,41,57,60
60,55,69,60
0,43,58,60
60,57,69,60
0,45,58,60
60,58,70,60
0,46,59,60
60,60,71,60
0,48,60,60
60,61,71,60
0,49,60,60
60,63,72,60
0,51,61,60
60,65,73,60
0,53,61,60
60,67,73,60
0,55,61,60
60,69,74,60
0,57,62,60
60,70,74,60
0,58,62,60
60,72,75,60
0,60,63,60
60,73,77,60
0,61,64,60
60,75,77,60
0,63,64,60
60,77,78,60
0,65,66,60
60,79,77,60
0,67,67,60
60,81,77,60
0,69,65,60
60,82,78,60
0,70,66,60
60,84,79,60
0,72,67,60
60,85,80,60
0,73,68,60
60,87,80,60
0,75,69,60
60,89,81,60
0,77,70,60
60,91,82,90
0,79,71,90
90,93,83,90
0,81,72,60
90,94,92,120
0,82,92,120
180,96,85,60
60,85,77,120
0,94,91,120
0,91,91,120
0,27,68,120
0,39,80,120
120,90,85,120
0,84,72,120
0,93,85,120
120,85,75,240
0,91,90,240
0,94,90,240
0,51,61,120
0,63,72,120
240,84,72,240
0,91,85,240
0,96,85,240
0,72,67,240
0,67,67,240
0,63,67,240
0,75,79,240
240,80,74,240
0,84,74,240
0,92,88,240
0,77,77,240
0,72,64,240
0,65,64,240
240,75,72,240
0,80,72,240
0,87,85,240
0,60,61,240
0,68,61,240
0,72,72,240
240,77,74,240
0,80,74,240
0,89,88,240
0,73,77,240
0,68,64,240
0,61,64,240
240,75,72,240
0,80,72,240
0,87,85,240
0,60,61,240
0,68,61,240
0,72,72,240
240,72,70,240
0,75,70,240
0,84,83,240
0,68,73,240
0,63,60,240
0,56,60,240
240,68,68,240
0,72,68,240
0,80,80,240
0,53,57,240
0,65,68,240
240,65,70,240
0,68,70,240
0,77,83,240
0,61,73,240
0,56,60,240
0,49,60,240
240,63,68,240
0,67,68,240
0,75,80,240
0,51,57,240
0,58,57,240
0,61,68,240
240,60,68,120
0,68,68,120
0,72,80,120
0,32,57,120
0,44,68,120
240,63,66,60
0,51,57,240
0,56,57,240
0,60,68,240
60,65,61,60
60,63,65,60
60,65,61,60
60,62,81,240
0,53,62,240
0,56,62,240
0,59,73,240
240,65,71,80
0,41,57,120
0,53,68,120
80,68,73,80
80,71,75,80
80,74,77,80
0,29,62,120
0,41,73,120
80,77,79,80
80,80,81,80
80,83,83,80
0,28,63,240
0,40,75,240
80,86,85,80
80,98,87,80
80,87,89,120
0,99,89,120
0,27,64,120
0,39,76,120
240,70,75,60
0,82,89,60
0,75,75,60
0,58,60,60
0,61,60,60
0,63,60,60
0,67,71,60
120,70,70,60
0,82,83,60
0,75,70,60
0,58,56,60
0,61,56,60
0,63,56,60
0,67,67,60
120,70,75,120
0,75,75,120
0,82,89,120
0,58,60,120
0,61,60,120
0,63,60,120
0,67,71,120
240,69,70,120
0,75,70,120
0,81,83,120
0,58,55,120
0,61,55,120
0,63,55,120
0,66,65,120
120,70,73,120
0,75,73,120
0,82,87,120
0,58,58,120
0,61,58,120
0,63,58,120
0,67,69,120
120,72,77,240
0,75,77,240
0,84,91,240
0,58,61,240
0,61,61,240
0,63,61,240
0,68,72,240
240,67,75,240
0,73,75,240
0,75,75,240
0,79,89,240
0,58,59,240
0,61,59,240
0,63,59,240
0,70,70,240
240,68,74,120
0,72,74,120
0,80,88,120
0,44,62,120
0,56,74,120
240,63,66,60
0,51,57,240
0,56,57,240
0,60,68,240
60,65,61,60
60,63,65,60
60,65,61,60
60,62,81,240
0,53,62,240
0,56,62,240
0,59,73,240
240,65,71,80
0,41,57,120
0,53,68,120
80,68,73,80
80,71,75,80
80,74,77,80
0,29,62,120
0,41,73,120
80,77,79,80
80,80,81,80
80,83,83,80
0,28,63,240
0,40,75,240
80,86,85,80
80,98,87,80
80,87,89,120
0,99,89,120
0,27,64,120
0,39,76,120
240,70,75,60
0,82,89,60
0,75,75,60
0,58,60,60
0,61,60,60
0,63,60,60
0,67,71,60
120,70,70,60
0,82,83,60
0,75,70,60
0,58,56,60
0,61,56,60
0,63,56,60
0,67,67,60
120,70,75,120
0,75,75,120
0,82,89,120
0,58,60,120
0,61,60,120
0,63,60,120
0,67,71,120
120,72,63,120
0,75,63,120
0,84,75,120
0,58,51,120
0,61,51,120
0,63,51,120
0,68,60,120
120,69,70,120
0,75,70,120
0,81,83,120
0,58,55,120
0,61,55,120
0,63,55,120
0,66,65,120
120,70,73,120
0,75,73,120
0,82,87,120
0,58,58,120
0,61,58,120
0,63,58,120
0,67,69,120
120,72,77,240
0,75,77,240
0,84,91,240
0,58,61,240
0,61,61,240
0,63,61,240
0,68,72,240
240,67,75,240
0,73,75,240
0,75,75,240
0,79,89,240
0,58,59,240
0,61,59,240
0,63,59,240
0,70,70,240
240,77,85,360
0,68,78,360
0,72,84,360
0,80,102,360
0,32,70,120
0,44,84,120
240,39,67,120
0,51,79,120
120,75,93,108
120,63,79,300
0,72,79,480
0,75,93,480
0,56,77,120
0,44,64,120
240,51,72,60
0,63,85,60
240,56,73,120
0,68,86,120
240,72,74,120
0,80,74,120
0,84,88,120
0,63,61,120
0,75,73,120
120,73,73,120
0,82,73,120
0,85,86,120
120,77,82,360
0,85,88,360
0,89,102,360
0,32,70,120
0,44,84,120
240,39,67,120
0,51,79,120
120,75,79,108
0,84,79,108
0,87,93,108
120,75,79,480
0,84,79,480
0,87,93,480
0,56,77,120
0,44,64,120
240,51,72,60
0,63,85,60
240,56,73,120
0,68,86,120
240,72,74,120
0,80,74,120
0,84,88,120
0,63,61,120
0,75,73,120
120,73,73,120
0,82,73,120
0,85,86,120
120,77,82,360
0,85,88,360
0,89,102,360
0,32,70,120
0,44,84,120
240,39,67,120
0,51,79,120
120,75,79,120
0,84,79,120
0,87,93,120
120,77,82,360
0,85,88,360
0,89,102,360
0,56,77,120
0,44,64,120
240,51,72,60
0,63,85,60
120,75,79,120
0,84,79,120
0,87,93,120
120,77,82,360
0,85,88,360
0,89,102,360
0,56,73,120
0,68,86,120
240,51,61,120
0,63,73,120
120,75,79,120
0,84,79,120
0,87,93,120
120,77,82,360
0,85,88,360
0,89,102,360
0,44,70,120
0,56,84,120
240,39,67,120
0,51,79,120
120,75,79,108
0,84,79,108
0,87,93,108
120,75,79,480
0,84,79,480
0,87,93,480
0,32,71,60
0,44,84,60
120,31,68,60
0,43,80,60
120,29,68,60
0,41,81,60
120,27,68,60
0,39,81,60
120,89,93,60
0,84,79,60
0,77,79,60
0,32,64,60
0,44,77,60
120,79,81,120
0,84,81,120
0,91,96,120
0,31,68,60
0,43,80,60
120,80,85,120
0,84,85,120
0,92,100,120
0,29,70,60
0,41,83,60
120,82,89,120
0,87,89,240
0,94,105,120
0,27,73,60
0,39,86,60
120,96,110,240
0,92,110,240
0,84,93,240
0,32,74,240
0,44,89,240
720,52,79,60
0,55,79,60
0,60,93,60
0,64,93,60
0,36,65,60
0,43,65,60
0,48,77,60
120,52,75,60
0,55,75,60
0,60,89,60
0,64,89,60
0,36,61,60
0,43,61,60
0,48,72,60
120,52,79,120
0,55,79,120
0,60,93,120
0,64,93,120
0,36,65,120
0,43,65,120
0,48,77,120
240,52,74,120
0,55,74,120
0,60,88,120
0,64,88,120
0,36,60,120
0,43,60,120
0,48,71,120
150,52,78,330
30,55,78,300
0,36,60,300
30,60,92,270
0,43,60,270
30,64,92,240
0,48,71,240
390,52,79,330
30,55,79,300
0,36,60,300
30,60,93,270
0,43,60,270
30,64,93,240
0,48,71,240
390,51,79,330
30,55,79,300
0,39,60,300
30,61,93,270
30,63,93,240
0,46,71,240
480,56,86,240
0,60,86,240
0,68,102,240
0,32,67,240