960,76,45,480
480,77,46,360
360,76,45,120
120,74,45,480
0,65,27,480
0,62,22,480
0,57,22,480
480,77,48,476
0,65,27,480
0,62,22,480
0,57,22,480
480,77,47,960
480,65,25,480
0,60,21,480
0,57,21,480
480,76,43,480
0,64,25,9
0,60,21,480
0,57,21,480
480,74,42,80
80,76,43,80
80,74,44,80
80,73,45,240
240,74,47,240
0,62,28,480
0,52,23,480
0,56,23,480
240,75,45,240
240,76,50,240
0,62,25,480
0,56,21,480
0,52,21,480
240,71,50,240
240,74,54,960
480,45,30,480
480,72,45,480
0,60,28,480
0,52,22,480
480,69,62,160
160,71,57,160
160,69,57,160
160,68,63,240
0,52,39,240
0,60,46,240
480,69,67,240
0,45,48,240
480,71,70,240
480,76,72,960
0,52,41,480
0,59,49,480
0,55,41,480
480,47,56,480
480,71,76,240
240,67,73,240
240,64,76,240
0,47,45,480
0,55,45,480
0,59,54,480
240,71,71,240
240,63,73,480
0,47,41,480
0,54,41,480
0,59,49,480
480,64,76,12
0,52,45,480
0,55,45,480
0,59,54,480
480,40,50,480
480,76,45,480
480,77,46,360
360,76,45,120
120,74,45,480
0,65,27,480
0,62,22,480
0,57,22,480
480,77,48,474
0,65,27,480
0,62,22,480
0,57,22,480
480,77,47,960
480,65,25,480
0,60,21,480
0,57,21,480
480,76,43,480
0,64,25,18
0,60,21,480
0,57,21,480
480,74,42,80
80,76,43,80
80,74,44,80
80,73,45,240
240,74,47,240
0,62,28,480
0,52,23,480
0,56,23,480
240,75,45,240
240,76,47,240
0,62,25,480
0,56,21,480
0,52,21,480
240,71,42,114
120,71,47,120
120,74,51,960
480,53,21,480
0,57,21,480
0,62,28,480
480,72,45,480
0,57,21,480
0,60,26,480
0,53,21,480
480,69,46,160
160,70,43,160
160,69,43,160
160,67,47,480
0,60,29,480
0,53,29,480
0,63,34,480
480,69,51,480
0,53,29,480
0,60,29,480
0,63,34,480
480,70,53,480
0,58,34,960
0,62,37,480
480,74,54,480
0,65,37,480
960,69,48,360
360,68,44,120
120,62,40,480
0,64,48,12
0,52,29,480
0,59,35,480
480,68,45,480
0,62,38,480
0,52,26,480
0,59,31,480
480,60,39,480
0,69,46,960
0,45,29,480
0,52,35,480
480,33,36,480
480,76,45,480
480,77,46,360
360,76,45,120
120,74,45,480
0,65,27,480
0,62,22,480
0,57,22,480
480,77,48,480
0,65,27,480
0,62,22,480
0,57,22,480
480,77,47,960
480,65,25,480
0,60,21,480
0,57,21,480
480,76,43,480
0,64,25,7
0,60,21,480
0,57,21,480
480,74,42,80
80,76,43,80
80,74,44,80
80,73,45,240
240,74,47,240
0,62,28,480
0,52,23,480
0,56,23,480
240,75,45,240
240,76,53,240
0,62,25,480
0,56,21,480
0,52,21,480
240,71,48,240
240,74,58,960
480,45,30,480
480,72,45,480
0,60,28,480
0,52,22,480
480,69,62,160
160,71,57,160
160,69,57,160
160,68,63,240
0,52,39,240
0,60,46,240
480,69,67,240
0,45,48,240
480,71,70,240
480,76,72,960
0,52,41,480
0,59,49,480
0,55,41,480
480,47,56,480
480,71,76,240
240,67,73,240
240,64,76,240
0,47,45,480
0,55,45,480
0,59,54,480
240,71,71,240
240,63,73,480
0,47,41,480
0,54,41,480
0,59,49,480
480,64,76,8
0,52,45,480
0,55,45,480
0,59,54,480
480,40,50,480
480,76,45,480
480,77,46,360
360,76,45,120
120,74,45,480
0,65,27,480
0,62,22,480
0,57,22,480
480,77,48,480
0,65,27,480
0,62,22,480
0,57,22,480
480,77,47,960
480,65,25,480
0,60,21,480
0,57,21,480
480,76,43,480
0,64,25,10
0,60,21,480
0,57,21,480
480,74,42,80
80,76,43,80
80,74,44,80
80,73,45,240
240,74,47,240
0,62,28,480
0,52,23,480
0,56,23,480
240,75,45,240
240,76,47,240
0,62,25,480
0,56,21,480
0,52,21,480
240,71,42,114
120,71,42,120
120,74,46,960
480,53,21,480
0,57,21,480
0,62,28,480
480,72,45,480
0,57,21,480
0,60,26,480
0,53,21,480
480,69,46,160
160,70,43,160
160,69,43,160
160,67,47,480
0,60,29,480
0,53,29,480
0,63,34,480
480,69,54,480
0,53,29,480
0,60,29,480
0,63,34,480
480,70,62,480
0,58,34,960
0,62,37,480
480,74,59,480
0,65,37,480
960,69,48,360
360,68,44,120
120,62,40,480
0,64,48,12
0,52,29,480
0,59,35,480
480,68,45,480
0,62,38,480
0,52,26,480
0,59,31,480
480,60,39,480
0,69,46,960
0,45,29,480
0,52,35,480
480,33,30,480
480,71,51,480
480,72,52,240
240,74,53,240
240,75,55,475
0,66,32,480
0,60,27,480
0,56,27,480
480,75,60,360
0,66,32,480
0,60,27,480
0,56,27,480
360,77,55,120
120,75,62,960
480,66,33,480
0,60,27,480
0,55,27,480
480,74,54,480
0,67,33,480
0,59,27,480
0,55,27,480
480,72,52,240
240,74,54,240
240,75,57,476
0,66,36,480
0,60,30,480
0,56,30,480
480,75,66,360
0,66,38,480
0,60,31,480
0,56,31,480
360,77,62,120
120,75,76,960
480,65,48,480
0,59,40,480
0,56,40,480
480,74,67,480
0,65,48,480
0,58,40,480
0,56,40,480
480,82,86,960
480,65,59,480
0,58,48,480
0,55,48,480
480,73,66,480
0,64,55,12
0,58,46,480
0,55,46,480
480,81,76,960
480,64,54,480
0,57,42,480
0,55,42,480
480,72,62,480
0,63,48,480
0,57,40,480
0,54,40,480
480,80,76,960
480,63,44,480
0,56,35,480
0,53,35,480
480,71,56,480
0,62,39,480
0,56,32,480
0,53,32,480
480,79,67,720
480,62,36,480
0,55,29,480
0,52,29,480
240,70,54,240
240,69,45,240
0,61,28,480
0,55,22,480
0,52,22,480
240,76,45,240
240,77,46,240
0,50,22,480
0,53,22,480
0,62,28,480
240,76,45,240
240,74,45,480
0,65,27,480
0,62,22,480
0,57,22,480
480,77,48,480
0,65,27,480
0,62,22,480
0,57,22,480
480,77,47,960
480,65,25,480
0,60,21,480
0,57,21,480
480,76,43,480
0,64,25,10
0,60,21,480
0,57,21,480
480,74,42,80
80,76,43,80
80,74,44,80
80,73,45,240
240,74,47,240
0,62,28,480
0,52,23,480
0,56,23,480
240,75,45,240
240,76,49,240
0,62,25,480
0,56,21,480
0,52,21,480
240,71,46,240
240,74,55,960
480,53,21,480
0,57,21,480
0,62,28,480
480,72,45,480
0,57,21,480
0,60,26,480
0,53,21,480
480,69,46,160
160,70,43,160
160,69,43,160
160,67,47,480
0,60,29,480
0,53,29,480
0,63,34,480
480,69,51,480
0,53,29,480
0,60,29,480
0,63,34,480
480,70,53,480
0,58,34,960
0,62,37,480
480,74,54,480
0,65,37,480
960,69,48,360
360,68,44,120
120,62,40,480
0,64,48,10
0,52,29,480
0,59,35,480
480,68,45,480
0,62,38,480
0,52,26,480
0,59,31,480
480,60,39,480
0,69,46,960
0,45,29,480
0,52,35,480
480,33,30,480
480,71,51,480
480,72,52,240
240,74,53,240
240,75,55,476
0,66,32,480
0,60,27,480
0,56,27,480
480,75,60,360
0,66,32,480
0,60,27,480
0,56,27,480
360,77,55,120
120,75,62,960
480,66,33,480
0,60,27,480
0,55,27,480
480,74,54,480
0,67,33,480
0,59,27,480
0,55,27,480
480,72,52,240
240,74,54,240
240,75,57,476
0,66,36,480
0,60,30,480
0,56,30,480
480,75,66,360
0,66,38,480
0,60,31,480
0,56,31,480
360,77,62,120
120,75,76,960
480,65,48,480
0,59,40,480
0,56,40,480
480,74,62,480
0,65,48,480
0,58,40,480
0,56,40,480
480,82,81,960
480,65,59,480
0,58,48,480
0,55,48,480
480,73,62,480
0,64,55,11
0,58,46,480
0,55,46,480
480,81,76,960
480,64,54,480
0,57,42,480
0,55,42,480
480,72,55,480
0,63,48,480
0,57,40,480
0,54,40,480
480,80,71,960
480,63,44,480
0,56,35,480
0,53,35,480
480,71,42,480
0,62,39,480
0,56,32,480
0,53,32,480
480,79,56,720
480,62,36,480
0,55,29,480
0,52,29,480
240,70,47,240
240,69,45,240
0,61,28,480
0,55,22,480
0,52,22,480
240,76,45,240
240,77,46,240
0,50,22,480
0,53,22,480
0,62,28,480
240,76,45,240
240,74,45,480
0,65,27,480
0,62,22,480
0,57,22,480
480,77,48,474
0,65,27,480
0,62,22,480
0,57,22,480
480,77,47,960
480,65,25,480
0,60,21,480
0,57,21,480
480,76,43,480
0,64,25,7
0,60,21,480
0,57,21,480
480,74,42,80
80,76,43,80
80,74,44,80
80,73,45,240
240,74,47,240
0,62,28,480
0,52,23,480
0,56,23,480
240,75,45,240
240,76,53,240
0,62,25,480
0,56,21,480
0,52,21,480
240,71,46,240
240,74,54,960
480,53,21,480
0,57,21,480
0,62,28,480
480,72,45,480
0,57,21,480
0,60,26,480
0,53,21,480
480,69,46,160
160,70,43,160
160,69,43,160
160,67,47,480
0,60,29,480
0,53,29,480
0,63,34,480
480,69,51,480
0,53,29,480
0,60,29,480
0,63,34,480
480,70,61,480
0,58,34,960
0,62,37,480
480,74,61,480
0,65,37,480
960,69,48,360
360,68,44,120
120,62,40,480
0,64,48,17
0,52,29,480
0,59,35,480
480,68,45,480
0,62,38,480
0,52,26,480
0,59,31,480
480,69,46,960
480,61,25,480
0,64,30,480
0,45,19,480
0,57,22,480
480,61,26,480
0,64,31,480
0,45,20,960
0,57,23,960
480,67,45,480
0,73,54,240
360,73,49,120
120,66,45,480
0,74,54,480
0,50,36,480
480,65,44,480
0,71,53,480
0,38,36,480
480,62,45,480
0,68,54,360
0,40,42,480
360,64,51,120
120,61,45,720
0,69,54,720
0,45,35,480
480,52,39,480
240,68,45,240
0,71,54,240
240,67,45,480
0,73,54,360
0,57,44,480
360,76,54,120
120,66,47,360
0,74,56,360
0,50,41,360
480,65,45,480
0,71,54,480
0,38,36,480
480,62,45,480
0,68,54,160
0,40,41,480
160,66,56,160
160,64,57,160
160,61,52,720
0,69,62,720
0,45,36,480
480,52,41,480
240,68,45,240
0,71,54,240
240,67,44,60
0,73,52,60
0,57,44,480
160,67,45,60
0,73,54,60
160,67,46,60
0,73,55,60
160,66,50,240
0,74,59,240
0,50,36,240
480,65,44,480
0,71,53,480
0,38,36,480
480,62,45,60
0,68,54,60
0,40,42,480
160,62,43,60
0,66,51,60
160,62,43,60
0,64,51,60
160,61,45,720
0,69,54,720
0,45,35,480
480,52,39,480
240,68,45,240
0,71,54,240
240,67,43,60
0,73,51,60
0,57,44,480
160,67,45,60
0,74,54,60
160,67,47,60
0,76,56,60
160,66,51,240
0,74,61,240
0,50,41,240
480,65,45,480
0,71,54,480
0,38,36,480
480,62,45,60
0,68,54,60
0,40,41,480
160,62,45,60
0,66,56,60
160,62,45,60
0,64,57,60
160,61,51,960
0,69,61,960
0,45,36,480
480,57,41,480
480,73,80,240
0,69,68,240
0,54,58,1440
0,61,70,240
360,73,75,120
0,69,64,120
0,61,63,120
120,74,79,360
0,71,67,360
0,62,69,360
480,71,72,360
0,68,60,360
0,59,63,360
480,69,65,160
0,73,77,160
0,54,55,1440
0,61,66,160
160,68,60,160
0,71,72,160
0,59,57,160
160,69,72,160
0,66,60,160
0,57,57,160
160,71,66,360
0,74,78,360
0,62,66,360
480,68,61,360
0,71,73,360
0,59,57,360
480,73,80,240
0,69,68,240
0,54,58,1440
0,61,70,240
360,73,75,120
0,69,64,120
0,61,63,120
120,74,79,360
0,71,67,360
0,62,69,360
480,71,72,360
0,68,60,360
0,59,63,360
480,69,65,160
0,73,77,160
0,54,55,480
0,61,66,160
160,68,60,160
0,71,72,160
0,59,57,160
160,69,72,160
0,66,60,160
0,57,57,160
160,78,75,480
0,90,89,480
0,42,75,480
0,54,75,480
480,78,70,480
0,90,83,480
0,42,65,480
0,54,65,480
480,73,80,240
0,69,68,240
0,54,58,1440
0,61,70,240
360,73,75,120
0,69,64,120
0,61,63,120
120,74,79,360
0,71,67,360
0,62,69,360
480,71,72,360
0,68,60,360
0,59,63,360
480,69,65,160
0,73,77,160
0,54,55,1920
0,61,66,160
160,68,60,160
0,71,72,160
0,59,57,160
160,69,72,160
0,66,60,160
0,57,57,160
160,71,66,360
0,74,78,360
0,62,66,360
480,68,61,360
0,71,73,360
0,59,57,360
480,69,57,480
0,73,68,240
0,61,53,240
240,75,71,240
0,59,57,1200
240,68,62,960
0,76,74,960
0,52,51,1440
960,69,57,480
0,73,68,240
0,61,53,240
240,75,71,120
0,59,57,1200
120,78,69,120
120,68,62,960
0,76,74,720
0,52,51,960
720,74,70,240
240,67,50,480
0,73,60,240
0,57,49,480
360,73,55,120
120,66,51,480
0,74,61,480
0,50,40,480
480,65,49,480
0,71,59,480
0,38,40,480
480,62,50,480
0,68,60,360
0,40,47,480
360,64,57,120
120,61,50,720
0,69,60,720
0,45,39,480
480,52,44,480
240,68,50,240
0,71,60,240
240,67,51,480
0,73,61,360
0,57,49,480
360,76,60,120
120,66,53,480
0,74,63,480
0,50,46,480
480,65,50,480
0,71,60,480
0,38,40,480
480,62,51,480
0,68,61,160
0,40,46,480
160,66,63,160
160,64,64,160
160,61,58,720
0,69,69,720
0,45,40,480
480,52,46,480
240,68,50,240
0,71,60,240
240,67,49,60
0,73,58,60
0,57,49,480
160,67,50,60
0,73,60,60
160,67,52,60
0,73,62,60
160,66,56,240
0,74,66,240
0,50,40,480
480,65,49,480
0,71,59,480
0,38,40,480
480,62,51,60
0,68,61,60
0,40,47,480
160,62,48,60
0,66,57,60
160,62,48,60
0,64,57,60
160,61,50,720
0,69,60,720
0,45,39,480
480,52,44,480
240,68,50,240
0,71,60,240
240,67,48,60
0,73,57,60
0,57,49,480
160,67,50,60
0,74,60,60
160,67,53,60
0,76,63,60
160,66,57,240
0,74,68,240
0,50,46,480
480,65,50,480
0,71,60,480
0,38,40,480
480,62,51,60
0,68,61,60
0,40,46,480
160,62,51,60
0,66,63,60
160,62,51,60
0,64,64,60
160,61,57,960
0,69,68,960
0,45,40,480
480,57,46,480
480,73,80,240
0,69,68,240
0,54,58,1440
0,61,70,240
360,73,75,120
0,69,64,120
0,61,63,120
120,74,79,360
0,71,67,360
0,62,69,360
480,71,72,360
0,68,60,360
0,59,63,360
480,69,65,160
0,73,77,160
0,54,55,1440
0,61,66,160
160,68,60,160
0,71,72,160
0,59,57,160
160,69,72,160
0,66,60,160
0,57,57,160
160,71,66,360
0,74,78,360
0,62,66,360
480,68,61,360
0,71,73,360
0,59,57,360
480,73,80,240
0,69,68,240
0,54,58,1440
0,61,70,240
360,73,75,120
0,69,64,120
0,61,63,120
120,74,79,360
0,71,67,360
0,62,69,360
480,71,72,360
0,68,60,360
0,59,63,360
480,69,65,160
0,73,77,160
0,54,55,480
0,61,66,160
160,68,60,160
0,71,72,160
0,59,57,160
160,69,72,160
0,66,60,160
0,57,57,160
160,78,75,480
0,90,89,480
0,42,75,480
0,54,75,480
480,78,70,480
0,90,83,480
0,42,65,480
0,54,65,480
480,73,80,240
0,69,68,240
0,54,58,1440
0,61,70,240
360,73,75,120
0,69,64,120
0,61,63,120
120,74,79,360
0,71,67,360
0,62,69,360
480,71,72,360
0,68,60,360
0,59,63,360
480,69,65,160
0,73,77,160
0,54,55,1920
0,61,66,160
160,68,60,160
0,71,72,160
0,59,57,160
160,69,72,160
0,66,60,160
0,57,57,160
160,71,66,360
0,74,78,360
0,62,66,360
480,68,61,360
0,71,73,360
0,59,57,360
480,69,57,480
0,73,68,240
0,61,53,240
240,75,71,240
0,59,57,1200
240,68,62,960
0,76,74,960
0,52,51,1440
960,69,57,480
0,73,68,240
0,61,53,240
240,75,71,120
0,59,57,1200
120,78,69,120
120,68,62,960
0,76,74,720
0,52,51,960
720,74,70,240
240,67,50,480
0,73,60,240
0,57,49,480
360,73,55,120
120,66,51,480
0,74,61,480
0,50,40,480
480,65,49,480
0,71,59,480
0,38,40,480
480,62,50,480
0,68,60,360
0,40,47,480
360,64,57,120
120,61,50,720
0,69,60,720
0,45,39,480
480,52,44,480
240,68,50,240
0,71,60,240
240,67,51,480
0,73,61,360
0,57,49,480
360,76,60,120
120,66,53,480
0,74,63,480
0,50,46,480
480,65,50,480
0,71,60,480
0,38,40,480
480,62,51,480
0,68,61,160
0,40,46,480
160,66,63,160
160,64,64,160
160,61,58,720
0,69,69,720
0,45,40,480
480,52,46,480
240,68,50,240
0,71,60,240
240,67,49,60
0,73,58,60
0,57,49,480
160,67,50,60
0,73,60,60
160,67,52,60
0,73,62,60
160,66,56,240
0,74,66,240
0,50,40,480
480,65,49,480
0,71,59,480
0,38,40,480
480,62,51,60
0,68,61,60
0,40,47,480
160,62,48,60
0,66,57,60
160,62,48,60
0,64,57,60
160,61,50,720
0,69,60,720
0,45,39,480
480,52,44,480
240,68,50,240
0,71,60,240
240,67,48,60
0,73,57,60
0,57,49,480
160,67,50,60
0,74,60,60
160,67,53,60
0,76,63,60
160,66,57,240
0,74,68,240
0,50,46,480
480,65,50,480
0,71,60,480
0,38,40,480
480,62,51,60
0,68,61,60
0,40,46,480
160,62,51,60
0,66,63,60
160,62,51,60
0,64,64,60
160,61,57,480
0,69,68,480
0,33,34,480
0,45,40,480
480,76,45,480
480,77,46,360
360,76,45,120
120,74,45,480
0,65,27,480
0,62,22,480
0,57,22,480
480,77,48,475
0,65,27,480
0,62,22,480
0,57,22,480
480,77,47,960
480,65,25,480
0,60,21,480
0,57,21,480
480,76,43,480
0,64,25,19
0,60,21,480
0,57,21,480
480,74,42,80
80,76,43,80
80,74,44,80
80,73,45,240
240,74,47,240
0,62,28,480
0,52,23,480
0,56,23,480
240,75,45,240
240,76,51,240
0,62,25,480
0,56,21,480
0,52,21,480
240,71,46,240
240,74,54,960
480,45,30,480
480,72,45,480
0,60,28,480
0,52,22,480
480,69,62,160
160,71,57,160
160,69,57,160
160,68,63,240
0,52,39,240
0,60,46,240
480,69,67,240
0,45,48,240
480,71,70,240
480,76,72,960
0,52,41,480
0,59,49,480
0,55,41,480
480,47,56,480
480,71,76,240
240,67,73,240
240,64,76,240
0,47,45,480
0,55,45,480
0,59,54,480
240,71,71,240
240,63,73,480
0,47,41,480
0,54,41,480
0,59,49,480
480,64,76,4
0,52,45,480
0,55,45,480
0,59,54,480
480,40,50,480
480,76,45,480
480,77,46,360
360,76,45,120
120,74,45,480
0,65,27,480
0,62,22,480
0,57,22,480
480,77,48,476
0,65,27,480
0,62,22,480
0,57,22,480
480,77,47,960
480,65,25,480
0,60,21,480
0,57,21,480
480,76,43,480
0,64,25,14
0,60,21,480
0,57,21,480
480,74,42,80
80,76,43,80
80,74,44,80
80,73,45,240
240,74,47,240
0,62,28,480
0,52,23,480
0,56,23,480
240,75,45,240
240,76,47,240
0,62,25,480
0,56,21,480
0,52,21,480
240,71,42,115
120,71,42,120
120,74,53,960
480,53,21,480
0,57,21,480
0,62,28,480
480,72,45,480
0,57,21,480
0,60,26,480
0,53,21,480
480,69,41,160
160,70,38,160
160,69,38,160
160,67,42,480
0,60,26,480
0,53,26,480
0,63,30,480
480,69,45,480
0,53,26,480
0,60,26,480
0,63,30,480
480,70,47,480
0,58,30,960
0,62,33,480
480,74,48,480
0,65,33,480
960,69,40,360
360,68,37,120
120,62,34,480
0,64,40,16
0,52,24,480
0,59,29,480
480,68,38,480
0,62,32,480
0,52,22,480
0,59,26,480
480,60,33,480
0,69,39,960
0,45,24,480
0,52,29,480