0,51,83,119
0,36,61,119
120,55,52,119
0,43,41,119
120,63,52,119
0,48,41,119
120,63,53,119
0,48,42,119
120,67,62,119
0,55,53,119
120,75,55,119
0,60,44,119
120,75,53,119
0,60,42,119
120,79,53,119
0,67,42,119
120,87,71,119
0,72,51,119
120,79,57,119
0,67,42,119
120,75,57,119
0,60,42,119
120,75,57,119
0,60,42,119
120,67,64,119
0,55,50,119
120,63,55,119
0,48,42,119
120,63,56,119
0,48,42,119
120,55,56,119
0,43,42,119
120,50,84,119
0,36,59,119
120,56,52,119
0,41,46,119
120,62,52,119
0,48,40,119
120,62,52,119
0,48,40,119
120,68,67,119
0,53,57,119
120,74,55,119
0,60,40,119
120,74,53,119
0,60,40,119
120,80,53,119
0,65,41,119
120,86,77,119
0,72,56,119
120,80,58,119
0,65,46,119
120,74,58,119
0,60,46,119
120,74,58,119
0,60,46,119
120,68,66,119
0,53,53,119
120,62,58,119
0,48,42,119
120,62,58,119
0,48,42,119
120,56,57,119
0,41,42,119
120,53,90,119
0,36,64,119
120,60,59,119
0,44,48,119
120,65,60,119
0,48,48,119
120,65,60,119
0,48,48,119
120,72,70,119
0,56,60,119
120,77,61,119
0,60,48,119
120,77,61,119
0,60,48,119
120,84,61,119
0,68,48,119
120,89,78,119
0,72,59,119
120,84,63,119
0,68,48,119
120,77,63,119
0,60,49,119
120,77,63,119
0,60,49,119
120,72,72,119
0,56,56,119
120,65,63,119
0,48,44,119
120,65,63,119
0,48,44,119
120,60,63,119
0,44,44,119
120,51,96,119
0,36,73,119
120,55,62,119
0,43,50,119
120,63,62,119
0,48,50,119
120,63,63,119
0,48,50,119
120,67,74,119
0,55,63,119
120,75,64,119
0,60,51,119
120,75,63,119
0,60,50,119
120,79,63,119
0,67,50,119
120,87,86,119
0,72,62,119
120,79,67,119
0,67,51,119
120,75,67,119
0,60,51,119
120,75,67,119
0,60,50,119
120,67,74,119
0,55,58,119
120,63,63,119
0,48,49,119
120,63,63,119
0,48,49,119
120,55,63,119
0,43,49,119
120,50,97,119
0,36,66,119
120,56,59,119
0,41,51,119
120,62,59,119
0,48,45,119
120,62,59,119
0,48,45,119
120,68,72,119
0,53,61,119
120,74,59,119
0,60,44,119
120,74,58,119
0,60,44,119
120,80,58,119
0,65,44,119
120,86,86,119
0,72,60,119
120,80,61,119
0,65,48,119
120,74,60,119
0,60,48,119
120,74,60,119
0,60,48,119
120,68,67,119
0,53,53,119
120,62,59,119
0,48,42,119
120,62,58,119
0,48,42,119
120,56,57,119
0,41,42,119
120,51,93,119
0,36,64,119
120,56,59,119
0,41,48,119
120,63,59,119
0,47,48,119
120,63,58,119
0,48,47,119
120,68,68,119
0,56,58,119
120,75,58,119
0,59,46,119
120,75,58,119
0,60,46,119
120,80,58,119
0,65,46,119
120,87,75,119
0,71,55,119
120,80,59,119
0,65,45,119
120,75,58,119
0,60,45,119
120,75,58,119
0,59,45,119
120,68,64,119
0,53,50,119
120,63,57,119
0,48,39,119
120,63,57,119
0,47,39,119
120,56,56,119
0,41,38,119
120,48,88,119
0,36,60,119
120,51,55,119
0,43,44,119
120,60,55,119
0,48,44,119
120,60,55,119
0,48,44,119
120,63,59,119
0,55,50,119
120,72,66,480
0,60,38,119
120,63,50,119
0,55,38,119
120,60,49,119
0,48,38,119
120,63,56,119
0,55,47,119
120,70,61,480
0,60,37,119
120,63,49,119
0,55,37,119
120,60,48,119
0,48,35,119
120,63,53,119
0,55,41,119
120,68,57,480
0,60,31,119
120,63,46,119
0,55,31,119
120,60,46,119
0,48,31,119
120,62,50,119
0,55,44,119
120,67,56,480
0,59,34,119
120,62,42,119
0,55,33,119
120,59,42,119
0,48,33,119
120,61,48,119
0,55,39,119
120,67,52,480
0,58,31,119
120,61,42,119
0,55,31,119
120,58,40,119
0,48,30,119
120,60,46,119
0,53,35,119
120,65,49,480
0,57,26,119
120,60,39,119
0,53,26,119
120,57,38,119
0,48,26,119
120,59,42,119
0,53,34,119
120,65,47,360
0,56,25,119
120,59,37,119
0,53,25,119
120,56,35,119
0,48,24,119
120,51,85,119
0,36,64,119
120,55,56,119
0,43,44,119
120,63,56,119
0,48,44,119
120,63,56,119
0,48,44,119
120,67,64,119
0,55,56,119
120,75,57,119
0,60,45,119
120,75,56,119
0,60,44,119
120,79,56,119
0,67,45,119
120,87,79,119
0,72,53,119
120,79,58,119
0,67,45,119
120,75,58,119
0,60,45,119
120,75,58,119
0,60,45,119
120,67,66,119
0,55,51,119
120,63,56,119
0,48,44,119
120,63,57,119
0,48,44,119
120,55,57,119
0,43,44,119
120,50,91,119
0,36,60,119
120,56,53,119
0,41,46,119
120,62,53,119
0,48,40,119
120,62,53,119
0,48,40,119
120,68,67,119
0,53,57,119
120,74,55,119
0,60,41,119
120,74,53,119
0,60,41,119
120,80,53,119
0,65,41,119
120,86,75,119
0,72,56,119
120,80,58,119
0,65,46,119
120,74,57,119
0,60,46,119
120,74,57,119
0,60,46,119
120,68,64,119
0,53,52,119
120,62,57,119
0,48,41,119
120,62,57,119
0,48,41,119
120,56,56,119
0,41,41,119
120,53,92,119
0,36,63,119
120,60,58,119
0,44,47,119
120,65,58,119
0,48,47,119
120,65,59,119
0,48,48,119
120,72,69,119
0,56,59,119
120,77,60,119
0,60,47,119
120,77,60,119
0,60,47,119
120,84,60,119
0,68,47,119
120,89,80,119
0,72,57,119
120,84,61,119
0,68,47,119
120,77,61,119
0,60,47,119
120,77,61,119
0,60,47,119
120,72,69,119
0,56,53,119
120,65,60,119
0,48,41,119
120,65,60,119
0,48,41,119
120,60,60,119
0,44,41,119
120,52,93,119
0,36,69,119
120,60,60,119
0,43,47,119
120,64,60,119
0,48,47,119
120,64,60,119
0,48,47,119
120,72,70,119
0,55,60,119
120,76,61,119
0,60,48,119
120,76,60,119
0,60,47,119
120,84,60,119
0,67,47,119
120,88,81,119
0,72,58,119
120,84,62,119
0,67,48,119
120,76,62,119
0,60,48,119
120,76,62,119
0,60,48,119
120,72,70,119
0,55,55,119
120,64,60,119
0,48,47,119
120,64,60,119
0,48,47,119
120,60,61,119
0,43,47,119
120,56,96,119
0,41,71,119
120,61,63,119
0,49,53,119
120,68,63,119
0,53,47,119
120,68,63,119
0,53,47,119
120,73,79,119
0,61,67,119
120,80,64,119
0,65,47,119
120,80,63,119
0,65,48,119
120,85,63,119
0,73,48,119
120,92,83,119
0,77,66,119
120,85,69,119
0,73,53,119
120,80,67,119
0,65,53,119
120,80,67,119
0,65,53,119
120,73,77,119
0,61,60,119
120,68,67,119
0,53,48,119
120,68,67,119
0,53,48,119
120,61,66,119
0,49,48,119
120,55,102,119
0,43,76,119
120,59,70,119
0,50,57,119
120,67,70,119
0,53,57,119
120,67,70,119
0,55,57,119
120,71,84,119
0,62,71,119
120,79,73,119
0,65,55,119
120,79,73,119
0,67,55,119
120,83,73,119
0,71,55,119
120,91,84,119
0,77,69,119
120,83,74,119
0,71,54,119
120,79,74,119
0,67,54,119
120,79,75,119
0,65,54,119
120,71,84,119
0,62,64,119
120,67,74,119
0,55,51,119
120,67,74,119
0,50,51,119
120,59,74,119
0,43,51,119
120,52,107,119
0,36,80,119
120,55,71,119
0,43,59,119
120,64,72,119
0,48,59,119
120,64,72,119
0,48,59,119
120,67,85,119
0,55,72,119
120,76,74,119
0,60,58,119
120,76,74,119
0,60,58,119
120,79,74,119
0,67,58,119
120,88,88,119
0,72,70,119
120,88,77,119
0,72,58,119
120,91,77,119
0,79,58,119
120,100,77,119
0,84,58,119
120,91,86,119
0,79,66,119
120,88,75,119
0,72,52,119
120,88,75,119
0,72,52,119
120,79,75,119
0,67,52,119
120,76,75,119
0,60,70,119
120,76,63,119
0,60,51,119
120,67,63,119
0,55,51,119
120,64,63,119
0,48,51,119
120,64,95,480
0,48,63,119
120,55,64,119
0,43,50,119
120,52,64,119
0,36,50,119
120,55,64,119
0,43,50,119
120,50,95,119
0,47,78,119
120,55,67,119
0,43,50,119
120,62,84,119
0,36,50,119
120,55,68,119
0,43,50,119
120,53,94,119
0,50,79,119
120,55,70,119
0,43,45,119
120,67,83,119
0,36,45,119
120,55,64,119
0,43,45,119
120,52,106,119
0,36,77,119
120,55,69,119
0,43,56,119
120,64,69,119
0,48,56,119
120,64,69,240
0,48,56,119
120,67,80,119
0,55,69,119
120,76,70,119
0,60,55,119
120,76,70,119
0,60,55,119
120,79,70,119
0,67,55,119
120,88,87,119
0,72,66,119
120,88,71,119
0,72,55,119
120,91,71,119
0,79,55,119
120,100,71,119
0,84,55,119
120,91,80,119
0,79,61,119
120,88,69,119
0,72,48,119
120,88,69,119
0,72,48,119
120,79,69,119
0,67,48,119
120,76,72,119
0,60,68,119
120,76,62,119
0,60,50,119
120,67,62,119
0,55,50,119
120,64,62,119
0,48,50,119
120,64,92,480
0,48,61,119
120,55,62,119
0,43,49,119
120,52,62,119
0,36,49,119
120,55,62,119
0,43,49,119
120,50,89,119
0,47,64,119
120,55,63,119
0,43,49,119
120,62,69,480
0,36,49,119
120,55,66,119
0,43,49,119
120,48,86,119
0,45,62,119
120,55,67,119
0,43,42,119
120,60,68,240
0,36,42,119
120,55,62,119
0,43,42,119
120,50,95,119
0,36,73,119
120,55,67,119
0,43,53,119
120,62,67,119
0,47,53,119
120,62,67,240
0,47,53,119
120,67,78,119
0,55,67,119
120,74,68,119
0,59,52,119
120,74,67,119
0,60,52,119
120,79,67,119
0,67,52,119
120,86,80,119
0,71,63,119
120,86,68,119
0,72,52,119
120,91,68,119
0,79,52,119
120,98,68,119
0,83,52,119
120,91,78,119
0,79,59,119
120,86,67,119
0,72,47,119
120,86,67,119
0,71,47,119
120,79,67,119
0,67,46,119
120,74,70,119
0,60,66,119
120,74,60,119
0,59,48,119
120,67,60,119
0,55,48,119
120,62,60,119
0,48,48,119
120,62,83,480
0,47,52,119
120,55,53,119
0,43,40,119
120,50,53,119
0,36,40,119
120,55,53,119
0,43,40,119
120,48,80,119
0,45,56,119
120,53,55,119
0,41,40,119
120,60,59,480
0,36,40,119
120,53,57,119
0,41,40,119
120,48,75,119
0,45,53,119
120,53,58,119
0,41,37,119
120,57,59,240
0,36,37,119
120,53,53,119
0,41,37,119
120,48,77,119
0,36,58,119
120,53,52,119
0,44,41,119
120,60,52,119
0,48,41,119
120,60,52,119
0,48,41,119
120,65,61,119
0,56,52,119
120,72,53,119
0,60,40,119
120,72,53,119
0,60,40,119
120,77,53,119
0,68,40,119
120,84,69,119
0,72,51,119
120,77,55,119
0,68,40,119
120,72,55,119
0,60,40,119
120,72,55,119
0,60,40,119
120,65,61,119
0,56,48,119
120,60,53,119
0,48,37,119
120,60,53,119
0,48,37,119
120,53,53,119
0,44,37,119
120,48,77,119
0,36,58,119
120,52,52,119
0,43,41,119
120,60,52,119
0,48,41,119
120,60,52,119
0,48,41,119
120,64,61,119
0,55,52,119
120,72,53,119
0,60,40,119
120,72,53,119
0,60,40,119
120,76,53,119
0,67,40,119
120,84,69,119
0,72,51,119
120,76,55,119
0,67,40,119
120,72,55,119
0,60,40,119
120,72,55,119
0,60,40,119
120,64,61,119
0,55,48,119
120,60,53,119
0,48,37,119
120,60,53,119
0,48,37,119
120,52,53,119
0,43,37,119
120,48,75,119
0,32,53,119
120,51,48,119
0,39,38,119
120,60,48,119
0,44,38,119
120,60,48,119
0,44,38,119
120,63,56,119
0,51,48,119
120,72,49,119
0,56,37,119
120,72,49,119
0,56,37,119
120,75,49,119
0,63,37,119
120,84,63,119
0,68,47,119
120,84,49,119
0,68,37,119
120,87,49,119
0,75,37,119
120,96,49,119
0,80,37,119
120,87,56,119
0,75,44,119
120,84,49,119
0,68,34,119
120,84,49,119
0,68,34,119
120,75,49,119
0,63,34,119
120,72,60,119
0,56,50,119
120,72,48,119
0,56,38,119
120,63,48,119
0,51,38,119
120,60,48,119
0,44,38,119
120,60,69,480
0,44,48,119
120,51,49,119
0,39,37,119
120,48,49,119
0,32,37,119
120,51,49,119
0,39,37,119
120,46,69,119
0,43,47,119
120,51,49,119
0,39,37,119
120,58,64,119
0,32,37,119
120,51,51,119
0,39,37,119
120,49,68,119
0,46,44,119
120,51,49,119
0,39,34,119
120,63,60,119
0,32,34,119
120,51,49,119
0,39,34,119
120,48,75,119
0,32,53,119
120,51,48,119
0,39,38,119
120,60,48,119
0,44,38,119
120,60,48,240
0,44,38,119
120,63,56,119
0,51,48,119
120,72,49,119
0,56,37,119
120,72,49,119
0,56,37,119
120,75,49,119
0,63,37,119
120,84,63,119
0,68,47,119
120,84,49,119
0,68,37,119
120,87,49,119
0,75,37,119
120,96,49,119
0,80,37,119
120,87,56,119
0,75,44,119
120,84,49,119
0,68,34,119
120,84,49,119
0,68,34,119
120,75,49,119
0,63,34,119
120,72,60,119
0,56,50,119
120,72,48,119
0,56,38,119
120,63,48,119
0,51,38,119
120,60,48,119
0,44,38,119
120,60,69,480
0,44,48,119
120,51,49,119
0,39,37,119
120,48,49,119
0,32,37,119
120,51,49,119
0,39,37,119
120,46,69,119
0,43,47,119
120,51,49,119
0,39,37,119
120,58,64,119
0,32,37,119
120,51,51,119
0,39,37,119
120,44,68,119
0,41,44,119
120,51,49,119
0,39,34,119
120,56,60,119
0,32,34,119
120,51,49,119
0,39,34,119
120,46,75,119
0,32,53,119
120,51,48,119
0,39,38,119
120,58,48,119
0,43,38,119
120,58,48,240
0,44,38,119
120,63,56,119
0,51,48,119
120,70,49,119
0,55,37,119
120,70,49,119
0,56,37,119
120,75,49,119
0,63,37,119
120,82,63,119
0,67,47,119
120,82,49,119
0,68,37,119
120,87,49,119
0,75,37,119
120,94,49,119
0,79,37,119
120,87,56,119
0,75,44,119
120,82,49,119
0,68,34,119
120,82,49,119
0,67,34,119
120,75,49,119
0,63,34,119
120,70,60,119
0,56,50,119
120,70,48,119
0,55,38,119
120,63,48,119
0,51,38,119
120,58,48,119
0,44,38,119
120,58,66,480
0,43,45,119
120,51,46,119
0,39,35,119
120,46,46,119
0,32,35,119
120,51,46,119
0,39,35,119
120,44,66,119
0,41,44,119
120,49,47,119
0,37,35,119
120,56,61,480
0,32,35,119
120,49,49,119
0,37,35,119
120,44,63,119
0,41,41,119
120,49,46,119
0,37,31,119
120,53,56,240
0,32,31,119
120,49,46,119
0,37,31,119
120,44,72,119
0,32,50,119
120,49,45,119
0,40,36,119
120,56,45,119
0,44,36,119
120,56,45,119
0,44,35,119
120,61,52,119
0,52,45,119
120,68,45,119
0,56,34,119
120,68,45,119
0,56,34,119
120,73,44,119
0,64,33,119
120,80,62,119
0,68,42,119
120,73,45,119
0,64,33,119
120,68,45,119
0,56,33,119
120,68,44,119
0,56,33,119
120,61,50,119
0,52,39,119
120,56,42,119
0,44,30,119
120,56,42,119
0,44,30,119
120,49,42,119
0,40,29,119
120,44,64,119
0,32,44,119
120,48,42,119
0,39,33,119
120,56,41,119
0,44,31,119
120,56,41,119
0,44,31,119
120,60,50,119
0,51,38,119
120,68,39,119
0,56,29,119
120,60,38,119
0,51,29,119
120,56,38,119
0,44,29,119
120,42,61,119
0,32,42,119
120,48,39,119
0,38,29,119
120,54,46,119
0,44,28,119
120,54,40,119
0,44,28,119
120,60,48,119
0,50,33,119
120,66,37,119
0,56,25,119
120,60,44,120
0,50,25,119
120,54,36,119
0,44,25,119
120,43,61,119
0,31,42,119
120,47,38,119
0,38,30,119
120,55,38,119
0,43,30,119
120,55,38,119
0,43,30,119
120,59,46,119
0,50,36,119
120,67,39,119
0,55,29,119
120,67,39,119
0,55,29,119
120,71,40,119
0,62,29,119
120,79,56,119
0,67,41,119
120,71,41,119
0,62,29,119
120,67,41,119
0,55,30,119
120,67,41,119
0,55,30,119
120,59,47,119
0,50,36,119
120,55,41,119
0,43,28,119
120,55,41,119
0,43,28,119
120,47,41,119
0,38,28,119
120,44,66,119
0,31,46,119
120,48,41,119
0,39,31,119
120,56,41,119
0,43,31,119
120,56,41,119
0,43,31,119
120,60,49,119
0,51,39,119
120,68,44,119
0,55,33,119
120,68,44,119
0,55,33,119
120,72,44,119
0,63,33,119
120,80,60,119
0,67,45,119
120,72,45,119
0,63,33,119
120,68,45,119
0,55,33,119
120,68,45,119
0,55,33,119
120,60,51,119
0,51,39,119
120,56,45,119
0,43,31,119
120,56,45,119
0,43,31,119
120,48,45,119
0,39,31,119
120,48,72,119
0,31,50,119
120,53,45,119
0,38,36,119
120,60,45,119
0,44,36,119
120,60,45,119
0,44,36,119
120,65,52,119
0,50,42,119
120,72,46,119
0,56,34,119
120,72,46,119
0,56,34,119
120,77,45,119
0,62,34,119
120,84,64,119
0,68,46,119
120,77,46,119
0,62,34,119
120,72,46,119
0,56,34,119
120,72,46,119
0,56,34,119
120,65,51,119
0,50,39,119
120,60,45,119
0,44,31,119
120,60,45,119
0,44,31,119
120,53,45,119
0,38,31,119
120,47,69,119
0,31,49,119
120,53,44,119
0,38,34,119
120,59,44,119
0,43,34,119
120,59,44,119
0,43,34,119
120,65,51,119
0,50,42,119
120,71,44,119
0,55,34,119
120,71,44,119
0,55,34,119
120,77,44,119
0,62,33,119
120,83,62,119
0,67,45,119
120,77,45,119
0,62,33,119
120,71,45,119
0,55,33,119
120,71,45,119
0,55,33,119
120,65,50,119
0,50,39,119
120,59,44,119
0,43,30,119
120,59,44,119
0,43,30,119
120,53,44,119
0,38,30,119
120,47,68,119
0,31,48,119
120,53,42,119
0,38,34,119
120,59,42,119
0,43,34,119
120,59,42,119
0,43,34,119
120,65,50,119
0,50,41,119
120,71,42,119
0,55,33,119
120,71,42,119
0,55,33,119
120,77,45,119
0,62,33,119
120,83,62,119
0,67,46,119
120,77,46,119
0,62,33,119
120,71,46,119
0,55,33,119
120,71,46,119
0,55,33,119
120,65,51,119
0,50,39,119
120,59,45,119
0,43,31,119
120,59,45,119
0,43,31,119
120,53,45,119
0,38,31,119
120,48,73,119
0,32,51,119
120,53,47,119
0,41,36,119
120,60,47,119
0,44,36,119
120,60,47,119
0,44,36,119
120,65,56,119
0,53,46,119
120,72,48,119
0,56,36,119
120,72,48,119
0,56,36,119
120,77,48,119
0,65,36,119
120,84,69,119
0,68,49,119
120,77,49,119
0,65,36,119
120,72,50,119
0,56,36,119
120,72,50,119
0,56,36,119
120,65,57,119
0,53,45,119
120,60,49,119
0,44,34,119
120,60,49,119
0,44,34,119
120,53,49,119
0,41,34,119
120,51,79,119
0,33,56,119
120,54,49,119
0,42,39,119
120,63,49,119
0,45,39,119
120,63,49,119
0,45,39,119
120,66,59,119
0,54,48,119
120,75,50,119
0,57,38,119
120,75,50,119
0,57,38,119
120,78,51,119
0,66,39,119
120,87,69,119
0,69,52,119
120,78,52,119
0,66,39,119
120,75,52,119
0,57,39,119
120,75,52,119
0,57,39,119
120,66,60,119
0,54,47,119
120,63,52,119
0,45,37,119
120,63,52,119
0,45,37,119
120,54,52,119
0,42,37,119
120,50,84,119
0,34,59,119
120,55,51,119
0,43,41,119
120,62,51,119
0,46,41,119
120,62,51,119
0,46,41,119
120,67,63,119
0,55,51,119
120,74,53,119
0,58,42,119
120,74,53,119
0,58,42,119
120,79,53,119
0,67,42,119
120,86,77,119
0,70,56,119
120,79,56,119
0,67,42,119
120,74,57,119
0,58,42,119
120,74,57,119
0,58,42,119
120,67,66,119
0,55,50,119
120,62,56,119
0,46,38,119
120,62,56,119
0,46,38,119
120,55,56,119
0,43,38,119
120,50,91,119
0,35,62,119
120,56,57,119
0,41,45,119
120,62,57,119
0,47,45,119
120,62,57,119
0,47,45,119
120,68,68,119
0,53,55,119
120,74,58,119
0,59,44,119
120,74,58,119
0,59,44,119
120,80,58,119
0,65,45,119
120,86,77,119
0,71,59,119
120,80,59,119
0,65,45,119
120,74,59,119
0,59,45,119
120,74,59,119
0,59,45,119
120,68,69,119
0,53,52,119
120,62,60,119
0,47,40,119
120,62,60,119
0,47,40,119
120,56,60,119
0,41,40,119
120,51,94,119
0,36,67,119
120,56,59,119
0,41,46,119
120,63,59,119
0,48,46,119
120,63,59,119
0,48,46,119
120,68,71,119
0,53,57,119
120,75,61,119
0,60,48,119
120,75,61,119
0,60,48,119
120,80,61,119
0,65,48,119
120,87,84,119
0,72,62,119
120,80,62,119
0,65,48,119
120,75,64,119
0,60,48,119
120,75,64,119
0,60,48,119
120,68,73,119
0,53,56,119
120,63,63,119
0,48,42,119
120,63,63,119
0,48,42,119
120,56,63,119
0,41,42,119
120,55,97,119
0,39,71,119
120,60,63,119
0,44,51,119
120,67,63,119
0,51,51,119
120,67,63,119
0,51,51,119
120,72,74,119
0,56,61,119
120,79,64,119
0,63,49,119
120,79,64,119
0,63,49,119
120,84,66,119
0,68,50,119
120,91,88,119
0,75,67,119
120,84,67,119
0,68,50,119
120,79,67,119
0,63,50,119
120,79,67,119
0,63,50,119
120,72,77,119
0,56,59,119
120,67,67,119
0,51,47,119
120,67,67,119
0,51,47,119
120,60,67,119
0,44,47,119
120,53,101,119
0,38,71,119
120,60,66,119
0,44,51,119
120,65,66,119
0,50,51,119
120,65,66,119
0,50,51,119
120,72,80,119
0,56,63,119
120,77,68,119
0,62,52,119
120,77,68,119
0,62,52,119
120,84,68,119
0,68,52,119
120,89,88,119
0,74,71,119
120,83,71,119
0,68,52,119
120,77,72,119
0,62,52,119
120,77,72,119
0,62,52,119
120,71,81,119
0,56,63,119
120,65,69,119
0,50,49,119
120,65,69,119
0,50,49,119
120,59,69,119
0,44,49,119
120,56,108,119
0,43,77,119
120,59,67,119
0,50,53,119
120,68,67,119
0,53,53,119
120,68,67,119
0,55,53,119
120,71,81,119
0,62,64,119
120,80,70,119
0,65,50,119
120,80,70,119
0,67,51,119
120,83,70,119
0,74,51,119
120,92,92,119
0,77,73,119
120,83,67,119
0,74,53,119
120,80,69,119
0,67,53,119
120,80,69,119
0,65,53,119
120,71,82,119
0,62,63,119
120,68,67,119
0,55,50,119
120,68,67,119
0,53,50,119
120,59,67,119
0,50,50,119
120,55,106,119
0,43,77,119
120,59,67,119
0,50,53,119
120,67,67,119
0,53,53,119
120,67,67,119
0,55,53,119
120,71,81,119
0,62,64,119
120,79,70,119
0,65,50,119
120,79,70,119
0,67,51,119
120,83,70,119
0,74,51,119
120,91,90,119
0,77,73,119
120,83,67,119
0,74,53,119
120,79,69,119
0,67,53,119
120,79,69,119
0,65,53,119
120,71,82,119
0,62,63,119
120,67,67,119
0,55,50,119
120,67,67,119
0,53,50,119
120,59,67,119
0,50,50,119
120,43,100,119
0,31,74,119
120,47,61,119
0,38,44,119
120,55,62,119
0,43,44,119
120,55,64,119
0,43,44,119
120,59,75,119
0,50,58,119
120,67,66,119
0,55,40,119
120,59,67,119
0,50,40,119
120,55,68,119
0,43,41,119
120,43,105,119
0,32,63,119
120,48,68,119
0,36,44,119
120,55,68,119
0,44,44,119
120,55,69,119
0,44,44,119
120,60,80,119
0,48,58,119
120,67,70,119
0,56,41,119
120,60,71,119
0,48,41,119
120,55,72,119
0,44,41,119
120,43,106,119
0,33,71,119
120,49,69,119
0,37,43,119
120,55,70,119
0,45,44,119
120,55,71,119
0,45,45,119
120,61,81,119
0,49,61,119
120,67,72,119
0,57,46,119
120,61,74,119
0,49,47,119
120,55,76,119
0,45,48,119
120,43,109,119
0,34,70,119
120,49,73,119
0,37,50,119
120,55,75,119
0,46,51,119
120,49,75,119
0,37,50,119
120,43,96,119
0,35,69,119
120,50,73,119
0,38,50,119
120,55,72,119
0,47,50,119
120,50,72,119
0,38,51,119
120,51,108,119
0,36,82,119
120,55,70,119
0,43,56,119
120,63,70,119
0,48,56,119
120,63,70,119
0,48,56,119
120,67,82,119
0,55,70,119
120,75,72,119
0,60,57,119
120,75,70,119
0,60,56,119
120,79,70,119
0,67,56,119
120,87,90,119
0,72,67,119
120,79,74,119
0,67,56,119
120,75,74,119
0,60,56,119
120,75,74,119
0,60,56,119
120,67,82,119
0,55,63,119
120,63,70,119
0,48,55,119
120,63,70,119
0,48,55,119
120,55,70,119
0,43,55,119
120,50,107,119
0,36,75,119
120,56,66,119
0,41,57,119
120,62,66,119
0,48,51,119
120,62,66,119
0,48,51,119
120,68,82,119
0,53,70,119
120,74,67,119
0,60,51,119
120,74,66,119
0,60,51,119
120,80,66,119
0,65,51,119
120,86,92,119
0,72,69,119
120,80,72,119
0,65,56,119
120,74,70,119
0,60,56,119
120,74,70,119
0,60,56,119
120,68,79,119
0,53,63,119
120,62,69,119
0,48,51,119
120,62,69,119
0,48,51,119
120,56,67,119
0,41,51,119
120,53,107,119
0,36,78,119
120,60,70,119
0,44,57,119
120,65,70,119
0,48,57,119
120,65,70,119
0,48,57,119
120,72,82,119
0,56,70,119
120,77,72,119
0,60,56,119
120,77,72,119
0,60,56,119
120,84,72,119
0,68,56,119
120,89,88,119
0,72,67,119
120,84,74,119
0,68,56,119
120,77,74,119
0,60,56,119
120,77,74,119
0,60,56,119
120,72,82,119
0,56,63,119
120,65,72,119
0,48,50,119
120,65,72,119
0,48,50,119
120,60,72,119
0,44,50,119
120,51,109,119
0,36,82,119
120,55,70,119
0,43,56,119
120,63,70,119
0,48,56,119
120,63,70,119
0,48,56,119
120,67,82,119
0,55,70,119
120,75,72,119
0,60,57,119
120,75,70,119
0,60,56,119
120,79,70,119
0,67,56,119
120,87,91,119
0,72,67,119
120,79,74,119
0,67,56,119
120,75,74,119
0,60,56,119
120,75,74,119
0,60,56,119
120,67,82,119
0,55,63,119
120,63,70,119
0,48,55,119
120,63,70,119
0,48,55,119
120,55,70,119
0,43,55,119
120,50,110,119
0,36,75,119
120,56,66,119
0,41,57,119
120,62,66,119
0,48,51,119
120,62,66,119
0,48,51,119
120,68,82,119
0,53,70,119
120,74,67,119
0,60,51,119
120,74,66,119
0,60,51,119
120,80,66,119
0,65,51,119
120,86,95,119
0,72,69,119
120,80,72,119
0,65,56,119
120,74,70,119
0,60,56,119
120,74,70,119
0,60,56,119
120,68,79,119
0,53,63,119
120,62,69,119
0,48,51,119
120,62,69,119
0,48,51,119
120,56,67,119
0,41,51,119
120,51,109,119
0,36,78,119
120,56,70,119
0,41,57,119
120,63,70,119
0,47,57,119
120,63,70,119
0,48,57,119
120,68,82,119
0,56,70,119
120,75,72,119
0,59,56,119
120,75,72,119
0,60,56,119
120,80,72,119
0,65,56,119
120,87,94,119
0,71,67,119
120,80,74,119
0,65,56,119
120,75,74,119
0,60,56,119
120,75,74,119
0,59,56,119
120,68,82,119
0,53,63,119
120,63,72,119
0,48,50,119
120,63,72,119
0,47,50,119
120,56,72,119
0,41,50,119
120,48,106,119
0,36,78,119
120,51,70,119
0,43,57,119
120,60,70,119
0,48,57,119
120,60,70,119
0,48,57,119
120,63,78,119
0,55,66,119
120,72,85,480
0,60,51,119
120,63,66,119
0,55,51,119
120,60,64,119
0,48,50,119
120,63,74,119
0,55,61,119
120,70,81,480
0,60,49,119
120,63,64,119
0,55,49,119
120,60,64,119
0,48,48,119
120,63,73,119
0,55,55,119
120,68,77,480
0,60,41,119
120,63,60,119
0,55,41,119
120,60,60,119
0,48,41,119
120,62,69,119
0,55,58,119
120,67,75,480
0,59,47,119
120,62,58,119
0,55,46,119
120,59,58,119
0,48,46,119
120,61,66,119
0,55,53,119
120,67,73,480
0,58,44,119
120,61,58,119
0,55,44,119
120,58,56,119
0,48,41,119
120,60,63,119
0,53,49,119
120,65,70,480
0,57,37,119
120,60,55,119
0,53,37,119
120,57,53,119
0,48,37,119
120,59,59,119
0,53,48,119
120,65,66,360
0,56,36,119
120,59,52,119
0,53,36,119
120,56,50,119
0,48,35,119
120,51,84,119
0,36,62,119
120,55,52,119
0,43,42,119
120,63,52,119
0,48,42,119
120,63,53,119
0,48,42,119
120,67,63,119
0,55,53,119
120,75,56,119
0,60,45,119
120,75,55,119
0,60,44,119
120,79,55,119
0,67,44,119
120,87,79,119
0,72,52,119
120,79,58,119
0,67,44,119
120,75,59,119
0,60,45,119
120,75,59,119
0,60,45,119
120,67,67,119
0,55,51,119
120,63,56,119
0,48,44,119
120,63,56,119
0,48,44,119
120,55,57,119
0,43,45,119
120,50,92,119
0,36,61,119
120,56,55,119
0,41,47,119
120,62,55,119
0,48,42,119
120,62,55,119
0,48,42,119
120,68,69,119
0,53,58,119
120,74,56,119
0,60,42,119
120,74,56,119
0,60,44,119
120,80,56,119
0,65,44,119
120,86,79,119
0,72,59,119
120,80,61,119
0,65,48,119
120,74,59,119
0,60,48,119
120,74,60,119
0,60,48,119
120,68,68,119
0,53,55,119
120,62,60,119
0,48,45,119
120,62,60,119
0,48,45,119
120,56,59,119
0,41,45,119
120,52,100,119
0,36,67,119
120,58,58,119
0,43,50,119
120,64,59,119
0,48,46,119
120,64,59,119
0,48,46,119
120,70,74,119
0,55,62,119
120,76,61,119
0,60,46,119
120,76,60,119
0,60,46,119
120,82,60,119
0,67,47,119
120,88,84,119
0,72,62,119
120,82,67,119
0,67,49,119
120,76,64,119
0,60,49,119
120,76,64,119
0,60,49,119
120,70,73,119
0,55,59,119
120,64,63,119
0,48,48,119
120,64,64,119
0,48,48,119
120,59,63,240
0,43,48,240
120,53,102,119
0,37,68,119
120,56,60,119
0,44,51,119
120,65,60,119
0,49,46,119
120,65,60,119
0,49,46,119
120,68,74,119
0,56,62,119
120,77,61,119
0,61,46,119
120,77,60,119
0,61,46,119
120,80,60,119
0,68,46,119
120,89,83,119
0,73,62,119
120,80,64,119
0,68,48,119
120,77,62,119
0,61,48,119
120,77,62,119
0,61,48,119
120,68,71,119
0,56,58,119
120,65,62,119
0,49,46,119
120,65,62,119
0,49,46,119
120,56,61,119
0,44,46,119
120,53,97,119
0,37,66,119
120,56,58,119
0,44,49,119
120,65,58,119
0,49,44,119
120,65,58,119
0,49,44,119
120,68,71,119
0,56,61,119
120,77,59,119
0,61,44,119
120,77,58,119
0,61,44,119
120,80,58,119
0,68,44,119
120,89,81,119
0,73,60,119
120,80,63,119
0,68,44,119
120,77,62,119
0,61,44,119
120,77,62,119
0,61,44,119
120,68,69,119
0,56,56,119
120,65,60,119
0,49,44,119
120,65,60,119
0,49,44,119
120,56,59,119
0,44,44,119
120,52,101,119
0,37,67,119
120,58,59,119
0,43,50,119
120,64,59,119
0,49,46,119
120,64,59,119
0,49,46,119
120,70,74,119
0,55,62,119
120,76,60,119
0,61,46,119
120,76,59,119
0,61,46,119
120,82,59,119
0,67,46,119
120,88,85,119
0,73,61,119
120,82,64,119
0,67,48,119
120,76,63,119
0,61,48,119
120,76,63,119
0,61,47,119
120,70,71,119
0,55,58,119
120,64,61,119
0,49,46,119
120,64,61,119
0,49,46,119
120,58,60,119
0,43,46,119
120,53,103,119
0,37,69,119
120,59,61,119
0,44,51,119
120,65,61,119
0,49,47,119
120,65,61,119
0,49,47,119
120,71,75,119
0,56,66,119
120,77,62,119
0,61,47,119
120,77,61,119
0,61,47,119
120,83,61,119
0,68,47,119
120,89,86,119
0,73,64,119
120,83,67,119
0,68,47,119
120,77,66,119
0,61,47,119
120,77,66,119
0,61,47,119
120,71,73,119
0,56,60,119
120,65,64,119
0,49,47,119
120,65,64,119
0,49,47,119
120,59,62,119
0,44,47,240
120,55,105,119
0,38,72,119
120,59,61,119
0,43,51,119
120,67,62,119
0,50,49,119
120,67,63,119
0,50,49,119
120,71,79,119
0,55,67,119
120,79,62,119
0,62,49,119
120,71,64,119
0,55,49,119
120,67,66,119
0,50,49,119
120,56,106,119
0,38,67,119
120,59,70,119
0,41,50,119
120,68,68,119
0,50,50,119
120,68,68,119
0,50,50,119
120,71,75,119
0,53,61,119
120,80,67,119
0,62,49,119
120,71,67,119
0,53,49,119
120,68,64,119
0,50,49,119
120,55,108,119
0,39,73,119
120,60,64,119
0,48,55,119
120,67,64,119
0,51,50,119
120,67,64,119
0,51,50,119
120,72,81,119
0,60,69,119
120,79,67,119
0,63,50,119
120,79,64,119
0,63,50,119
120,84,64,119
0,72,50,119
120,91,93,119
0,75,69,119
120,84,71,119
0,72,50,119
120,79,70,119
0,63,50,119
120,79,70,119
0,63,50,119
120,72,78,119
0,60,63,119
120,67,69,119
0,51,50,119
120,67,69,119
0,51,50,119
120,60,68,118
0,48,50,119
120,60,107,119
0,40,77,119
120,67,67,119
0,48,58,119
120,72,67,119
0,52,52,119
120,72,67,119
0,52,52,119
120,79,83,119
0,60,72,119
120,84,69,119
0,64,52,119
120,84,67,119
0,64,52,119
120,91,67,119
0,72,52,119
120,96,95,119
0,76,71,119
120,91,73,119
0,72,52,119
120,84,72,119
0,64,52,119
120,84,72,119
0,64,52,119
120,79,80,119
0,60,64,119
120,72,71,119
0,52,52,119
120,72,71,119
0,52,52,119
120,67,69,119
0,48,52,119
120,58,105,119
0,41,72,119
120,60,64,119
0,48,51,119
120,70,64,119
0,53,49,119
120,70,64,119
0,53,49,119
120,72,80,119
0,60,67,119
120,82,64,119
0,65,49,119
120,72,64,119
0,60,49,119
120,70,64,119
0,53,49,119
120,56,103,119
0,41,66,119
120,60,69,119
0,48,50,119
120,68,67,119
0,53,50,119
120,68,67,119
0,53,50,119
120,72,77,119
0,60,62,119
120,80,66,119
0,65,49,119
120,72,66,119
0,60,49,119
120,68,64,119
0,53,49,118
120,53,103,119
0,41,73,119
120,56,64,119
0,48,52,119
120,65,64,119
0,53,49,119
120,65,64,119
0,53,49,119
120,68,81,119
0,60,69,119
120,77,66,119
0,65,49,119
120,68,64,119
0,60,49,119
120,65,64,119
0,53,49,119
120,50,103,119
0,41,67,119
120,56,70,119
0,48,50,119
120,62,69,119
0,53,50,119
120,62,69,119
0,53,50,119
120,68,77,119
0,60,62,119
120,74,67,119
0,65,49,119
120,68,67,119
0,60,49,119
120,62,66,119
0,53,49,119
120,55,110,119
0,43,74,119
120,60,70,119
0,51,56,119
120,67,70,119
0,55,56,119
120,67,70,119
0,55,53,119
120,72,85,119
0,63,66,119
120,79,71,119
0,67,53,119
120,79,70,119
0,67,53,119
120,84,70,119
0,75,53,119
120,91,97,119
0,79,72,119
120,84,75,119
0,75,53,119
120,79,73,119
0,67,53,119
120,79,73,119
0,67,53,119
120,72,82,119
0,63,67,119
120,67,72,119
0,55,53,119
120,67,72,119
0,55,53,119
120,60,71,119
0,51,53,119
120,56,108,119
0,43,74,119
120,60,70,119
0,51,56,119
120,68,70,119
0,55,56,119
120,68,70,119
0,55,53,119
120,72,85,119
0,63,66,119
120,80,71,119
0,67,53,119
120,80,70,119
0,67,53,119
120,84,70,119
0,75,53,119
120,92,97,119
0,79,72,119
120,84,75,119
0,75,53,119
120,80,73,119
0,67,53,119
120,80,73,119
0,67,53,119
120,72,82,119
0,63,67,119
120,68,72,119
0,55,53,119
120,68,72,119
0,55,53,119
120,60,71,119
0,51,53,119
120,56,110,119
0,43,74,119
120,59,70,119
0,50,56,119
120,68,70,119
0,53,56,119
120,68,70,119
0,55,53,119
120,71,85,119
0,62,66,119
120,80,71,119
0,65,53,119
120,80,70,119
0,67,53,119
120,83,70,119
0,74,53,119
120,92,97,119
0,77,72,119
120,83,75,119
0,74,53,119
120,80,73,119
0,67,53,119
120,80,73,119
0,65,53,119
120,71,82,119
0,62,67,119
120,68,72,119
0,55,53,119
120,68,72,119
0,53,53,119
120,59,71,119
0,50,53,119
120,55,108,119
0,43,74,119
120,59,70,119
0,50,56,119
120,67,70,119
0,53,56,119
120,67,70,119
0,55,53,119
120,71,85,119
0,62,66,119
120,79,71,119
0,65,53,119
120,79,70,119
0,67,53,119
120,83,70,119
0,74,53,119
120,91,97,119
0,77,72,119
120,83,75,119
0,74,53,119
120,79,73,119
0,67,53,119
120,79,73,119
0,65,53,119
120,71,82,119
0,62,67,119
120,67,72,119
0,55,53,119
120,67,72,119
0,50,53,119
120,59,71,119
0,43,53,119
120,52,108,119
0,36,74,119
120,55,70,119
0,43,56,119
120,64,70,119
0,48,56,119
120,64,70,119
0,48,53,119
120,67,85,119
0,55,66,119
120,76,71,119
0,60,53,119
120,76,70,119
0,60,53,119
120,79,70,119
0,67,53,119
120,88,93,119
0,72,72,119
120,88,75,119
0,72,53,119
120,91,73,119
0,79,53,119
120,100,73,119
0,84,53,119
120,91,82,119
0,79,67,119
120,88,72,119
0,72,53,119
120,88,72,119
0,72,53,119
120,79,71,119
0,67,53,119
120,76,81,119
0,60,69,119
120,76,69,119
0,60,52,119
120,67,69,119
0,55,52,119
120,64,69,119
0,48,52,119
120,64,101,480
0,48,61,119
120,55,70,119
0,43,50,119
120,52,70,119
0,36,50,119
120,55,70,119
0,43,50,119
120,50,106,119
0,47,59,119
120,55,63,119
0,43,50,119
120,62,82,119
0,36,50,119
120,55,66,119
0,43,50,119
120,53,102,119
0,50,56,119
120,55,62,119
0,43,49,119
120,67,75,240
0,36,49,119
120,55,62,119
0,43,49,119
120,52,108,119
0,36,74,119
120,55,70,119
0,43,56,119
120,64,70,119
0,48,56,119
120,64,70,119
0,48,53,119
120,67,85,119
0,55,66,119
120,76,71,119
0,60,53,119
120,76,70,119
0,60,53,119
120,79,70,119
0,67,53,119
120,88,83,119
0,72,72,119
120,88,75,119
0,72,53,119
120,91,73,119
0,79,53,119
120,100,73,119
0,84,53,119
120,91,82,119
0,79,67,119
120,88,72,119
0,72,53,119
120,88,72,119
0,72,53,119
120,79,71,119
0,67,53,119
120,76,81,119
0,60,69,119
120,76,69,119
0,60,52,119
120,67,69,119
0,55,52,119
120,64,69,119
0,48,52,119
120,64,105,480
0,48,61,119
120,55,70,119
0,43,50,119
120,52,70,119
0,36,50,119
120,55,70,119
0,43,50,119
120,50,104,119
0,47,59,119
120,55,63,119
0,43,50,119
120,62,82,480
0,36,50,119
120,55,66,119
0,43,50,119
120,48,103,119
0,45,56,119
120,55,62,119
0,43,49,119
120,60,75,240
0,36,49,119
120,55,62,119
0,43,49,119
120,50,109,119
0,36,74,119
120,55,70,119
0,43,56,119
120,62,70,119
0,47,56,119
120,62,70,240
0,48,53,119
120,67,85,119
0,55,66,119
120,74,71,119
0,59,53,119
120,74,70,119
0,60,53,119
120,79,70,119
0,67,53,119
120,86,87,119
0,71,72,119
120,86,75,119
0,72,53,119
120,91,73,119
0,79,53,119
120,98,73,119
0,83,53,119
120,91,82,119
0,79,67,119
120,86,72,119
0,72,53,119
120,86,72,119
0,71,53,119
120,79,71,119
0,67,53,119
120,74,81,119
0,60,69,119
120,74,69,119
0,59,52,119
120,67,69,119
0,55,52,119
120,62,69,119
0,48,52,119
120,62,101,480
0,47,61,119
120,55,70,119
0,43,50,119
120,50,70,119
0,36,50,119
120,55,70,119
0,43,50,119
120,48,100,119
0,45,59,119
120,53,63,119
0,41,50,119
120,60,82,480
0,36,50,119
120,53,66,119
0,41,50,119
120,48,99,119
0,45,56,119
120,53,62,119
0,41,49,119
120,57,75,240
0,36,49,119
120,53,62,119
0,41,49,119
120,48,100,119
0,36,69,119
120,53,70,119
0,44,55,119
120,60,70,119
0,48,55,119
120,60,70,119
0,48,55,119
120,65,85,119
0,56,63,119
120,72,71,119
0,60,53,119
120,72,70,119
0,60,53,119
120,77,70,119
0,68,53,119
120,84,91,119
0,72,67,119
120,84,73,119
0,72,53,119
120,89,73,119
0,80,53,119
120,96,73,119
0,84,53,119
120,89,82,119
0,80,67,119
120,84,72,119
0,72,53,119
120,84,72,119
0,72,53,119
120,77,71,119
0,68,53,119
120,72,81,119
0,60,69,119
120,72,69,119
0,60,52,119
120,65,69,119
0,56,52,119
120,60,69,119
0,48,52,119
120,60,104,480
0,48,61,119
120,53,73,119
0,44,50,119
120,48,73,119
0,36,50,119
120,53,73,119
0,44,50,119
120,48,103,119
0,36,59,119
120,53,68,119
0,44,50,119
120,60,82,480
0,48,50,119
120,53,66,119
0,44,50,119
120,48,100,119
0,36,56,119
120,53,62,119
0,44,49,119
120,62,75,240
0,48,49,119
120,53,62,119
0,44,49,119
120,48,107,119
0,36,74,119
120,53,73,119
0,44,56,119
120,60,73,119
0,48,56,119
120,60,73,119
0,48,53,119
120,65,85,119
0,56,66,119
120,72,71,119
0,60,53,119
120,72,70,119
0,60,53,119
120,77,70,119
0,68,53,119
120,84,89,119
0,72,72,119
120,84,75,119
0,72,53,119
120,89,73,119
0,80,53,119
120,96,73,119
0,84,53,119
120,89,82,119
0,80,67,119
120,84,72,119
0,72,53,119
120,84,72,119
0,72,53,119
120,77,71,119
0,68,53,119
120,72,81,119
0,60,69,119
120,72,69,119
0,60,52,119
120,65,69,119
0,56,52,119
120,60,69,119
0,48,52,119
120,60,106,480
0,48,72,119
120,53,70,119
0,44,50,119
120,48,70,119
0,36,50,119
120,53,70,119
0,44,50,119
120,48,105,119
0,36,69,119
120,53,63,119
0,44,50,119
120,60,82,480
0,48,50,119
120,53,66,119
0,44,50,119
120,48,104,119
0,36,71,119
120,53,62,119
0,44,49,119
120,62,75,240
0,48,49,119
120,53,62,119
0,44,49,119
120,52,83,119
0,36,101,119
120,55,69,119
0,43,57,119
120,64,69,119
0,48,57,119
120,55,70,119
0,43,57,119
120,52,84,119
0,31,96,119
120,55,72,119
0,43,55,119
120,64,73,119
0,48,55,119
120,55,73,119
0,43,55,119
120,52,88,119
0,36,104,119
120,55,72,119
0,43,54,119
120,64,73,119
0,48,57,119
120,55,73,119
0,43,60,119
120,52,86,119
0,31,97,119
120,55,72,119
0,43,59,119
120,64,73,119
0,48,59,119
120,55,73,119
0,43,59,119
120,52,95,119
0,36,107,119
120,55,79,119
0,43,65,119
120,64,79,119
0,48,65,119
120,55,79,119
0,43,64,119
120,52,94,119
0,31,104,119
120,55,80,119
0,43,58,119
120,64,80,119
0,48,58,119
120,55,80,119
0,43,58,119
120,52,94,119
0,36,113,119
120,55,77,119
0,43,57,119
120,64,77,119
0,48,57,119
120,55,77,119
0,43,57,119
120,52,90,119
0,31,108,119
120,55,74,119
0,43,57,119
120,64,74,119
0,48,57,119
120,55,74,119
0,43,57,119
120,52,111,480
0,24,97,480
0,36,111,480
960,72,105,960
0,64,94,960
0,67,94,960
0,76,111,960
0,48,70,960
0,55,77,960