0,65,70,240
0,41,70,240
360,65,66,120
120,67,70,480
0,63,59,480
0,60,50,480
0,53,50,480
480,69,70,480
0,63,60,480
0,60,51,480
0,53,51,480
480,70,71,240
0,46,70,240
360,72,66,120
120,74,70,480
0,62,52,480
0,58,52,480
0,53,52,480
480,75,75,240
0,46,62,240
240,77,79,240
240,79,83,120
0,39,68,390
0,51,80,390
360,81,75,120
30,55,59,570
30,58,59,540
30,63,59,510
30,82,76,60
0,67,70,480
60,84,67,60
60,82,73,60
60,84,66,60
60,82,70,60
60,84,64,60
60,82,70,60
60,84,64,60
60,81,70,240
240,79,56,180
180,77,46,60
60,82,53,120
0,46,43,240
360,82,49,120
120,74,44,900
0,62,28,480
0,58,23,480
0,53,23,480
480,62,26,480
0,58,22,480
0,53,22,480
420,75,45,60
60,79,51,120
0,41,40,240
360,79,46,120
120,69,44,900
0,63,27,480
0,60,22,480
0,53,22,480
480,63,25,480
0,60,21,480
0,53,21,480
420,70,45,60
60,74,49,120
0,46,43,240
360,74,47,120
120,64,44,490
0,62,28,480
0,58,23,480
0,53,23,480
480,62,26,480
0,58,22,480
0,53,22,480
480,65,55,120
0,41,57,240
360,69,58,120
120,72,59,240
0,53,39,480
0,63,47,480
240,75,60,240
240,79,67,360
0,53,39,480
0,57,39,480
0,63,46,480
360,77,63,58
60,77,55,60
60,86,75,120
0,46,57,240
360,84,64,120
120,82,55,60
0,53,39,480
0,58,39,480
0,62,47,480
60,84,54,60
60,82,60,120
120,79,58,240
240,77,55,480
0,53,39,480
0,58,39,480
0,62,46,480
420,79,45,60
60,82,51,120
0,46,36,240
360,82,46,120
120,69,44,840
0,63,27,480
0,60,22,480
0,53,22,480
480,63,25,480
0,60,21,480
0,53,21,480
360,70,42,60
60,74,41,60
60,77,49,120
0,46,38,240
360,77,47,120
120,64,44,960
0,62,28,480
0,58,23,480
0,53,23,480
480,62,26,480
0,58,22,480
0,53,22,480
480,65,55,120
0,41,57,240
360,69,58,120
120,72,59,240
0,53,39,480
0,63,47,480
240,75,60,240
240,74,56,60
0,53,39,480
0,57,39,480
0,63,46,480
60,75,56,60
60,74,61,120
120,72,56,240
240,74,64,120
0,46,57,240
360,65,57,120
120,70,59,480
0,53,39,480
0,58,39,480
0,62,47,480
480,69,64,240
240,67,61,240
240,65,70,240
0,41,70,240
360,65,66,120
120,67,70,480
0,63,59,480
0,60,50,480
0,53,50,480
480,69,70,480
0,63,60,480
0,60,51,480
0,53,51,480
480,70,71,240
0,46,70,240
360,72,66,120
120,74,70,480
0,62,52,480
0,58,52,480
0,53,52,480
480,75,75,240
0,46,62,240
240,77,79,240
240,79,83,120
0,39,68,390
0,51,80,390
360,81,75,120
30,55,59,570
30,58,59,540
30,63,59,510
30,82,76,60
0,67,70,480
60,84,67,60
60,82,73,60
60,84,66,60
60,82,70,60
60,84,64,60
60,82,70,60
60,84,64,60
60,81,70,240
240,79,56,180
180,77,46,60
60,82,53,120
0,46,43,240
360,82,49,120
120,74,44,900
0,62,28,480
0,58,23,480
0,53,23,480
480,62,26,480
0,58,22,480
0,53,22,480
420,75,45,60
60,79,51,120
0,41,40,240
360,79,46,120
120,69,44,900
0,63,27,480
0,60,22,480
0,53,22,480
480,63,25,480
0,60,21,480
0,53,21,480
420,70,45,60
60,74,49,120
0,46,43,240
360,74,47,120
120,64,44,960
0,62,28,480
0,58,23,480
0,53,23,480
480,62,26,480
0,58,22,480
0,53,22,480
480,65,55,120
0,41,57,240
360,69,58,120
120,72,59,240
0,53,39,480
0,63,47,480
240,75,60,240
240,79,67,360
0,53,39,480
0,57,39,480
0,63,46,480
360,77,63,57
60,77,49,60
60,86,67,120
0,46,51,240
360,84,61,120
120,82,50,60
0,53,31,480
0,58,31,480
0,62,37,480
60,84,49,60
60,82,57,120
120,79,52,240
240,77,49,480
0,53,31,480
0,58,31,480
0,62,36,480
420,79,45,60
60,82,51,120
0,46,40,240
360,82,46,120
120,69,44,840
0,63,27,480
0,60,22,480
0,53,22,480
480,63,25,480
0,60,21,480
0,53,21,480
360,70,42,60
60,74,41,60
60,77,49,120
0,46,43,240
360,77,47,120
120,64,44,960
0,62,28,480
0,58,23,480
0,53,23,480
480,62,26,480
0,58,22,480
0,53,22,480
480,65,55,120
0,41,57,240
360,69,58,120
120,72,59,240
0,53,39,480
0,63,47,480
240,75,60,240
240,74,56,60
0,53,39,480
0,57,39,480
0,63,46,480
60,75,56,60
60,74,61,120
120,72,56,240
240,74,64,120
0,46,57,240
360,65,57,120
120,70,59,480
0,53,39,480
0,58,39,480
0,62,47,480
480,69,44,240
240,70,44,240
240,72,46,360
0,41,37,480
360,74,42,120
120,72,46,480
0,48,25,480
0,57,30,480
480,76,49,240
0,48,28,480
0,57,34,480
240,77,51,240
240,79,55,360
0,41,42,480
360,81,52,120
120,79,56,480
0,50,32,480
0,58,38,480
480,77,52,240
0,50,33,480
0,58,39,480
240,74,49,240
240,72,56,240
0,41,42,480
240,74,51,240
240,72,56,480
0,48,32,480
0,57,38,480
480,76,50,240
0,48,32,480
0,57,38,480
360,77,55,120
120,79,59,160
0,41,39,240
160,81,56,160
160,79,56,160
160,77,53,720
0,50,28,240
0,58,34,240
480,41,34,240
240,74,50,240
240,72,51,240
0,48,31,240
0,57,37,240
240,74,49,240
240,72,51,480
0,41,34,240
480,76,49,240
0,48,28,240
0,57,34,240
240,77,51,240
240,79,55,240
0,41,42,240
240,81,52,240
240,79,50,60
0,50,32,240
0,58,38,240
60,81,47,60
60,79,52,60
60,81,49,60
60,79,56,60
60,81,49,60
60,79,51,60
60,81,49,60
60,77,52,240
0,41,34,240
240,74,49,240
240,72,56,240
0,48,32,240
0,57,38,240
240,74,51,240
240,72,56,480
0,41,34,240
480,76,55,240
0,48,38,960
0,57,45,480
240,77,59,240
240,79,64,160
0,52,38,480
0,58,45,480
160,81,61,160
160,79,61,160
160,77,66,360
0,53,38,480
0,57,45,480
360,67,62,120
120,77,68,160
160,66,62,160
160,77,69,97
100,77,66,60
60,65,70,240
0,41,70,240
360,65,66,120
120,67,70,480
0,63,59,480
0,60,50,480
0,53,50,480
480,69,70,480
0,63,60,480
0,60,51,480
0,53,51,480
480,70,71,240
0,46,70,240
360,72,66,120
120,74,70,480
0,62,52,480
0,58,52,480
0,53,52,480
480,75,75,240
0,46,62,240
240,77,79,240
240,79,83,120
0,39,68,390
0,51,80,390
360,81,75,120
30,55,59,570
30,58,59,540
30,63,59,510
30,82,76,60
0,67,70,480
60,84,67,60
60,82,73,60
60,84,66,60
60,82,70,60
60,84,64,60
60,82,70,60
60,84,64,60
60,81,70,240
240,79,56,180
180,77,51,60
60,82,60,120
0,46,48,240
360,82,55,120
120,74,49,900
0,62,31,480
0,58,27,480
0,53,27,480
480,62,29,480
0,58,24,480
0,53,24,480
420,75,50,60
60,79,58,120
0,41,45,240
360,79,51,120
120,69,49,900
0,63,30,480
0,60,26,480
0,53,26,480
480,63,28,480
0,60,23,480
0,53,23,480
420,70,50,60
60,74,56,120
0,46,48,240
360,74,52,120
120,64,49,960
0,62,31,480
0,58,27,480
0,53,27,480
480,62,29,480
0,58,24,480
0,53,24,480
480,65,55,120
0,41,57,240
360,69,58,120
120,72,59,240
0,53,39,480
0,63,47,480
240,75,60,240
240,79,67,360
0,53,39,480
0,57,39,480
0,63,46,480
360,77,63,57
60,77,55,60
60,86,75,120
0,46,57,240
360,84,68,120
120,82,56,60
0,53,39,480
0,58,39,480
0,62,47,480
60,84,55,60
60,82,64,120
120,79,58,240
240,77,55,480
0,53,39,480
0,58,39,480
0,62,46,480
420,79,45,60
60,82,51,120
0,46,40,240
360,82,46,120
120,69,44,840
0,63,27,480
0,60,22,480
0,53,22,480
480,63,25,480
0,60,21,480
0,53,21,480
360,70,42,60
60,74,41,60
60,77,49,120
0,46,43,240
360,77,47,120
120,64,44,960
0,62,28,480
0,58,23,480
0,53,23,480
480,62,26,480
0,58,22,480
0,53,22,480
480,65,55,120
0,41,57,240
360,69,58,120
120,72,59,240
0,53,39,480
0,63,47,480
240,75,60,240
240,74,56,60
0,53,39,480
0,57,39,480
0,63,46,480
60,75,56,60
60,74,61,120
120,72,56,240
240,74,64,120
0,46,57,240
360,65,57,120
120,70,59,480
0,53,39,480
0,58,39,480
0,62,47,480
480,69,44,240
240,70,44,240
240,72,46,360
0,41,37,480
360,74,42,120
120,72,46,480
0,48,25,480
0,57,30,480
480,76,49,240
0,48,28,480
0,57,34,480
240,77,51,240
240,79,55,360
0,41,42,480
360,81,52,120
120,79,56,480
0,50,32,480
0,58,38,480
480,77,52,240
0,50,33,480
0,58,39,480
240,74,49,240
240,72,56,240
0,41,42,480
240,74,51,240
240,72,56,480
0,48,32,480
0,57,38,480
480,76,50,240
0,48,32,480
0,57,38,480
360,77,55,120
120,79,59,160
0,41,39,240
160,81,56,160
160,79,56,160
160,77,53,720
0,50,28,240
0,58,34,240
480,41,34,240
240,74,50,240
240,72,51,240
0,48,31,240
0,57,37,240
240,74,49,240
240,72,51,480
0,41,34,240
480,76,49,240
0,48,28,240
0,57,34,240
240,77,51,240
240,79,55,240
0,41,42,240
240,81,52,240
240,79,50,60
0,50,32,240
0,58,38,240
60,81,47,60
60,79,52,60
60,81,49,60
60,79,56,60
60,81,49,60
60,79,51,60
60,81,49,60
60,77,52,240
0,41,34,240
240,74,49,240
240,72,56,240
0,48,32,240
0,57,38,240
240,74,51,240
240,72,56,480
0,41,34,240
480,76,55,240
0,48,38,960
0,57,45,480
240,77,59,240
240,79,64,160
0,52,38,480
0,58,45,480
160,81,61,160
160,79,61,160
160,77,66,360
0,53,38,480
0,57,45,480
360,67,62,120
120,77,68,160
160,66,62,160
160,77,69,96
100,77,66,60
60,65,70,240
0,41,70,240
360,65,66,120
120,67,70,480
0,63,59,480
0,60,50,480
0,53,50,480
480,69,70,480
0,63,60,480
0,60,51,480
0,53,51,480
480,70,71,240
0,46,70,240
360,72,66,120
120,74,70,480
0,62,52,480
0,58,52,480
0,53,52,480
480,75,75,240
0,46,62,240
240,77,79,240
240,79,83,120
0,39,68,390
0,51,80,390
360,81,75,120
30,55,59,570
30,58,59,540
30,63,59,510
30,82,76,60
0,67,70,480
60,84,67,60
60,82,73,60
60,84,66,60
60,82,70,60
60,84,64,60
60,82,70,60
60,84,64,60
60,81,70,240
240,79,56,180
180,77,51,60
60,82,60,120
0,46,48,240
360,82,55,120
120,74,49,900
0,62,31,480
0,58,27,480
0,53,27,480
480,62,29,480
0,58,24,480
0,53,24,480
420,75,50,60
60,79,58,120
0,41,45,240
360,79,51,120
120,69,49,900
0,63,30,480
0,60,26,480
0,53,26,480
480,63,28,480
0,60,23,480
0,53,23,480
420,70,50,60
60,74,56,120
0,46,48,240
360,74,52,120
120,64,49,960
0,62,31,480
0,58,27,480
0,53,27,480
480,62,29,480
0,58,24,480
0,53,24,480
480,65,55,120
0,41,57,240
360,69,58,120
120,72,59,240
0,53,39,480
0,63,47,480
240,75,60,240
240,79,67,360
0,53,39,480
0,57,39,480
0,63,46,480
360,77,63,57
60,77,49,60
60,86,67,120
0,46,51,240
360,84,61,120
120,82,50,60
0,53,31,480
0,58,31,480
0,62,37,480
60,84,49,60
60,82,57,120
120,79,52,240
240,77,49,480
0,53,31,480
0,58,31,480
0,62,36,480
420,79,45,60
60,82,51,120
0,46,40,240
360,82,46,120
120,69,44,840
0,63,27,480
0,60,22,480
0,53,22,480
480,63,25,480
0,60,21,480
0,53,21,480
360,70,42,60
60,74,41,60
60,77,49,120
0,46,43,240
360,77,47,120
120,64,44,960
0,62,28,480
0,58,23,480
0,53,23,480
480,62,26,480
0,58,22,480
0,53,22,480
480,65,55,120
0,41,57,240
360,69,58,120
120,72,59,240
0,53,39,480
0,63,47,480
240,75,60,240
240,74,56,60
0,53,39,480
0,57,39,480
0,63,46,480
60,75,56,60
60,74,61,120
120,72,56,240
240,74,64,120
0,46,57,240
360,65,57,120
120,70,59,480
0,53,39,480
0,58,39,480
0,62,47,480
480,46,49,480
480,77,46,120
0,42,22,480
0,49,26,480
360,77,37,120
120,76,41,480
0,42,20,480
0,49,23,480
480,73,37,240
0,42,20,480
0,49,23,480
240,72,37,240
240,70,42,240
0,42,22,480
0,49,26,480
360,73,37,120
120,72,37,60
0,42,20,480
0,49,23,480
60,73,37,60
60,72,40,360
360,70,37,240
0,42,20,480
0,49,23,480
360,64,41,120
120,77,46,120
0,42,22,480
0,49,26,480
360,77,37,120
120,76,41,480
0,42,20,480
0,49,23,480
480,73,37,240
0,42,20,480
0,49,23,480
240,72,37,240
240,70,45,160
0,42,22,480
0,49,26,480
160,72,40,160
160,70,39,160
160,64,42,960
0,42,20,480
0,49,23,480
480,42,20,480
0,49,23,480
480,77,46,120
0,42,22,480
0,49,26,480
360,77,37,120
120,76,41,480
0,42,20,480
0,49,23,480
480,73,37,240
0,42,20,480
0,49,23,480
240,72,37,240
240,70,42,240
0,42,22,480
0,49,26,480
360,73,37,120
120,72,37,60
0,42,20,480
0,49,23,480
60,73,33,60
60,72,37,60
60,73,35,60
60,72,37,60
60,73,34,60
60,72,37,60
60,73,37,60
60,70,37,240
0,42,20,480
0,49,23,480
360,64,41,120
120,77,46,120
0,42,22,480
0,49,26,480
360,77,37,120
120,76,41,480
0,42,20,480
0,49,23,480
480,73,37,360
0,42,20,480
0,49,23,480
360,72,37,120
120,70,45,160
0,41,22,1440
0,49,26,480
160,72,40,160
160,70,39,160
160,69,42,720
0,48,23,960
720,67,53,240
240,65,70,240
0,41,70,240
360,65,66,120
120,67,70,480
0,63,59,480
0,60,50,480
0,53,50,480
480,69,70,480
0,63,60,480
0,60,51,480
0,53,51,480
480,70,71,240
0,46,70,240
360,72,66,120
120,74,70,480
0,62,52,480
0,58,52,480
0,53,52,480
480,75,75,240
0,46,62,240
240,77,79,240
240,79,83,120
0,39,68,390
0,51,80,390
360,81,75,120
30,55,59,570
30,58,59,540
30,63,59,510
30,82,76,60
0,67,70,480
60,84,67,60
60,82,73,60
60,84,66,60
60,82,70,60
60,84,64,60
60,82,70,60
60,84,64,60
60,81,70,240
240,79,56,180
180,77,51,60
60,82,60,120
0,46,48,240
360,82,55,120
120,74,49,900
0,62,31,480
0,58,27,480
0,53,27,480
480,62,29,480
0,58,24,480
0,53,24,480
420,75,50,60
60,79,58,120
0,41,45,240
360,79,51,120
120,69,49,900
0,63,30,480
0,60,26,480
0,53,26,480
480,63,28,480
0,60,23,480
0,53,23,480
420,70,50,60
60,74,56,120
0,46,48,240
360,74,52,120
120,64,49,960
0,62,31,480
0,58,27,480
0,53,27,480
480,62,29,480
0,58,24,480
0,53,24,480
480,65,55,120
0,41,57,240
360,69,58,120
120,72,59,240
0,53,39,480
0,63,47,480
240,75,60,240
240,79,67,360
0,53,39,480
0,57,39,480
0,63,46,480
360,77,63,58
60,77,55,60
60,86,75,120
0,46,57,240
360,84,68,120
120,82,56,60
0,53,39,480
0,58,39,480
0,62,47,480
60,84,55,60
60,82,64,120
120,79,58,240
240,77,55,480
0,53,39,480
0,58,39,480
0,62,46,480
420,79,45,60
60,82,51,120
0,46,40,240
360,82,46,120
120,69,44,840
0,63,27,480
0,60,22,480
0,53,22,480
480,63,25,480
0,60,21,480
0,53,21,480
360,70,42,60
60,74,41,60
60,77,49,120
0,46,43,240
360,77,47,120
120,64,44,960
0,62,28,480
0,58,23,480
0,53,23,480
480,62,26,480
0,58,22,480
0,53,22,480
480,65,55,120
0,41,57,240
360,69,58,120
120,72,59,240
0,53,39,480
0,63,47,480
240,75,60,240
240,74,56,60
0,53,39,480
0,57,39,480
0,63,46,480
60,75,56,60
60,74,61,240
240,72,56,120
120,74,64,120
0,46,57,240
360,65,57,120
120,70,59,480
0,53,39,480
0,58,39,480
0,62,47,480
480,46,48,480
480,77,46,120
0,42,22,480
0,49,26,480
360,77,37,120
120,76,41,480
0,42,20,480
0,49,23,480
480,73,37,240
0,42,20,480
0,49,23,480
240,72,37,240
240,70,42,240
0,42,22,480
0,49,26,480
360,73,37,120
120,72,37,60
0,42,20,480
0,49,23,480
60,73,37,60
60,72,40,360
360,70,37,240
0,42,20,480
0,49,23,480
360,64,41,120
120,77,46,120
0,42,22,480
0,49,26,480
360,77,37,120
120,76,41,480
0,42,20,480
0,49,23,480
480,73,37,240
0,42,20,480
0,49,23,480
240,72,37,240
240,70,45,160
0,42,22,480
0,49,26,480
160,72,40,160
160,70,39,160
160,64,42,960
0,42,20,480
0,49,23,480
480,42,20,480
0,49,23,480
480,77,46,120
0,42,22,480
0,49,26,480
360,77,37,120
120,76,41,480
0,42,20,480
0,49,23,480
480,73,37,240
0,42,20,480
0,49,23,480
240,72,37,240
240,70,42,240
0,42,22,480
0,49,26,480
360,73,37,120
120,72,37,60
0,42,20,480
0,49,23,480
60,73,33,60
60,72,37,60
60,73,35,60
60,72,37,60
60,73,34,60
60,72,37,60
60,73,37,60
60,70,37,240
0,42,20,480
0,49,23,480
360,64,41,120
120,77,46,120
0,42,22,480
0,49,26,480
360,77,37,120
120,76,41,480
0,42,20,480
0,49,23,480
480,73,37,360
0,42,20,480
0,49,23,480
360,72,37,120
120,70,45,160
0,41,22,1440
0,49,26,480
160,72,40,160
160,70,39,160
160,69,42,720
0,48,23,960
720,67,53,240
240,65,70,240
0,41,70,240
360,65,66,120
120,67,70,480
0,63,59,480
0,60,50,480
0,53,50,480
480,69,70,480
0,63,60,480
0,60,51,480
0,53,51,480
480,70,71,240
0,46,70,240
360,72,66,120
120,74,70,480
0,62,52,480
0,58,52,480
0,53,52,480
480,75,75,240
0,46,62,240
240,77,79,240
240,79,83,120
0,39,68,390
0,51,80,390
360,81,75,120
30,55,59,570
30,58,59,540
30,63,59,510
30,82,76,60
0,67,70,480
60,84,67,60
60,82,73,60
60,84,66,60
60,82,70,60
60,84,64,60
60,82,70,60
60,84,64,60
60,81,70,240
240,79,56,180
180,77,51,60
60,82,60,120
0,46,48,240
360,82,55,120
120,74,49,900
0,62,31,480
0,58,27,480
0,53,27,480
480,62,29,480
0,58,24,480
0,53,24,480
420,75,50,60
60,79,58,120
0,41,45,240
360,79,51,120
120,69,49,900
0,63,30,480
0,60,26,480
0,53,26,480
480,63,28,480
0,60,23,480
0,53,23,480
420,70,50,60
60,74,56,120
0,46,48,240
360,74,52,120
120,64,49,960
0,62,31,480
0,58,27,480
0,53,27,480
480,62,29,480
0,58,24,480
0,53,24,480
480,65,55,120
0,41,57,240
360,69,58,120
120,72,59,240
0,53,39,480
0,63,47,480
240,75,60,240
240,79,67,360
0,53,39,480
0,57,39,480
0,63,46,480
360,77,63,60
60,77,49,60
60,86,67,120
0,46,51,240
360,84,61,120
120,82,50,60
0,53,31,480
0,58,31,480
0,62,37,480
60,84,49,60
60,82,57,120
120,79,52,240
240,77,49,480
0,53,31,480
0,58,31,480
0,62,36,480
420,79,45,60
60,82,51,120
0,46,40,240
360,82,46,120
120,69,44,840
0,63,27,480
0,60,22,480
0,53,22,480
480,63,25,480
0,60,21,480
0,53,21,480
360,70,42,60
60,74,41,60
60,77,49,120
0,46,43,240
360,77,47,120
120,64,44,960
0,62,28,480
0,58,23,480
0,53,23,480
480,62,26,480
0,58,22,480
0,53,22,480
480,65,55,120
0,41,57,240
360,69,60,120
120,72,62,240
0,53,41,480
0,63,49,480
240,75,66,240
240,74,63,60
0,53,44,480
0,57,44,480
0,63,51,480
60,75,63,60
60,74,70,240
240,72,64,120
120,74,76,240
0,46,68,480
240,65,68,240
240,70,68,960
0,82,70,960
0,46,46,960
0,53,46,960