0,77,52,1440
0,34,50,240
240,53,40,240
240,52,32,240
0,55,40,240
240,51,32,240
0,57,41,240
240,50,35,240
0,58,44,240
240,48,35,240
0,60,45,240
240,74,52,880
0,46,50,240
240,53,28,240
0,62,36,240
240,52,35,240
0,55,44,240
240,51,37,240
0,57,47,240
160,77,53,100
80,75,59,480
0,50,40,240
0,58,50,240
240,46,40,240
240,74,55,1440
0,39,50,240
240,55,39,240
240,57,40,240
0,54,32,240
240,53,31,240
0,59,39,240
240,51,35,240
0,60,44,240
240,50,36,240
0,62,47,240
240,67,52,960
0,48,50,240
240,63,41,240
0,55,32,240
240,54,35,240
0,57,44,240
240,53,37,240
0,59,47,240
240,51,40,240
0,60,50,240
240,63,52,240
0,48,41,240
240,69,57,480
0,41,50,240
240,66,42,240
0,58,33,240
240,75,58,480
0,65,43,240
0,57,34,240
240,56,31,240
0,60,39,240
240,75,56,480
0,63,40,240
0,55,32,240
240,58,37,240
0,54,29,240
240,75,58,420
0,41,50,240
240,63,41,240
0,54,32,240
120,75,49,60
40,77,51,60
40,75,54,60
40,74,55,480
0,62,45,240
0,53,36,240
240,52,31,240
0,55,39,240
240,75,56,480
0,51,31,240
0,57,39,240
240,53,36,240
240,79,57,1320
0,46,50,240
240,53,41,240
240,52,32,240
0,55,41,240
240,51,28,240
0,57,36,240
240,50,32,240
0,58,41,240
240,48,28,240
0,60,36,240
120,77,48,120
120,74,52,960
0,46,50,240
240,53,28,240
0,62,36,240
240,52,32,240
0,55,41,240
240,51,28,240
0,57,36,240
240,50,32,240
0,58,41,240
240,48,29,240
0,60,37,240
240,82,70,1440
0,43,50,240
240,62,42,240
240,61,33,240
0,64,42,16
240,60,33,240
0,66,43,240
240,58,36,240
0,67,46,240
240,57,37,240
0,69,48,240
240,70,61,1320
0,46,50,240
240,58,40,240
240,57,32,240
0,60,40,240
240,56,32,240
0,62,41,240
240,55,35,240
0,63,44,240
240,53,38,240
0,65,48,240
120,70,54,120
120,79,66,1440
0,39,50,240
240,55,40,240
240,54,32,240
0,57,40,240
240,53,32,240
0,59,41,240
240,51,35,240
0,60,44,240
240,50,36,240
0,62,46,240
240,67,60,234
0,48,50,240
240,67,49,48
0,55,32,240
0,63,40,240
48,69,49,48
48,67,49,48
48,66,49,48
48,67,51,48
48,75,57,480
0,54,32,240
0,57,40,240
240,53,32,240
0,59,41,240
240,72,55,480
0,51,35,240
0,60,44,240
240,48,35,240
0,63,45,240
240,69,55,240
0,41,50,240
240,77,50,240
0,86,63,240
0,74,50,240
0,65,40,240
240,79,60,240
0,76,48,240
0,67,48,240
0,64,38,11
240,81,58,240
0,75,46,240
0,69,46,240
0,63,36,240
240,74,44,240
0,82,55,240
0,62,35,240
0,70,44,240
240,73,41,240
0,77,52,240
0,65,41,240
0,61,32,240
240,80,60,240
0,72,48,240
0,60,38,240
0,68,48,240
240,70,46,240
0,78,58,240
0,66,46,240
0,58,36,240
240,72,57,240
0,69,45,240
0,57,36,240
0,60,45,240
240,68,43,240
0,74,55,240
0,56,34,240
0,62,44,240
240,67,42,240
0,75,54,240
0,63,43,240
0,55,33,240
240,70,52,240
0,66,41,240
0,54,32,240
0,58,41,240
240,46,50,240
240,65,43,240
0,74,55,240
0,53,34,240
0,62,43,240
240,67,54,240
0,64,43,9
0,52,34,240
0,55,43,240
240,63,41,240
0,69,52,240
0,51,32,240
0,57,41,240
240,62,40,240
0,70,50,240
0,50,32,240
0,58,40,240
240,65,47,240
0,53,37,240
240,58,51,240
0,46,50,240
240,53,35,240
0,62,44,240
240,52,32,240
0,55,41,240
240,51,30,240
0,57,38,240
240,50,29,240
0,58,36,240
240,46,32,240
240,70,77,1440
0,73,77,1440
0,82,90,1440
0,30,64,240
240,49,41,240
0,58,49,240
240,61,53,240
0,54,44,240
240,63,48,240
0,58,40,240
240,54,46,240
0,61,55,240
240,49,42,240
0,58,50,240
240,70,71,960
0,66,71,960
0,78,84,960
0,54,44,240
0,61,53,240
240,58,41,240
0,63,49,240
240,61,53,240
0,54,44,240
240,58,48,240
0,49,40,240
240,71,66,480
0,83,78,480
0,75,66,480
0,54,46,240
0,61,55,240
240,58,42,240
0,63,50,240
240,70,71,1440
0,73,71,1440
0,82,84,1440
0,54,44,240
0,61,53,240
240,49,41,240
0,58,49,240
240,61,53,240
0,54,44,240
240,63,48,240
0,58,40,240
240,54,46,240
0,61,55,240
240,49,42,240
0,58,50,240
240,70,68,1440
0,78,80,1440
0,66,68,1440
0,61,53,240
0,54,44,240
240,63,49,240
0,58,41,240
240,61,53,240
0,54,44,240
240,58,48,240
0,49,40,240
240,54,46,240
0,61,55,240
240,58,42,240
0,63,50,240
240,73,76,960
0,85,90,960
0,82,76,960
0,54,44,240
0,61,53,240
240,49,41,240
0,58,49,240
240,61,53,240
0,54,44,240
240,58,40,240
0,63,48,240
240,82,87,480
0,70,73,480
0,78,73,480
0,54,46,240
0,61,55,240
240,49,42,240
0,58,50,240
240,90,93,960
0,78,78,960
0,82,78,960
0,54,44,240
0,61,53,240
240,63,49,240
0,58,41,240
240,61,53,240
0,54,44,240
240,58,48,240
0,49,40,240
240,85,84,360
0,82,73,360
0,73,69,360
0,61,55,240
0,54,46,240
240,58,40,240
0,63,48,240
120,80,68,120
0,83,79,120
0,71,68,120
120,71,67,480
0,80,67,480
0,83,79,480
0,54,43,240
0,61,51,240
240,49,37,240
0,58,46,240
240,78,61,480
0,70,61,480
0,82,71,480
0,54,39,240
0,61,48,240
240,58,34,240
0,63,42,240
240,54,36,240
0,61,44,240
240,58,42,240
0,49,34,240
240,54,36,240
0,61,44,240
240,58,33,240
0,63,40,240
240,61,44,240
0,54,36,240
240,58,39,240
0,49,33,240
240,54,37,240
0,61,46,240
240,58,34,240
0,63,42,240
240,70,43,1440
0,82,51,1440
0,73,43,1440
0,54,25,240
0,64,27,17
240,58,23,240
0,61,27,240
240,66,29,240
0,54,25,240
240,63,27,240
0,58,23,240
240,54,26,240
0,64,30,240
240,58,24,240
0,61,28,240
240,66,39,960
0,70,39,960
0,78,48,960
0,54,29,240
240,58,23,240
0,63,27,240
240,64,29,240
0,54,25,240
240,61,27,240
0,58,23,240
240,75,37,480
0,83,44,480
0,71,37,480
0,54,26,240
0,66,30,240
240,58,24,240
0,63,28,240
240,70,39,1440
0,73,39,1440
0,82,48,1440
0,54,25,240
0,64,27,9
240,58,23,240
0,61,27,240
240,66,29,240
0,54,25,240
240,63,27,240
0,58,23,240
240,54,26,240
0,64,30,240
240,58,24,240
0,61,28,240
240,70,38,1440
0,66,38,1200
0,78,46,1440
0,54,29,240
240,58,23,240
0,63,27,240
240,64,29,240
0,54,25,240
240,61,27,240
0,58,23,240
240,54,26,240
0,66,30,240
240,58,24,240
0,63,28,240
240,73,43,960
0,82,43,960
0,85,51,960
0,54,25,240
0,64,27,7
240,58,23,240
0,61,27,240
240,66,29,240
0,54,25,240
240,63,27,240
0,58,23,240
240,70,40,480
0,82,49,480
0,78,40,480
0,54,26,240
0,64,30,240
240,58,24,240
0,61,28,240
240,82,44,960
0,78,44,960
0,90,52,960
0,66,29,240
0,54,25,240
240,58,23,240
0,63,27,240
240,64,29,240
0,54,25,240
240,61,27,240
0,58,23,240
240,85,48,360
0,82,40,360
0,73,38,360
0,54,26,240
0,66,30,240
240,58,24,240
0,63,28,240
120,80,38,120
0,71,38,120
0,83,46,120
120,71,38,480
0,83,46,480
0,80,38,480
0,54,25,240
0,64,27,7
240,58,23,240
0,61,27,240
240,70,38,480
0,78,38,480
0,82,44,480
0,66,29,240
0,54,25,240
240,63,27,240
0,58,23,240
240,54,26,240
0,64,30,240
240,58,24,240
0,61,28,240
240,66,34,240
0,54,29,240
240,58,29,240
0,63,33,240
240,64,40,240
0,54,33,240
240,61,39,240
0,58,32,240
240,54,38,240
0,64,46,240
240,58,37,240
0,60,45,240
240,77,62,480
0,29,57,240
240,65,46,240
0,53,40,240
240,64,36,16
0,67,46,240
0,52,32,240
0,55,40,240
240,63,37,240
0,69,48,240
0,51,32,240
0,57,42,240
240,70,52,240
0,62,41,240
0,50,36,240
0,58,45,240
240,72,50,240
0,60,45,240
0,48,39,240
240,74,60,240
0,41,53,240
240,65,49,240
0,53,42,240
240,64,38,8
0,67,49,240
0,52,34,240
0,55,43,240
240,63,39,240
0,69,51,240
0,51,35,240
0,57,45,240
240,70,55,240
0,62,44,240
0,50,38,240
0,58,48,240
240,74,53,240
0,53,42,240
240,79,64,480
0,41,56,240
240,67,52,240
0,55,45,240
240,69,52,240
0,66,41,240
0,54,36,240
0,57,46,240
240,71,54,240
0,65,41,240
0,53,37,240
0,59,47,240
240,72,58,240
0,63,46,240
0,51,40,240
0,60,51,240
240,74,56,240
0,62,50,240
0,50,44,240
240,75,74,480
0,41,66,240
240,67,60,240
0,55,52,240
240,69,62,240
0,66,47,240
0,54,43,240
0,57,53,240
240,65,49,240
0,71,63,240
0,53,43,240
0,59,56,240
240,63,55,240
0,72,70,240
0,51,48,240
0,60,61,240
240,75,68,240
0,55,53,240
240,81,81,480
0,41,72,240
240,69,66,240
0,57,57,240
240,68,53,240
0,71,67,240
0,56,46,240
0,59,59,240
240,73,71,240
0,67,53,240
0,55,47,240
0,61,62,240
240,65,61,240
0,74,76,240
0,53,53,240
0,62,67,240
240,77,74,240
0,57,59,240
240,82,90,480
0,41,79,240
240,70,73,240
0,58,63,240
240,69,58,240
0,72,75,240
0,57,52,240
0,60,65,240
240,74,76,240
0,68,58,240
0,56,52,240
0,62,67,240
240,67,66,240
0,75,83,240
0,55,57,240
0,63,73,240
240,66,73,240
0,78,81,240
0,54,64,240
240,29,85,240
0,41,101,240
240,77,84,240
0,65,67,240
240,82,79,240
0,78,79,240
0,87,92,240
0,70,62,240
0,66,62,240
0,75,73,240
240,77,85,240
0,65,67,240
240,82,77,240
0,78,77,240
0,87,91,240
0,66,61,240
0,70,61,240
0,75,72,240
240,77,86,240
0,65,69,240
240,78,82,240
0,87,96,240
0,82,82,240
0,70,66,240
0,66,66,240
0,75,77,240
240,77,89,240
0,65,70,240
240,78,80,240
0,87,95,240
0,82,80,240
0,66,63,240
0,70,63,240
0,75,75,240
240,77,91,240
0,65,71,240
240,82,85,240
0,78,85,240
0,87,101,240
0,70,68,240
0,66,68,240
0,75,80,240
240,77,93,240
0,65,73,240
240,78,79,240
0,87,100,240
0,69,55,240
0,66,55,240
0,75,69,240
240,86,92,240
0,77,73,240
0,74,63,240
0,65,50,240
240,79,89,240
0,76,70,240
0,64,49,6
0,67,62,240
240,75,60,240
0,81,78,240
0,63,41,240
0,69,55,240
240,82,85,240
0,74,67,240
0,62,46,240
0,70,59,240
240,73,59,240
0,77,76,240
0,61,40,240
0,65,53,240
240,72,63,240
0,80,80,240
0,60,43,240
0,68,56,240
240,78,76,240
0,70,59,240
0,58,40,240
0,66,53,240
240,69,59,240
0,72,75,240
0,57,40,240
0,60,52,240
240,74,72,240
0,68,57,240
0,56,38,240
0,62,50,240
240,67,60,240
0,75,76,240
0,55,41,240
0,63,54,240
240,66,55,240
0,70,69,240
0,54,38,240
0,58,47,240
240,73,78,240
0,65,62,240
0,53,43,240
0,61,54,240
240,64,55,240
0,72,70,240
0,52,32,240
0,60,50,240
240,67,70,240
0,63,54,240
0,51,36,240
0,55,49,240
240,62,53,240
0,68,66,240
0,50,36,240
0,56,45,240
240,61,55,240
0,69,70,240
0,49,36,240
0,57,48,240
240,63,65,240
0,60,52,240
0,48,36,240
0,51,45,240
240,58,57,240
0,66,73,240
0,46,37,240
0,54,49,240
240,65,65,240
0,57,52,240
0,45,36,240
0,53,45,240
240,56,55,240
0,60,70,240
0,44,37,240
0,48,48,240
240,55,47,240
0,62,60,240
0,43,32,240
0,50,40,240
240,63,69,480
0,54,52,240
0,42,37,240
0,51,45,240
240,53,50,240
0,57,62,240
0,41,35,240
240,58,57,240
0,62,73,240
0,53,57,240
0,34,50,240
240,52,43,240
240,53,47,240
240,58,43,240
240,57,43,240
240,55,43,240
240,41,55,240
240,66,44,240
0,75,56,240
0,54,35,240
0,63,44,240
240,69,54,240
0,65,43,240
0,53,34,240
0,57,43,240
240,64,39,240
0,70,50,240
0,52,31,240
0,58,39,240
240,63,40,480
0,72,50,480
0,51,32,240
0,60,40,240
240,66,47,240
0,54,37,240
240,62,45,480
0,65,45,480
0,70,45,480
0,74,58,480
0,46,50,240
240,52,43,240
240,53,46,240
240,58,39,240
240,57,43,240
240,55,37,240
240,41,54,240
240,75,56,240
0,66,44,240
0,54,35,240
0,63,44,240
240,65,43,240
0,69,54,240
0,53,34,240
0,57,43,240
240,70,50,240
0,64,39,240
0,52,31,240
0,58,39,240
240,63,40,480
0,72,50,480
0,51,32,240
0,60,40,240
240,66,47,240
0,54,37,240
240,65,45,480
0,70,45,480
0,62,45,480
0,74,58,480
0,34,50,240
240,40,43,240
240,41,46,240
240,46,39,240
240,45,43,240
240,43,37,240
240,67,58,1440
0,62,58,720
0,55,49,1440
0,58,49,720
0,31,47,960
720,60,54,240
240,63,58,240
0,33,44,480
240,62,51,240
240,58,48,1440
0,53,48,1440
0,62,57,960
0,65,57,1440
0,34,50,240
240,40,43,240
240,41,46,240
240,46,39,240
240,45,43,240
240,43,37,240
240,58,49,720
0,62,58,720
0,55,49,1440
0,67,58,1440
0,31,47,960
720,60,54,240
240,63,58,240
0,33,44,480
240,62,51,240
240,53,48,4320
0,58,48,4320
0,62,57,4320
0,65,57,4320
0,34,50,240
240,40,43,240
240,41,46,240
240,46,39,240
240,45,43,240
240,43,37,240
240,34,50,240
240,40,43,240
240,41,50,240
240,46,43,240
240,45,51,240
240,43,48,240
240,34,50,240
240,40,43,240
240,41,50,240
229,48,43,240
251,45,51,240
240,46,48,240
240,51,56,240
240,49,53,240
240,50,61,240
240,55,55,240
240,52,62,240
240,53,58,240
240,62,69,480
1440,60,60,1440
0,53,60,1440
0,63,71,1440
0,65,71,1440
0,41,53,1440
0,29,45,1440
1440,65,71,1440
0,58,61,1440
0,62,72,1440
0,53,61,1440
0,34,46,1440