1440,75,49,480
480,75,40,480
0,32,35,80
80,68,22,80
0,51,17,80
80,72,22,80
0,56,18,80
80,63,22,80
0,60,18,80
80,68,22,80
0,56,18,80
80,72,23,80
0,51,18,80
80,75,44,480
0,44,30,80
80,68,23,80
0,51,19,80
80,72,24,80
0,56,19,80
80,63,24,80
0,60,19,80
80,68,24,80
0,56,20,80
80,72,24,80
0,51,20,80
80,75,49,480
0,44,20,80
80,68,26,80
0,51,20,80
80,72,26,80
0,56,20,80
80,63,26,80
0,60,20,80
80,68,27,80
0,56,22,80
80,72,27,80
0,51,22,80
80,75,52,480
0,44,23,80
80,68,27,80
0,51,23,80
80,72,28,80
0,56,23,80
80,63,28,80
0,60,24,80
80,68,28,80
0,56,24,80
80,72,28,80
0,51,24,80
80,77,55,480
0,44,26,80
80,68,30,80
0,51,26,80
80,72,29,80
0,56,25,80
80,63,29,80
0,60,25,80
80,68,29,80
0,56,25,80
80,72,29,80
0,51,24,80
80,75,52,480
0,44,24,80
80,68,29,80
0,51,24,80
80,72,29,80
0,56,24,80
80,63,29,80
0,60,24,80
80,68,28,80
0,56,23,80
80,72,28,80
0,51,23,80
80,75,50,480
0,44,23,80
80,68,27,80
0,51,23,80
80,72,27,80
0,56,23,80
80,63,27,80
0,60,23,80
80,68,27,80
0,56,23,80
80,72,27,80
0,51,23,80
80,75,51,480
0,44,23,80
80,68,26,80
0,51,23,80
80,72,26,80
0,56,22,80
80,63,26,80
0,60,22,80
80,68,26,80
0,56,22,80
80,72,26,80
0,51,22,80
80,75,55,480
0,44,24,80
80,70,27,80
0,51,24,80
80,73,27,80
0,55,24,80
80,63,28,80
0,61,25,80
80,70,29,80
0,55,25,80
80,73,29,80
0,51,26,80
80,75,60,480
0,44,26,80
80,70,30,80
0,51,27,80
80,73,30,80
0,55,27,80
80,63,31,80
0,61,27,80
80,70,33,80
0,55,28,80
80,73,33,80
0,51,28,80
80,77,62,480
0,44,29,80
80,70,34,80
0,51,29,80
80,73,35,80
0,55,29,80
80,63,36,80
0,61,29,80
80,70,36,80
0,55,30,80
80,73,37,80
0,51,30,80
80,75,61,480
0,44,30,80
80,70,37,80
0,51,30,80
80,73,37,80
0,55,29,80
80,63,37,80
0,61,29,80
80,70,36,80
0,55,29,80
80,73,34,80
0,51,28,80
80,82,66,480
0,44,29,80
80,72,41,80
0,51,29,80
80,75,40,80
0,56,28,80
80,63,40,80
0,60,28,80
80,72,39,80
0,56,28,80
80,75,39,80
0,51,27,80
80,80,64,480
0,44,31,80
80,72,38,80
0,51,31,80
80,75,38,80
0,56,30,80
80,63,37,80
0,60,30,80
80,72,37,80
0,56,29,80
80,75,36,80
0,51,29,80
80,80,70,480
0,44,28,80
80,72,36,80
0,52,28,80
80,76,36,80
0,56,29,80
80,64,37,80
0,60,29,80
80,72,38,80
0,56,29,80
80,76,38,80
0,52,30,80
80,80,69,480
0,44,31,80
80,72,39,80
0,52,31,80
80,76,39,80
0,56,33,80
80,64,40,80
0,60,34,80
80,72,41,80
0,56,34,80
80,76,42,80
0,52,35,80
80,80,73,480
0,37,44,80
80,73,37,80
0,56,31,80
80,77,37,80
0,61,31,80
80,68,37,80
0,65,31,80
80,73,37,80
0,61,33,80
80,77,38,80
0,56,33,80
80,80,70,480
0,49,46,80
80,73,38,80
0,56,34,80
80,77,38,80
0,61,34,80
80,68,39,80
0,65,34,80
80,73,39,80
0,61,34,80
80,77,39,80
0,56,35,80
80,80,77,480
0,49,35,80
80,73,39,80
0,56,35,80
80,77,39,80
0,61,36,80
80,68,39,80
0,65,36,80
80,73,39,80
0,61,36,80
80,77,40,80
0,56,36,80
80,82,77,480
0,49,50,80
80,73,40,80
0,55,37,80
80,77,40,80
0,61,37,80
80,67,42,80
0,65,38,80
80,73,42,80
0,61,38,80
80,77,42,80
0,55,38,80
80,84,80,480
0,48,50,80
80,72,40,80
0,55,39,80
80,77,40,80
0,60,39,80
80,67,39,80
0,65,38,80
80,72,39,80
0,60,38,80
80,77,39,80
0,55,37,80
80,82,77,480
0,48,37,80
80,72,38,80
0,55,36,80
80,76,38,80
0,60,36,80
80,67,38,80
0,64,36,80
80,72,37,80
0,60,35,80
80,76,37,80
0,55,35,80
80,80,77,480
0,53,34,80
80,72,36,80
0,56,34,80
80,77,35,80
0,60,33,80
80,68,35,80
0,65,33,80
80,72,35,80
0,60,31,80
80,77,34,78
0,56,31,80
80,77,70,480
0,47,41,80
80,71,33,80
0,53,29,80
80,75,33,80
0,56,29,80
80,65,31,80
0,63,29,80
80,71,31,80
0,56,28,80
80,75,31,80
0,53,28,80
80,77,72,480
0,46,47,80
80,70,31,80
0,53,28,80
80,75,31,80
0,56,28,80
80,65,33,80
0,63,29,80
80,70,33,80
0,56,29,80
80,75,34,80
0,53,29,80
80,79,72,480
0,46,31,80
80,70,35,80
0,53,31,80
80,75,35,80
0,56,33,80
80,65,36,80
0,63,33,80
80,70,36,80
0,56,34,80
80,75,37,80
0,53,35,80
80,80,75,480
0,46,34,80
80,70,38,80
0,53,34,80
80,74,38,80
0,56,34,80
80,65,37,80
0,62,33,80
80,68,37,80
0,56,33,80
80,70,36,78
0,53,33,80
80,46,31,80
10,70,68,470
70,65,36,80
0,53,31,80
80,68,35,80
0,56,31,80
80,58,35,80
0,62,29,80
80,65,35,80
0,56,29,80
80,68,37,80
0,53,29,80
80,70,70,480
0,39,51,80
80,65,39,80
0,46,29,80
80,68,39,80
0,51,31,80
80,58,39,80
0,61,31,80
80,65,40,80
0,51,33,80
80,68,42,80
0,46,33,80
80,72,62,480
0,39,27,80
80,63,35,80
0,46,27,80
80,68,36,80
0,51,28,80
80,58,36,80
0,56,28,80
80,63,37,80
0,51,28,80
80,68,37,80
0,46,28,80
80,73,63,480
0,39,28,80
80,63,33,80
0,46,27,80
80,67,32,80
0,51,26,80
80,58,32,80
0,55,26,80
80,61,31,80
0,51,24,80
80,63,29,78
0,46,24,80
80,63,55,480
0,39,29,80
80,58,35,80
0,46,28,80
80,61,34,80
0,49,27,80
80,51,31,80
0,55,27,80
80,58,30,80
0,49,26,80
80,61,29,80
0,46,25,80
80,75,51,480
0,32,41,80
80,68,22,80
0,51,17,80
80,72,22,80
0,56,18,80
80,63,22,80
0,60,18,80
80,68,22,80
0,56,18,80
80,72,23,80
0,51,18,80
80,75,44,480
0,44,36,80
80,68,23,80
0,51,19,80
80,72,24,80
0,56,19,80
80,63,24,80
0,60,19,80
80,68,24,80
0,56,20,80
80,72,24,80
0,51,20,80
80,75,49,480
0,44,20,80
80,68,26,80
0,51,20,80
80,72,26,80
0,56,20,80
80,63,26,80
0,60,20,80
80,68,27,80
0,56,22,80
80,72,27,80
0,51,22,80
80,75,52,480
0,44,23,80
80,68,27,80
0,51,23,80
80,72,28,80
0,56,23,80
80,63,28,80
0,60,24,80
80,68,28,80
0,56,24,80
80,72,28,80
0,51,24,80
80,77,55,480
0,44,26,80
80,68,30,80
0,51,26,80
80,72,29,80
0,56,25,80
80,63,29,80
0,60,25,80
80,68,29,80
0,56,25,80
80,72,29,80
0,51,24,80
80,75,52,480
0,44,24,80
80,68,29,80
0,51,24,80
80,72,29,80
0,56,24,80
80,63,29,80
0,60,24,80
80,68,28,80
0,56,23,80
80,72,28,80
0,51,23,80
80,75,50,480
0,44,23,80
80,68,27,80
0,51,23,80
80,72,27,80
0,56,23,80
80,63,27,80
0,60,23,80
80,68,27,80
0,56,23,80
80,72,27,80
0,51,23,80
80,75,51,480
0,44,23,80
80,68,26,80
0,51,23,80
80,72,26,80
0,56,22,80
80,63,26,80
0,60,22,80
80,68,26,80
0,56,22,80
80,72,26,80
0,51,22,80
80,75,59,480
0,44,25,80
80,70,30,80
0,51,25,80
80,73,31,80
0,55,26,80
80,63,31,80
0,61,26,80
80,70,33,80
0,55,27,80
80,73,34,80
0,51,27,80
80,82,68,480
0,44,28,80
80,70,35,80
0,51,28,80
80,73,35,80
0,55,29,80
80,63,36,80
0,61,29,80
80,70,38,80
0,55,30,80
80,73,38,80
0,51,30,80
80,84,71,480
0,44,31,80
80,70,39,80
0,51,31,80
80,73,40,80
0,55,34,80
80,63,41,80
0,61,34,80
80,70,41,80
0,55,35,80
80,73,42,80
0,51,35,80
80,79,66,480
0,44,35,80
80,70,41,80
0,51,35,80
80,73,40,80
0,55,34,80
80,63,38,80
0,61,33,80
80,70,37,80
0,55,33,80
80,73,36,80
0,51,31,80
80,82,72,480
0,44,31,80
80,72,45,80
0,51,31,80
80,75,44,80
0,56,30,80
80,63,44,80
0,60,30,80
80,72,42,80
0,56,30,80
80,75,42,80
0,51,29,80
80,80,71,480
0,44,35,80
80,72,41,80
0,51,35,80
80,75,41,80
0,56,34,80
80,63,40,80
0,60,34,80
80,72,41,80
0,56,33,80
80,75,39,80
0,51,33,80
80,80,80,480
0,44,31,80
80,72,38,80
0,52,31,80
80,76,39,80
0,56,33,80
80,64,40,80
0,60,33,80
80,72,41,80
0,56,33,80
80,76,42,80
0,52,34,80
80,80,82,480
0,44,35,80
80,72,45,80
0,52,35,80
80,76,46,80
0,56,37,80
80,64,47,80
0,60,38,80
80,72,48,80
0,56,38,80
80,76,49,80
0,52,39,80
80,80,80,480
0,37,48,80
80,73,41,80
0,56,34,80
80,77,41,80
0,61,34,80
80,68,42,80
0,65,34,80
80,73,42,80
0,61,36,80
80,77,42,80
0,56,36,80
80,80,81,480
0,49,40,80
80,73,44,80
0,56,37,80
80,77,44,80
0,61,37,80
80,68,45,80
0,65,37,80
80,73,45,80
0,61,37,80
80,77,45,80
0,56,38,80
80,80,84,480
0,49,38,80
80,73,46,80
0,56,38,80
80,77,46,80
0,61,39,80
80,68,47,80
0,65,39,80
80,73,47,80
0,61,39,80
80,77,47,80
0,56,39,80
80,82,84,480
0,49,41,80
80,73,48,80
0,55,40,80
80,77,48,80
0,61,40,80
80,67,49,80
0,65,41,80
80,73,49,80
0,61,41,80
80,77,49,80
0,55,41,80
80,84,88,480
0,48,55,80
80,72,44,80
0,55,42,80
80,77,44,80
0,60,42,80
80,67,42,80
0,65,41,80
80,72,42,80
0,60,41,80
80,77,41,80
0,55,39,80
80,79,82,480
0,48,39,80
80,72,40,80
0,55,38,80
80,77,40,80
0,60,38,80
80,67,40,80
0,65,38,80
80,72,39,80
0,60,36,80
80,77,39,80
0,55,36,80
80,79,80,480
0,48,35,80
80,72,37,80
0,55,35,80
80,76,36,80
0,60,34,80
80,67,36,80
0,64,34,80
80,72,36,80
0,60,33,80
80,76,34,80
0,55,31,80
80,79,71,480
0,48,36,80
80,72,33,80
0,55,29,80
80,76,33,80
0,60,29,80
80,67,31,80
0,64,29,80
80,72,31,80
0,60,28,80
80,76,31,80
0,55,28,80
80,79,64,480
0,43,41,80
80,71,28,80
0,50,25,80
80,76,28,80
0,55,25,80
80,65,33,80
0,59,26,80
80,71,29,80
0,55,26,80
80,76,29,80
0,50,26,80
80,79,66,480
0,43,28,80
80,71,28,80
0,50,26,80
80,74,28,80
0,55,26,80
80,65,28,80
0,59,27,80
80,71,28,80
0,55,27,80
80,74,28,80
0,50,27,80
80,79,68,480
0,43,27,80
80,71,29,80
0,50,27,80
80,77,29,80
0,55,27,80
80,65,29,80
0,62,27,80
80,71,29,80
0,55,27,80
80,77,28,80
0,50,27,80
80,79,60,480
0,43,27,80
80,71,28,80
0,50,28,80
80,76,28,80
0,55,28,80
80,65,30,80
0,62,26,80
80,71,30,80
0,55,26,80
80,76,33,80
0,50,26,80
80,74,53,480
0,36,44,80
80,65,25,80
0,43,23,80
80,67,25,80
0,48,25,80
80,60,25,80
0,55,25,80
80,65,26,80
0,48,26,80
80,67,27,80
0,43,26,80
80,72,52,480
0,36,24,80
80,64,26,80
0,43,24,80
80,67,26,80
0,48,24,80
80,60,26,80
0,55,25,80
80,64,26,80
0,48,25,80
80,67,26,80
0,43,25,80
80,72,53,480
0,36,26,80
80,62,26,80
0,43,26,80
80,67,26,80
0,48,26,80
80,60,26,80
0,55,26,80
80,62,26,80
0,48,25,80
80,67,25,80
0,43,24,80
80,72,47,480
0,36,24,80
80,64,25,80
0,43,23,80
80,67,25,80
0,48,25,80
80,60,24,80
0,55,23,120
80,64,22,80
40,48,19,120
40,67,20,80
80,72,49,480
0,40,39,120
80,67,22,80
40,48,24,120
40,70,22,80
80,60,22,80
0,58,33,120
80,67,22,80
40,48,24,120
40,70,23,80
80,72,44,480
0,40,26,120
80,67,23,80
40,48,24,120
40,70,24,80
80,60,24,80
0,58,33,120
80,67,24,80
40,48,24,120
40,70,24,80
80,73,51,480
0,40,27,120
80,67,26,80
40,48,24,120
40,70,26,80
80,60,26,80
0,58,33,120
80,67,27,80
40,48,24,120
40,70,27,80
80,72,49,480
0,40,27,120
80,67,27,80
40,48,24,120
40,70,28,80
80,60,28,80
0,58,35,120
80,67,28,80
40,48,24,120
40,70,28,80
80,72,52,480
0,41,34,120
80,65,28,80
40,48,27,120
40,70,28,80
80,60,29,80
0,58,36,120
80,65,29,80
40,48,27,120
40,70,29,80
80,74,55,480
0,41,30,120
80,65,30,80
40,48,28,120
40,68,31,80
80,60,31,80
0,56,37,120
80,65,31,80
40,48,28,120
40,68,33,80
80,76,58,480
0,41,33,120
80,67,34,80
40,48,29,120
40,72,34,80
80,60,34,80
0,55,37,120
80,67,35,80
40,48,29,120
40,72,35,80
80,77,60,480
0,41,34,120
80,68,36,80
40,48,30,120
40,72,36,80
80,60,37,80
0,53,39,120
80,68,37,80
40,48,30,120
40,72,37,80
80,75,59,480
0,43,42,120
80,70,35,80
40,51,30,120
40,73,35,80
80,63,36,80
0,61,40,120
80,70,36,80
40,51,30,120
40,73,37,80
80,75,67,480
0,43,35,120
80,70,38,80
40,51,31,120
40,73,38,80
80,63,38,80
0,61,42,120
80,70,39,80
40,51,33,120
40,73,39,80
80,77,70,480
0,43,38,120
80,70,40,80
40,51,34,120
40,73,41,80
80,63,41,80
0,61,44,120
80,70,42,80
40,51,34,120
40,73,42,80
80,75,66,480
0,43,35,120
80,70,44,80
40,51,30,120
40,73,42,80
80,63,41,80
0,61,39,120
80,70,40,80
40,51,30,120
40,73,39,80
80,75,72,480
0,44,38,120
80,68,36,80
40,51,30,120
40,73,36,80
80,63,37,80
0,61,40,120
80,68,37,80
40,51,31,120
40,73,38,80
80,77,75,480
0,44,35,120
80,68,39,80
40,51,31,120
40,72,39,80
80,63,39,80
0,60,40,120
80,68,40,80
40,51,33,120
40,72,40,80
80,79,80,480
0,44,38,120
80,68,41,80
40,51,34,120
40,72,42,80
80,63,42,80
0,58,42,120
80,68,44,80
40,51,35,120
40,72,44,80
80,80,82,480
0,44,40,120
80,68,44,80
40,51,36,120
40,72,45,80
80,63,46,80
0,56,45,120
80,68,47,80
40,51,37,120
40,72,48,80
80,79,80,480
0,39,47,120
80,72,46,80
40,55,38,120
40,75,47,80
80,67,48,80
0,60,39,120
80,72,48,80
40,55,38,120
40,75,49,80
80,79,81,480
0,48,41,120
80,72,51,80
40,55,38,120
40,75,51,80
80,67,52,80
0,60,44,120
80,72,53,80
40,55,38,120
40,75,53,80
80,80,84,480
0,41,51,120
80,72,50,80
40,50,34,120
40,74,49,80
80,65,48,80
0,60,35,120
80,72,47,80
40,50,30,120
40,74,46,80
80,77,75,480
0,43,39,120
80,71,44,80
40,50,30,120
40,74,42,80
80,65,41,80
0,59,35,80
80,71,40,80
0,55,30,80
80,74,39,80
0,50,30,80
80,76,64,480
0,48,37,80
80,67,28,80
0,52,26,80
80,72,28,80
0,55,25,80
80,64,28,80
0,60,25,80
80,67,29,80
0,55,26,80
80,72,29,80
0,52,26,80
80,74,58,480
0,48,27,80
80,68,30,80
0,53,27,80
80,71,30,80
0,56,28,80
80,62,30,80
0,59,28,80
80,68,31,80
0,56,29,80
80,71,31,80
0,53,29,80
80,77,61,480
0,48,31,80
80,68,33,80
0,53,31,80
80,71,31,80
0,56,31,80
80,65,31,80
0,62,30,80
80,68,31,80
0,56,29,80
80,71,30,80
0,53,29,80
80,76,57,480
0,48,27,80
80,68,29,80
0,52,26,80
80,71,29,80
0,56,26,80
80,64,29,80
0,62,24,80
80,68,28,80
0,56,24,80
80,71,28,80
0,52,28,80
80,76,64,480
0,48,33,80
80,67,29,80
0,52,26,80
80,72,30,80
0,55,27,80
80,64,31,80
0,60,27,80
80,67,31,80
0,55,28,80
80,72,33,80
0,52,28,80
80,74,58,480
0,47,36,80
80,68,34,80
0,53,30,80
80,71,35,80
0,56,30,80
80,62,36,80
0,59,31,80
80,68,36,80
0,56,31,80
80,71,37,80
0,53,33,80
80,77,61,480
0,47,34,80
80,68,37,80
0,53,34,80
80,71,36,80
0,56,33,80
80,65,36,80
0,62,33,80
80,68,36,80
0,56,31,80
80,71,34,80
0,53,30,80
80,76,57,480
0,47,30,80
80,68,33,80
0,52,29,80
80,71,33,80
0,56,28,80
80,64,31,80
0,62,28,80
80,68,31,80
0,56,27,80
80,71,31,80
0,52,28,80
80,76,67,480
0,45,35,80
80,69,29,80
0,52,26,80
80,73,30,80
0,57,27,80
80,64,31,80
0,61,27,80
80,69,31,80
0,57,28,80
80,73,33,80
0,52,28,80
80,74,62,480
0,45,29,80
80,69,34,80
0,54,30,80
80,71,35,80
0,57,30,80
80,62,36,80
0,59,31,80
80,69,36,80
0,57,31,80
80,71,37,80
0,54,33,80
80,78,69,480
0,45,34,80
80,69,37,80
0,54,34,80
80,71,36,80
0,57,33,80
80,66,36,80
0,62,33,80
80,69,36,80
0,57,31,80
80,71,34,80
0,54,30,80
80,76,67,480
0,45,30,80
80,68,33,80
0,52,29,80
80,74,33,80
0,56,28,80
80,64,31,80
0,62,28,80
80,68,31,80
0,56,27,80
80,74,31,80
0,52,28,80
80,76,72,480
0,45,37,80
80,69,36,80
0,52,30,80
80,73,36,80
0,57,31,80
80,64,38,80
0,61,31,80
80,69,38,80
0,57,34,80
80,73,39,80
0,52,34,80
80,81,74,480
0,45,35,80
80,73,40,80
0,52,35,80
80,76,40,80
0,57,36,80
80,69,42,80
0,61,36,80
80,73,42,80
0,57,38,80
80,76,44,80
0,52,38,80
80,83,82,480
0,45,39,80
80,75,45,80
0,51,39,80
80,78,45,80
0,54,40,80
80,69,46,80
0,60,40,80
80,75,46,80
0,54,42,80
80,78,48,80
0,51,42,80
80,84,79,480
0,45,44,80
80,75,49,80
0,51,44,80
80,78,49,80
0,54,45,80
80,68,50,80
0,60,45,80
80,75,50,80
0,54,46,80
80,78,52,80
0,51,46,80
80,84,84,480
0,37,59,80
80,73,52,80
0,56,44,80
80,77,53,80
0,58,45,80
80,65,53,80
0,61,45,80
80,73,53,80
0,58,45,80
80,77,55,80
0,56,46,80
80,82,82,480
0,49,46,80
80,73,57,80
0,56,48,80
80,77,57,80
0,58,48,80
80,65,58,80
0,61,49,80
80,73,58,80
0,58,49,80
80,77,59,80
0,56,49,80
80,85,86,480
0,37,63,80
80,70,59,80
0,56,50,80
80,73,60,80
0,58,52,80
80,65,60,80
0,61,52,80
80,70,62,80
0,58,52,80
80,73,62,80
0,56,53,80
80,77,79,480
0,49,53,80
80,70,53,80
0,56,49,80
80,73,53,80
0,58,48,80
80,65,53,80
0,61,46,80
80,70,52,80
0,58,46,80
80,73,53,80
0,56,46,80
80,82,84,480
0,39,67,80
80,72,52,80
0,51,44,80
80,75,53,80
0,56,45,80
80,63,53,80
0,60,45,80
80,72,53,80
0,56,45,80
80,75,55,80
0,51,46,80
80,80,81,480
0,48,46,80
80,72,57,80
0,51,48,80
80,75,57,80
0,56,48,80
80,63,58,80
0,60,49,80
80,72,58,80
0,56,49,80
80,75,59,80
0,51,49,80
80,84,82,480
0,39,68,80
80,68,59,80
0,51,50,80
80,72,60,80
0,56,52,80
80,63,60,80
0,60,52,80
80,68,62,80
0,56,52,80
80,72,62,80
0,51,53,80
80,75,79,480
0,48,53,80
80,68,57,80
0,51,50,80
80,72,57,80
0,56,49,80
80,63,57,80
0,60,49,80
80,68,57,80
0,56,49,80
80,72,57,80
0,51,49,80
80,75,84,480
0,39,67,80
80,67,52,80
0,51,44,80
80,70,53,80
0,55,45,80
80,61,53,80
0,63,45,80
80,67,53,80
0,55,45,80
80,70,55,80
0,51,46,80
80,76,81,480
0,46,46,80
80,67,57,80
0,51,48,80
80,70,57,80
0,55,48,80
80,61,58,80
0,63,49,80
80,67,58,80
0,55,49,80
80,70,59,80
0,51,49,80
80,77,82,480
0,39,70,80
80,67,59,80
0,51,50,80
80,70,60,80
0,55,52,80
80,61,60,80
0,63,52,80
80,67,62,80
0,55,52,80
80,70,62,80
0,51,53,80
80,75,79,480
0,46,53,80
80,67,57,80
0,51,50,80
80,70,57,80
0,55,49,80
80,61,57,80
0,63,49,80
80,67,57,80
0,55,49,80
80,70,57,80
0,51,49,80
80,73,84,480
0,41,69,120
80,65,50,80
40,53,40,120
40,68,50,80
80,61,50,80
0,56,40,120
80,65,50,80
40,53,40,120
40,68,50,80
80,72,77,480
0,44,40,120
80,65,49,80
40,53,40,120
40,68,49,80
80,60,49,80
0,56,39,80
80,65,49,80
0,53,46,80
80,68,49,80
0,48,39,80
80,72,75,480
0,41,58,120
80,63,48,80
40,53,39,120
40,65,48,80
80,60,48,80
0,57,39,120
80,63,48,80
40,51,39,120
40,65,48,80
80,84,82,480
0,48,44,120
80,75,49,80
40,53,44,120
40,77,49,80
80,72,50,80
0,57,45,80
80,75,50,80
0,53,46,80
80,77,52,80
0,48,46,80
80,84,84,480
0,34,67,80
80,73,52,80
0,53,44,80
80,77,53,80
0,58,45,80
80,65,53,80
0,61,45,80
80,73,53,80
0,58,45,80
80,77,55,80
0,53,46,80
80,82,82,480
0,46,46,80
80,73,57,80
0,53,48,80
80,77,57,80
0,58,48,80
80,65,58,80
0,61,49,80
80,73,58,80
0,58,49,80
80,77,59,80
0,53,49,80
80,85,86,480
0,34,71,80
80,70,57,80
0,52,48,80
80,73,57,80
0,56,48,80
80,64,55,80
0,61,46,80
80,70,55,80
0,56,46,80
80,73,55,80
0,52,46,80
80,76,79,480
0,46,45,80
80,70,53,80
0,52,45,80
80,73,53,80
0,56,45,80
80,64,53,80
0,61,44,80
80,70,52,80
0,56,44,80
80,73,53,80
0,52,44,80
80,82,74,480
0,39,63,80
80,72,52,80
0,51,44,80
80,75,53,80
0,56,45,80
80,63,53,80
0,60,45,80
80,72,53,80
0,56,45,80
80,75,55,80
0,51,46,80
80,80,78,480
0,48,46,80
80,72,52,80
0,51,48,80
80,75,52,80
0,56,48,80
80,63,53,80
0,60,49,80
80,72,53,80
0,56,49,80
80,75,53,80
0,51,49,80
80,84,82,480
0,39,67,80
80,68,55,80
0,51,50,80
80,72,56,80
0,56,52,80
80,63,56,80
0,60,52,80
80,68,56,80
0,56,52,80
80,72,57,80
0,51,53,80
80,75,79,480
0,48,53,80
80,68,58,80
0,51,50,80
80,72,57,80
0,56,49,80
80,63,57,80
0,60,49,80
80,68,57,80
0,56,49,80
80,72,57,80
0,51,49,80
80,75,69,480
0,39,56,120
80,69,40,80
40,57,36,120
40,72,41,80
80,63,41,80
0,60,37,120
80,69,42,80
40,57,38,120
40,72,42,80
80,77,64,480
0,51,39,120
80,69,45,80
40,57,39,120
40,72,45,80
80,63,46,80
0,60,40,80
80,69,46,80
0,57,40,80
80,72,47,80
0,51,41,80
80,78,73,480
0,39,58,120
80,69,48,80
40,57,42,120
40,72,49,80
80,63,49,80
0,60,44,120
80,69,50,80
40,57,44,120
40,72,51,80
80,77,69,480
0,51,46,96
80,69,48,80
40,57,45,96
40,72,47,80
80,63,45,80
0,65,44,80
80,69,44,80
0,57,42,80
80,72,41,80
0,51,41,80
80,77,78,480
0,39,60,120
80,70,47,80
40,58,40,120
40,73,47,80
80,61,48,80
0,65,41,120
80,70,48,80
40,58,42,120
40,73,49,80
80,79,79,480
0,51,44,120
80,70,50,80
40,58,45,120
40,73,51,80
80,65,51,80
0,61,45,80
80,70,52,80
0,58,46,80
80,73,52,80
0,51,47,80
80,80,82,480
0,39,64,120
80,71,53,80
40,59,48,120
40,73,55,80
80,65,56,80
0,62,49,120
80,71,56,80
40,59,50,120
40,73,57,80
80,79,78,480
0,51,48,120
80,71,57,80
40,59,47,120
40,73,55,80
80,65,53,80
0,67,46,80
80,71,52,80
0,59,46,80
80,73,51,80
0,51,45,80
80,79,85,480
0,39,67,120
80,72,52,80
40,60,44,120
40,75,52,80
80,63,52,80
0,67,45,120
80,72,52,80
40,60,48,120
40,75,53,80
80,80,89,480
0,51,49,120
80,72,55,80
40,60,50,120
40,75,55,80
80,68,56,80
0,63,51,80
80,72,56,80
0,60,51,80
80,75,56,80
0,51,51,80
80,81,89,480
0,39,64,120
80,72,58,80
40,60,52,120
40,75,59,80
80,69,60,80
0,66,52,120
80,72,60,80
40,60,53,120
40,75,61,80
80,90,93,480
0,51,46,80
80,81,58,80
0,60,46,80
80,84,59,80
0,63,46,80
80,75,59,80
0,69,46,80
80,81,59,80
0,63,46,80
80,84,60,80
0,60,46,80
80,89,94,480
0,51,70,80
80,77,58,80
0,58,50,80
80,80,58,80
0,62,51,80
80,70,58,80
0,68,50,80
80,77,58,80
0,62,51,80
80,80,58,80
0,58,51,80
80,82,84,480
0,51,51,80
80,77,58,80
0,58,51,80
80,80,58,80
0,62,52,80
80,70,58,80
0,68,52,80
80,77,58,80
0,62,52,80
80,80,58,80
0,58,52,80
80,85,86,480
0,51,52,80
80,76,60,80
0,58,51,80
80,80,61,80
0,61,51,80
80,70,61,80
0,68,51,80
80,76,61,80
0,61,51,80
80,80,61,80
0,58,51,80
80,79,79,480
0,51,51,80
80,73,58,80
0,58,50,80
80,75,57,80
0,61,50,80
80,67,56,80
0,63,49,80
80,73,55,80
0,61,49,80
80,75,55,80
0,58,51,80
80,80,81,480
0,44,68,80
80,68,44,80
0,51,40,80
80,72,41,80
0,56,40,80
80,63,39,80
0,60,40,80
80,68,38,80
0,56,39,80
80,72,36,80
0,51,39,80
80,75,61,480
0,44,39,80
80,68,33,80
0,51,29,80
80,72,34,80
0,56,29,80
80,63,34,80
0,60,29,80
80,68,35,80
0,56,30,80
80,72,35,80
0,51,30,80
80,75,64,480
0,44,31,80
80,68,36,80
0,51,31,80
80,72,37,80
0,56,33,80
80,63,37,80
0,60,33,80
80,68,38,80
0,56,33,80
80,72,38,80
0,51,34,80
80,75,69,480
0,44,34,80
80,68,39,80
0,51,35,80
80,72,40,80
0,56,35,80
80,63,40,80
0,60,35,80
80,68,41,80
0,56,36,80
80,72,41,80
0,51,36,80
80,77,77,480
0,44,39,80
80,70,47,80
0,51,39,80
80,73,41,80
0,55,40,80
80,65,41,80
0,61,41,80
80,70,42,80
0,55,42,80
80,73,44,80
0,51,42,80
80,75,68,480
0,44,44,80
80,70,44,80
0,51,42,80
80,73,44,80
0,55,42,80
80,63,44,80
0,61,40,80
80,70,44,80
0,55,40,80
80,73,44,80
0,51,40,80
80,84,73,480
0,44,40,80
80,70,44,80
0,51,40,80
80,73,44,80
0,55,40,80
80,63,44,80
0,61,40,80
80,70,44,80
0,55,40,80
80,73,44,80
0,51,40,80
80,79,69,480
0,44,40,80
80,70,42,80
0,51,40,80
80,73,40,80
0,55,40,80
80,63,39,80
0,61,41,80
80,70,38,80
0,55,41,80
80,73,37,80
0,51,41,80
80,80,72,480
0,44,49,80
80,68,36,80
0,51,36,80
80,72,36,80
0,56,36,80
80,63,36,80
0,60,36,80
80,68,36,80
0,56,36,80
80,72,37,80
0,51,36,80
80,75,61,480
0,44,36,80
80,68,33,80
0,51,29,80
80,72,34,80
0,56,29,80
80,63,34,80
0,60,29,80
80,68,35,80
0,56,30,80
80,72,35,80
0,51,30,80
80,75,64,480
0,44,31,80
80,68,36,80
0,51,31,80
80,72,37,80
0,56,33,80
80,63,37,80
0,60,33,80
80,68,38,80
0,56,33,80
80,72,38,80
0,51,34,80
80,75,69,480
0,44,34,80
80,68,39,80
0,51,35,80
80,72,40,80
0,56,35,80
80,63,40,80
0,60,35,80
80,68,41,80
0,56,36,80
80,72,41,80
0,51,36,80
80,77,75,480
0,44,39,80
80,70,44,80
0,51,38,80
80,73,42,80
0,55,38,80
80,63,42,80
0,61,37,80
80,70,41,80
0,55,37,80
80,73,40,80
0,51,36,80
80,75,61,480
0,44,36,80
80,70,39,80
0,51,36,80
80,73,39,80
0,55,35,80
80,63,38,80
0,61,35,80
80,70,37,80
0,55,34,80
80,73,37,80
0,51,34,80
80,89,66,480
0,44,26,80
80,70,31,80
0,51,26,80
80,73,31,80
0,55,26,80
80,63,31,80
0,61,27,80
80,70,31,80
0,55,27,80
80,73,31,80
0,51,28,80
80,79,61,480
0,44,28,80
80,70,34,80
0,51,27,80
80,73,34,80
0,55,27,80
80,63,34,80
0,61,27,80
80,70,34,80
0,55,28,80
80,73,34,80
0,51,30,80
80,80,64,480
0,44,37,80
80,68,35,80
0,51,29,80
80,72,35,80
0,56,29,80
80,63,35,80
0,60,29,80
80,68,35,80
0,56,29,80
80,72,34,80
0,51,29,80
80,75,55,480
0,44,29,80
80,68,34,80
0,51,29,80
80,72,34,80
0,56,29,80
80,63,34,80
0,60,29,80
80,68,33,80
0,56,29,80
80,72,33,80
0,51,29,80
80,77,55,480
0,44,28,80
80,68,33,80
0,51,28,80
80,72,31,80
0,56,28,80
80,63,31,80
0,60,28,80
80,68,31,80
0,56,28,80
80,72,31,80
0,51,28,80
80,75,56,480
0,44,28,80
80,68,33,80
0,51,28,80
80,72,33,80
0,56,28,80
80,63,33,80
0,60,28,80
80,68,33,80
0,56,28,80
80,72,33,80
0,51,27,80
80,73,60,480
0,39,37,80
80,63,34,80
0,44,29,80
80,68,34,80
0,51,29,80
80,61,34,80
0,56,29,80
80,63,34,80
0,51,29,80
80,68,34,80
0,44,29,80
80,72,51,80
0,72,33,480
0,39,29,80
80,63,33,80
0,44,28,80
80,68,33,80
0,51,28,80
80,60,33,80
0,56,28,80
80,63,33,80
0,51,28,80
80,68,33,80
0,44,28,80
80,73,57,480
0,39,28,80
80,63,31,80
0,44,27,80
80,68,31,80
0,51,27,80
80,61,30,80
0,56,26,80
80,63,30,80
0,51,26,80
80,68,30,80
0,44,26,80
80,72,51,480
0,39,25,80
80,63,29,80
0,44,25,80
80,68,29,80
0,51,25,80
80,60,29,80
0,56,25,80
80,63,29,80
0,51,25,80
80,68,29,80
0,44,25,80
80,70,61,480
0,32,39,80
80,60,29,80
0,39,27,80
80,63,29,80
0,44,27,80
80,58,29,80
0,51,27,80
80,60,29,80
0,44,27,80
80,63,29,80
0,39,28,80
80,68,49,480
0,32,28,80
80,60,29,80
0,39,27,80
80,63,29,80
0,44,27,80
80,56,29,80
0,51,27,80
80,60,29,80
0,44,27,80
80,63,29,80
0,39,27,80
80,70,52,480
0,32,26,80
80,60,28,80
0,39,26,80
80,63,28,80
0,44,26,80
80,58,28,80
0,51,26,80
80,60,28,80
0,44,26,80
80,63,28,80
0,39,26,80
80,68,49,480
0,32,25,80
80,60,28,80
0,39,25,80
80,63,28,80
0,44,24,80
80,56,28,80
0,51,24,80
80,60,28,80
0,44,24,80
80,63,27,80
0,39,24,80
80,70,55,480
0,32,34,80
80,60,29,80
0,39,26,80
80,63,29,80
0,44,26,80
80,58,29,80
0,51,26,80
80,60,29,80
0,44,26,80
80,63,29,80
0,39,26,80
80,68,40,480
0,32,26,80
80,60,28,80
0,39,26,80
80,63,28,80
0,44,26,80
80,56,28,80
0,51,26,80
80,60,28,80
0,44,25,80
80,63,28,80
0,39,25,80
80,70,50,480
0,32,25,80
80,60,27,80
0,39,25,80
80,63,27,80
0,44,25,80
80,58,27,80
0,51,25,80
80,60,27,80
0,44,25,80
80,63,26,80
0,39,24,80
80,68,42,480
0,32,23,80
80,60,26,80
0,39,23,80
80,63,26,80
0,44,23,80
80,56,26,80
0,51,23,80
80,60,26,80
0,44,23,80
80,63,27,80
0,39,23,80
80,32,35,80
80,48,28,80
0,39,23,80
80,51,28,80
0,44,24,80
80,56,29,80
0,48,24,80
80,60,30,80
0,51,25,80
80,63,30,80
0,56,26,80
80,68,31,80
0,60,26,80
80,72,33,80
0,63,27,80
80,75,33,80
0,68,28,80
80,80,34,80
0,72,28,80
80,84,35,80
0,75,29,80
80,87,36,80
0,80,29,80
80,92,44,80
0,84,35,80
80,87,36,80
0,80,29,80
80,84,35,80
0,75,28,80
80,80,34,80
0,72,28,80
80,75,33,80
0,68,27,80
80,72,31,80
0,63,26,80
80,68,37,80
0,56,30,80
80,72,31,80
0,63,25,80
80,75,33,80
0,68,26,80
80,80,34,80
0,72,27,80
80,84,35,80
0,75,28,80
80,87,36,80
0,80,29,80
80,92,40,80
0,84,36,80
80,87,35,80
0,80,28,80
80,84,34,80
0,75,27,80
80,80,33,80
0,72,26,80
80,75,31,80
0,68,25,80
80,72,30,80
0,63,24,80
80,68,34,80
0,56,29,80
80,72,29,80
0,63,24,80
80,75,30,80
0,68,25,80
80,80,31,80
0,72,27,80
80,84,33,80
0,75,28,80
80,87,35,80
0,80,30,80
80,92,40,80
0,84,37,80
80,87,35,80
0,80,31,80
80,84,34,80
0,75,30,80
80,80,33,80
0,72,29,80
80,75,31,80
0,68,28,80
80,72,31,80
0,63,27,80
80,68,34,80
0,56,30,80
80,72,28,80
0,63,26,80
80,75,30,80
0,68,27,80
80,80,31,80
0,72,28,80
80,84,33,80
0,75,29,80
80,87,34,80
0,80,30,80
80,92,39,80
0,84,31,80
80,87,33,80
0,80,31,80
80,84,33,80
0,75,30,80
80,80,33,80
0,72,29,80
80,75,31,80
0,68,28,80
80,72,31,80
0,63,28,80
80,68,31,80
0,56,35,80
80,72,34,80
0,63,28,80
80,80,35,80
0,68,30,80
80,84,38,80
0,75,34,80
80,80,36,80
0,68,31,80
80,72,35,80
0,63,29,80
80,68,35,80
0,56,30,80
80,72,34,80
0,63,33,80
80,80,37,80
0,68,36,80
80,84,39,80
0,75,38,80
80,80,38,80
0,68,36,80
80,72,37,80
0,63,35,80
80,68,37,80
0,56,34,80
80,72,38,80
0,63,37,80
80,80,41,80
0,68,38,80
80,84,42,80
0,75,41,80
80,80,42,80
0,68,40,80
80,72,39,80
0,63,38,80
80,68,39,80
0,56,33,80
80,72,41,80
0,63,35,80
80,80,42,80
0,68,37,80
80,84,44,80
0,75,39,80
80,80,40,80
0,68,36,80
80,72,38,80
0,63,33,80
80,68,37,80
0,56,31,80
80,72,35,80
0,63,34,80
80,80,37,80
0,68,36,80
80,84,38,80
0,75,37,80
80,80,35,80
0,68,34,80
80,72,34,80
0,63,31,80
80,68,33,80
0,56,29,80
80,72,33,80
0,63,31,80
80,80,34,80
0,68,31,80
80,84,34,80
0,75,33,80
80,80,33,80
0,68,31,80
80,72,29,80
0,63,28,80
80,68,29,80
0,56,26,80
80,72,29,80
0,63,28,80
80,80,30,80
0,68,29,80
80,84,31,80
0,75,30,80
80,80,30,80
0,68,29,80
80,72,29,80
0,63,28,80
80,68,39,240
0,56,34,240
480,92,41,240
0,80,41,240
0,60,33,240
0,51,33,240
0,44,33,240
720,38,26,120
120,39,31,90
120,72,26,480
0,63,26,480
0,39,33,40
40,41,27,40
40,39,33,40
40,41,27,40
40,39,33,40
40,41,27,40
40,39,30,40
40,41,24,40
40,39,30,40
40,41,26,40
40,39,30,40
40,41,26,40
40,32,28,1920
120,44,31,1800
120,51,35,1680
120,60,33,1560