1,90,99,80
0,54,75,90
0,61,75,90
0,58,75,90
0,66,89,90
79,94,76,80
80,85,69,80
80,90,93,80
0,54,71,90
0,63,71,90
0,59,71,90
0,66,84,90
80,87,79,80
80,90,73,80
80,85,92,80
0,54,75,90
0,61,75,90
0,58,75,90
0,66,89,90
80,90,78,80
80,82,71,80
80,85,84,80
80,78,72,80
80,82,68,80
80,78,74,80
0,42,48,90
0,54,57,90
80,82,64,80
80,73,58,80
80,78,71,80
0,66,55,90
0,63,46,90
0,59,46,90
80,75,63,80
80,78,57,80
80,73,69,80
0,66,57,90
0,61,48,90
0,58,48,90
80,78,56,80
80,70,56,80
80,73,67,80
80,66,55,80
80,70,53,80
80,61,74,80
0,37,47,90
0,49,56,90
80,73,69,80
80,68,63,80
80,73,75,80
0,65,60,90
0,61,50,90
0,56,50,90
80,68,67,80
80,80,61,80
80,68,75,80
0,63,63,90
0,59,53,90
0,56,53,90
80,80,68,80
80,75,61,80
80,80,81,80
0,44,68,90
80,75,74,80
80,87,70,80
80,75,82,80
0,49,70,720
80,87,73,80
80,80,68,80
80,87,86,80
0,63,73,240
0,59,62,240
0,56,62,240
80,80,69,80
80,92,67,80
80,80,89,80
0,61,78,240
0,59,64,240
0,56,64,240
80,92,77,80
80,85,75,80
80,92,92,80
80,85,83,80
80,97,78,80
80,90,96,80
0,58,73,90
0,66,87,90
0,61,73,90
0,54,73,90
80,94,78,80
80,85,75,80
80,90,95,80
0,66,82,90
0,63,69,90
0,59,69,90
0,54,69,90
80,87,77,80
80,90,74,80
80,85,95,80
0,66,87,90
0,61,73,90
0,58,73,90
0,54,73,90
80,90,76,80
80,82,74,80
80,85,85,80
80,78,75,80
80,82,70,80
80,78,74,80
0,42,47,90
0,54,56,90
80,82,69,80
80,73,65,80
80,78,74,80
0,66,48,90
0,63,40,90
0,59,40,90
80,75,69,80
80,78,66,80
80,73,74,80
0,66,57,90
0,61,48,90
0,58,48,90
80,78,67,80
80,70,70,80
80,73,74,80
80,66,65,80
80,70,68,80
80,63,77,80
0,47,66,240
80,75,69,80
80,68,66,80
80,75,77,80
0,63,71,480
0,56,60,480
80,68,67,80
80,80,71,80
80,75,77,80
80,80,74,80
80,75,70,80
80,75,82,80
0,47,64,210
80,80,73,80
80,92,75,80
50,46,57,240
15,53,59,225
15,82,88,80
0,62,77,210
80,94,78,80
80,82,70,80
50,58,56,270
15,65,56,255
15,94,81,80
0,74,71,240
80,82,75,80
80,94,70,80
80,82,68,80
80,94,62,80
80,82,53,80
80,94,59,80
80,82,53,80
80,94,45,80
81,90,96,80
0,66,86,90
0,61,72,90
0,58,72,90
0,54,72,90
79,94,73,80
80,85,67,80
80,90,90,80
0,66,77,90
0,63,64,90
0,59,64,90
0,54,64,90
80,87,67,80
80,90,59,80
80,85,93,80
0,66,86,90
0,61,72,90
0,58,72,90
0,54,72,90
80,90,68,80
80,82,66,80
80,85,84,80
80,78,66,80
80,82,63,80
80,78,74,80
0,54,56,90
0,42,56,90
80,82,66,80
80,73,63,80
80,78,68,80
0,66,48,90
0,63,40,90
0,59,40,90
80,75,65,80
80,78,62,80
80,73,74,80
0,66,56,90
0,61,47,90
0,58,47,90
80,78,65,80
80,70,61,80
80,73,74,80
80,66,67,80
80,70,65,80
80,61,74,80
0,37,51,90
0,49,61,90
80,73,71,80
80,68,67,80
80,73,75,80
0,65,61,90
0,61,51,90
0,56,51,90
80,68,70,80
80,80,65,80
80,68,72,80
0,63,62,90
0,59,52,90
0,56,52,90
80,80,70,80
80,75,67,80
80,80,78,80
0,44,66,90
80,75,74,80
80,87,72,80
80,75,82,80
0,49,70,720
80,87,78,80
80,80,78,80
80,87,80,80
0,63,73,240
0,59,62,240
0,56,62,240
80,80,77,80
80,92,73,80
80,80,88,80
0,61,78,240
0,59,64,240
0,56,64,240
80,92,81,80
80,85,73,80
80,92,92,80
80,85,83,80
80,97,83,80
80,90,98,80
0,66,87,90
0,58,73,90
0,61,73,90
0,54,73,90
80,94,74,80
80,85,70,80
80,90,93,80
0,54,69,90
0,63,69,90
0,59,69,90
0,66,81,90
80,87,72,80
80,90,73,80
80,85,96,80
0,54,73,90
0,61,73,90
0,58,73,90
0,66,87,90
80,90,75,80
80,82,68,80
80,85,84,80
80,78,69,80
80,82,64,80
80,78,74,80
0,42,47,90
0,54,56,90
80,82,68,80
80,73,62,80
80,78,71,80
0,59,42,90
0,66,50,90
0,63,42,90
80,75,65,80
80,78,67,80
80,73,74,80
0,66,56,90
0,61,47,90
0,58,47,90
80,78,65,80
80,70,59,80
80,73,74,80
80,66,65,80
80,70,59,80
80,63,77,80
0,48,62,120
80,75,74,80
80,68,67,80
80,75,77,80
0,63,68,480
0,56,56,480
80,68,67,80
80,80,70,80
80,75,75,80
80,80,71,80
80,75,67,80
80,87,82,80
0,44,64,120
80,80,79,80
80,92,74,80
80,75,85,80
0,49,78,120
80,87,74,80
80,80,71,80
80,87,88,80
0,65,71,120
0,56,60,120
80,73,76,80
80,85,72,80
80,80,81,80
80,85,73,80
80,80,67,80
80,92,70,80
80,85,66,80
80,97,64,80
80,92,72,80
0,60,52,240
0,68,62,240
0,66,52,240
80,94,67,80
80,92,61,80
80,87,72,80
0,56,50,240
0,68,60,240
0,66,50,240
80,99,67,80
80,87,58,80
80,85,78,80
0,61,56,240
0,65,56,240
0,70,68,240
80,87,74,80
80,85,68,80
80,80,75,80
0,56,48,240
0,65,48,240
0,68,59,240
80,92,71,80
80,80,66,80
80,80,72,80
0,60,52,240
0,66,52,240
0,70,62,240
80,82,67,80
80,80,65,80
80,75,72,80
0,56,48,240
0,68,59,240
0,66,59,240
80,87,67,80
80,75,67,80
80,73,75,80
0,61,56,240
0,65,68,240
80,75,68,80
80,73,67,80
80,68,72,320
0,56,60,240
240,48,62,120
80,75,70,80
80,80,67,80
80,82,74,80
0,66,68,120
0,63,56,120
0,56,56,120
80,80,70,80
80,75,67,80
80,73,71,80
0,65,63,120
0,61,53,120
0,56,53,120
80,80,73,80
80,85,72,80
80,87,74,80
0,49,62,120
80,85,69,80
80,82,67,80
80,80,72,80
0,44,62,120
80,87,69,80
80,92,67,80
80,94,72,80
0,66,57,120
0,60,48,120
0,56,48,120
80,92,64,80
80,87,59,80
80,85,77,80
0,37,62,120
80,92,73,80
80,97,68,80
80,99,72,80
0,65,60,120
0,61,50,120
0,56,50,120
80,97,68,80
80,94,68,80
80,92,72,80
0,44,62,240
80,94,69,80
80,92,63,80
80,87,72,80
0,60,50,240
0,68,60,240
0,66,50,240
80,99,67,80
80,87,72,80
80,85,81,80
0,61,56,240
0,65,56,240
0,70,68,240
80,87,73,80
80,85,67,80
80,80,77,80
0,56,50,240
0,65,50,240
0,68,60,240
80,92,75,80
80,80,67,80
80,80,79,80
0,60,56,240
0,66,56,240
0,70,68,240
80,82,70,80
80,80,65,80
80,75,73,80
0,56,52,240
0,68,62,240
0,66,52,240
80,87,68,80
80,75,65,80
80,73,75,80
0,61,55,240
0,65,64,240
80,75,69,80
80,73,63,80
80,68,75,320
0,56,62,240
240,48,68,120
80,80,67,80
80,78,64,80
80,80,75,80
0,66,62,120
0,63,52,120
6,56,52,120
74,78,68,80
80,80,65,80
80,90,82,80
80,80,71,80
80,78,65,80
80,80,74,80
0,36,70,240
80,78,67,80
80,80,64,80
80,68,64,80
0,48,72,120
80,80,68,80
80,78,63,80
80,80,71,80
0,63,57,120
0,56,57,120
0,66,69,120
80,78,65,80
80,80,62,80
80,90,81,80
80,80,67,80
80,78,63,80
80,80,69,80
0,36,59,240
0,48,70,240
80,78,67,80
80,80,64,80
80,70,70,80
0,37,63,120
0,49,77,120
80,82,74,80
80,78,66,80
80,82,74,80
0,66,73,240
0,61,62,240
0,58,62,240
80,78,70,80
80,82,66,80
80,90,83,80
0,36,62,240
0,48,73,240
80,82,71,80
80,78,68,80
80,82,77,80
0,37,61,240
0,49,72,240
80,78,72,80
80,82,67,80
80,70,73,80
0,38,69,240
0,50,81,240
80,82,75,80
80,78,72,80
80,82,78,80
0,66,77,240
0,58,63,240
80,78,72,80
80,82,67,80
80,90,85,80
0,37,64,240
0,49,78,240
80,82,74,80
80,78,71,80
80,82,80,80
0,38,63,240
0,50,75,240
80,78,77,80
80,82,74,80
80,78,80,80
0,39,70,240
0,51,82,240
80,82,77,80
80,78,78,80
80,94,87,80
0,66,80,480
0,58,68,480
80,82,76,80
80,78,70,80
80,92,89,80
80,82,70,80
80,78,73,80
80,90,89,80
0,39,69,240
0,51,81,240
80,82,78,80
80,78,73,80
80,85,80,80
0,40,73,240
0,52,88,240
80,82,73,80
80,78,76,80
80,94,90,80
0,66,84,480
0,58,70,480
80,82,76,80
80,78,79,80
80,92,94,80
80,82,77,80
80,78,76,80
80,90,95,80
0,40,71,240
0,52,85,240
80,82,76,80
80,78,79,80
80,73,87,80
0,41,78,120
0,53,91,120
80,85,78,80
80,82,75,80
80,85,88,80
0,65,88,240
0,61,73,240
0,58,73,240
80,85,75,80
80,97,80,80
80,94,94,80
0,40,77,240
0,52,90,240
80,97,77,80
80,85,76,80
80,85,89,80
0,41,77,240
0,53,90,240
80,82,77,80
80,85,82,80
80,73,89,80
0,42,82,120
0,54,97,120
80,85,85,80
80,82,81,80
80,85,90,80
0,61,79,120
0,64,94,120
0,58,79,120
80,85,85,80
80,97,85,80
80,94,101,80
0,41,80,240
0,53,95,240
80,97,86,80
80,85,84,80
80,85,93,80
0,42,78,240
0,54,91,240
80,82,85,80
80,85,80,80
80,73,94,80
0,43,89,240
0,55,105,240
80,85,85,80
80,82,81,80
80,85,94,80
0,64,96,191
0,61,81,240
0,55,81,240
80,85,84,80
80,97,80,80
80,92,95,80
0,44,81,240
0,56,96,240
80,97,85,80
80,85,83,80
80,85,95,80
0,65,96,240
0,61,81,240
0,56,81,240
80,80,90,80
80,85,86,80
80,73,97,80
0,45,86,240
0,57,103,240
80,85,90,80
80,78,85,80
80,85,93,80
0,66,94,240
0,63,79,240
0,57,79,240
80,73,87,80
80,73,84,80
80,66,95,80
80,73,90,80
80,61,85,80
80,61,100,80
0,33,89,240
0,45,106,240
80,54,89,80
80,61,85,80
80,51,74,80
0,32,89,960
0,44,106,960
80,54,71,80
80,61,72,80
80,63,77,80
80,54,70,80
80,61,72,80
80,63,81,80
80,66,78,80
80,61,75,80
80,63,83,80
80,66,77,80
80,73,73,80
80,63,87,80
80,66,80,80
80,73,77,80
80,75,89,80
80,66,78,80
80,73,75,80
80,75,89,80
0,66,100,360
0,61,83,360
0,56,83,360
80,78,78,80
80,73,76,80
80,75,89,80
80,85,78,80
40,66,92,120
0,61,77,120
0,56,77,120
40,78,75,80
80,75,89,80
0,56,83,960
0,66,100,960
0,61,83,960
80,78,81,80
80,87,86,80
80,85,85,80
80,78,78,80
80,75,84,80
80,85,81,80
80,78,76,80
80,75,71,80
80,73,78,80
80,78,71,80
80,75,75,80
80,73,74,80
80,66,69,80
80,75,72,80
80,73,71,80
80,66,66,80
80,63,69,80
80,73,67,80
80,66,61,80
80,63,65,80
80,61,64,80
80,66,59,80
80,63,62,80
80,56,52,80
0,32,52,960
0,44,62,960
80,63,54,80
80,66,54,80
80,68,56,80
80,63,56,80
80,66,54,80
80,68,58,80
80,75,58,80
80,66,56,80
80,68,60,80
80,75,60,80
80,78,58,80
80,68,62,80
80,75,58,80
80,78,62,80
80,80,62,80
80,75,54,80
80,78,58,80
80,80,62,80
0,56,52,360
0,66,52,360
0,60,52,360
0,68,62,360
80,87,65,80
80,78,60,80
80,80,62,80
80,90,58,80
40,68,57,120
0,66,48,120
0,60,48,120
0,56,48,120
40,87,59,80
80,80,59,80
0,68,62,800
0,66,52,960
0,60,52,960
0,56,52,960
80,78,59,80
80,87,58,80
80,80,58,80
80,78,57,80
80,75,56,80
80,80,56,80
80,78,56,80
80,75,54,80
80,68,54,80
80,78,52,80
80,75,52,80
80,68,52,0
80,66,51,80
80,75,51,80
80,68,50,80
80,66,49,80
80,63,49,80
80,68,48,80
80,66,48,80
80,63,48,80
80,56,46,80
80,66,46,80
80,63,44,80
80,61,65,80
0,37,63,120
80,73,59,80
80,68,55,80
80,73,65,80
80,65,59,80
80,80,58,80
80,73,70,80
0,65,70,960
0,56,59,960
80,80,66,80
80,68,66,80
80,73,70,80
80,68,66,80
80,73,62,80
80,61,65,80
80,73,63,80
80,68,58,80
80,73,65,80
80,68,63,80
80,80,57,80
80,73,65,80
0,64,63,360
0,55,53,360
80,80,59,80
80,68,55,80
80,73,65,80
80,68,63,80
40,65,63,120
0,56,53,120
40,73,58,80
80,61,65,80
0,49,63,120
80,73,58,80
80,68,56,80
80,73,65,80
80,73,58,80
80,85,55,80
80,80,71,80
0,65,72,960
0,56,61,960
80,85,64,80
80,73,62,80
80,73,71,80
80,68,67,80
80,73,62,80
80,68,65,80
80,80,59,80
80,73,54,80
80,80,65,80
80,80,58,80
80,92,59,80
80,85,65,80
0,64,75,360
0,55,63,360
80,92,57,80
80,80,60,80
80,80,65,80
80,73,63,80
40,56,57,120
0,65,69,120
40,80,56,80
80,73,65,80
0,53,77,120
80,75,62,80
80,73,57,80
80,87,64,80
0,65,63,240
0,56,53,240
0,61,53,240
80,85,61,80
80,99,61,80
80,97,73,80
0,57,59,240
0,61,59,240
0,66,70,240
80,99,65,80
80,97,66,80
80,85,80,80
0,58,62,240
0,61,62,240
0,67,75,240
80,87,75,80
80,85,70,80
80,73,81,80
0,59,70,480
0,61,70,480
0,68,84,480
80,75,77,80
80,73,73,80
80,87,78,80
80,85,70,80
80,99,74,80
80,97,73,80
0,58,64,240
0,61,64,240
0,67,77,240
80,99,70,80
80,97,66,80
80,85,70,80
0,57,61,240
0,61,61,240
0,66,72,240
80,87,67,80
80,85,66,80
80,97,65,80
0,56,57,120
0,61,57,120
0,65,69,120
80,99,65,80
80,97,62,80
80,85,66,80
0,49,63,120
80,87,69,80
80,85,65,80
80,97,71,80
0,59,56,480
0,61,56,480
0,65,56,480
0,68,66,240
80,99,68,80
80,97,72,80
80,85,75,80
0,70,71,240
80,87,72,80
80,85,68,80
80,97,79,80
0,59,64,960
0,61,64,960
0,65,64,960
0,71,77,480
80,99,75,80
80,97,70,80
80,85,74,80
80,87,69,80
80,85,68,80
80,97,71,80
0,70,72,240
80,99,67,80
80,97,64,80
80,85,67,80
0,68,71,240
80,87,66,80
80,85,65,80
81,90,96,80
0,54,73,90
0,66,87,90
0,61,73,90
0,58,73,90
79,94,70,80
80,85,70,80
80,90,92,80
0,63,70,90
0,59,70,90
0,54,70,90
0,66,83,90
80,87,74,80
80,90,70,80
80,85,97,80
0,61,73,90
0,66,87,90
0,58,73,90
0,54,73,90
80,90,74,80
80,82,71,80
80,85,84,80
80,78,73,80
80,82,70,80
80,78,74,80
0,42,47,90
0,54,56,90
80,82,69,80
80,73,66,80
80,78,69,80
0,66,51,90
0,63,42,90
0,59,42,90
80,75,66,80
80,78,63,80
80,73,74,80
0,66,56,90
0,61,47,90
0,58,47,90
80,78,68,80
80,70,63,80
80,73,74,80
80,66,64,80
80,70,61,80
80,61,74,80
0,37,48,90
0,49,59,90
80,73,72,80
80,68,67,80
80,73,75,80
0,61,48,90
0,65,59,90
0,56,48,90
80,68,66,80
80,80,67,80
80,68,72,80
0,59,50,90
0,63,60,90
0,56,50,90
80,80,73,80
80,75,71,80
80,80,78,80
0,44,62,90
80,75,76,80
80,87,72,80
80,75,82,80
0,49,66,720
80,87,77,80
80,80,72,80
80,87,86,80
0,63,70,240
0,59,59,240
0,56,59,240
80,80,74,80
80,92,75,80
80,80,88,80
0,61,73,240
0,59,62,240
0,56,62,240
80,92,81,80
80,85,77,80
80,92,89,80
80,85,85,80
80,97,83,80
80,90,97,80
0,54,73,90
0,58,73,90
0,61,73,90
0,66,87,90
80,94,74,80
80,85,71,80
80,90,94,80
0,66,82,90
0,63,69,90
0,59,69,90
0,54,69,90
80,87,75,80
80,90,73,80
80,85,95,80
0,61,73,90
0,66,87,90
0,58,73,90
0,54,73,90
80,90,76,80
80,82,73,80
80,85,86,80
80,78,77,80
80,82,73,80
80,78,74,80
0,42,48,90
0,54,59,90
80,82,66,80
80,73,64,80
80,78,70,80
0,66,55,90
0,63,46,90
0,59,46,90
80,75,67,80
80,78,67,80
80,73,74,80
0,66,59,90
0,61,48,90
0,58,48,90
80,78,62,80
80,70,55,80
80,73,74,80
80,66,64,80
80,70,60,80
80,63,74,80
0,47,66,120
80,75,71,80
80,68,67,80
80,75,74,80
0,63,66,240
0,56,56,240
80,68,72,80
80,80,67,80
80,70,74,80
0,53,59,240
0,58,59,240
0,62,70,240
80,82,85,80
80,70,72,80
80,82,74,80
0,46,66,240
80,70,70,80
80,82,66,80
80,75,74,80
0,47,66,120
80,87,70,80
80,80,70,80
80,87,71,80
0,63,66,240
0,56,56,240
80,80,69,80
80,92,69,80
80,82,72,80
0,53,62,240
0,58,62,240
0,62,73,240
80,94,79,80
80,82,69,80
80,94,72,80
0,46,69,120
80,82,72,80
80,94,70,80
80,82,74,80
0,47,80,120
80,94,72,80
80,87,72,80
80,94,74,80
0,68,69,120
0,59,57,120
0,63,57,120
80,80,69,80
80,92,67,80
80,80,75,80
0,49,82,120
80,92,73,80
80,85,70,80
80,92,77,80
0,66,66,120
0,61,56,120
0,58,56,120
80,78,69,80
80,90,70,80
80,73,77,80
0,47,84,120
80,85,72,80
80,80,69,80
80,85,78,80
0,59,60,120
0,65,60,120
0,61,60,120
0,68,71,120
80,80,72,80
80,92,75,80
80,78,78,80
0,46,86,120
80,90,74,80
80,85,72,80
80,90,80,80
0,61,60,120
0,70,71,120
0,58,60,120
0,66,60,120
80,85,74,80
80,97,78,80
80,82,80,80
0,47,88,120
80,94,74,80
80,87,71,80
80,94,81,80
0,68,73,120
0,63,62,120
0,59,62,120
80,80,79,80
80,92,76,80
80,80,82,80
0,49,89,120
80,92,76,80
80,85,73,80
80,92,82,80
0,66,73,120
0,61,62,120
0,58,62,120
80,78,74,80
80,90,70,80
80,73,83,80
0,47,91,120
80,85,74,80
80,80,71,80
80,85,83,80
0,59,63,120
0,65,63,120
0,61,63,120
0,68,75,120
80,80,76,80
80,92,82,80
80,78,86,80
0,46,94,120
80,90,76,80
80,85,73,80
80,90,87,80
0,58,63,120
0,66,63,120
0,61,63,120
0,70,75,120
80,85,79,80
80,97,75,80
80,82,83,80
0,47,94,240
80,94,74,80
80,87,75,80
80,94,86,80
0,63,70,480
0,56,70,480
0,68,82,480
80,80,77,80
80,92,74,80
80,82,87,80
80,94,80,80
80,87,74,80
80,94,84,80
0,47,94,240
80,80,78,80
80,92,74,80
80,82,92,80
0,48,104,240
80,94,85,80
80,87,81,80
80,94,93,80
0,68,85,480
0,63,71,480
0,66,71,480
0,56,71,480
80,80,85,80
80,92,90,80
80,82,94,80
80,94,86,80
80,87,83,80
80,94,97,80
0,48,100,240
80,80,80,80
80,92,88,80
80,85,98,80
0,49,106,240
80,94,90,80
80,80,87,80
80,92,100,80
80,85,90,80
80,94,92,80
80,80,103,80
0,61,77,480
0,66,77,480
0,56,77,480
0,68,92,480
80,92,93,80
80,85,86,80
80,94,94,80
80,80,90,80
80,92,86,80
80,85,96,80
0,73,94,480
0,66,79,480
0,68,79,480
80,94,91,80
80,80,85,80
80,92,89,80
80,85,82,80
80,94,75,80
80,80,85,80
80,92,77,80
80,85,71,80
80,94,75,80
80,80,68,80
80,92,64,80
40,37,47,10
10,49,47,990
10,56,47,980
10,61,47,970
10,99,57,80
0,66,56,960
120,97,57,40
40,94,52,80
80,92,57,80
80,90,57,80
80,87,54,80
80,85,57,80
80,82,57,80
80,80,53,80
80,78,57,80
80,75,57,80
80,73,54,80
80,68,65,480
0,49,30,960
0,59,30,960
0,66,56,480
0,49,56,960
0,63,47,480
0,56,30,960
480,70,69,360
0,65,56,480
0,61,47,480
360,68,64,120
120,66,71,240
0,54,48,960
0,58,48,240
0,66,59,240
240,61,44,240
240,92,63,80
0,59,50,240
0,68,60,240
80,94,53,80
80,92,57,80
80,85,59,80
0,56,44,240
0,65,52,240
80,97,59,80
80,85,54,80
80,85,63,80
0,66,60,240
0,58,50,240
0,54,50,960
80,87,63,80
80,85,63,80
80,78,58,80
0,61,42,240
80,90,55,80
80,78,58,80
80,80,63,80
0,59,50,240
0,68,60,240
80,82,54,80
80,80,56,80
80,73,78,320
0,65,51,240
0,56,42,240
240,54,53,240
0,66,63,240
0,58,53,240
80,78,62,80
80,80,57,80
80,82,66,80
80,80,64,80
80,78,57,80
80,73,62,80
0,63,63,240
0,53,53,240
0,59,53,240
80,80,64,80
80,85,61,80
80,87,67,80
0,49,48,240
0,61,57,240
80,85,65,80
80,80,59,80
80,78,66,80
0,63,66,240
0,58,56,240
0,54,56,240
80,85,63,80
80,90,59,80
80,92,64,80
0,49,48,240
0,61,59,240
80,90,64,80
80,87,57,80
80,85,70,80
0,59,56,240
0,53,56,240
0,63,68,240
80,92,67,80
80,97,65,80
80,99,74,80
0,61,62,240
0,49,52,240
80,97,67,80
80,92,62,80
80,90,62,80
0,66,59,240
0,54,48,960
0,58,48,240
80,92,57,80
80,90,56,80
80,85,63,80
0,61,45,240
80,97,59,80
80,85,59,80
80,85,63,80
0,68,60,240
0,59,50,240
80,87,60,80
80,85,57,80
80,80,59,80
0,56,46,240
0,65,55,240
80,92,59,80
80,80,59,80
80,80,63,80
0,58,51,240
0,66,61,240
0,54,51,960
80,82,59,80
80,80,55,80
80,78,58,80
0,61,46,240
80,90,58,80
80,78,55,80
80,73,63,560
0,59,51,240
0,68,61,240
240,56,47,240
0,65,56,240
240,58,55,240
0,66,64,240
0,54,55,240
80,78,64,80
80,80,62,80
80,82,70,80
0,61,59,240
80,80,64,80
80,78,61,80
80,73,69,80
0,63,70,240
0,59,59,240
0,53,59,240
80,80,66,80
80,85,64,80
80,87,73,80
0,49,53,240
0,61,63,240
80,85,67,80
80,80,65,80
80,78,74,80
0,54,66,240
0,63,79,240
0,58,66,240
80,85,71,80
80,90,70,80
80,92,76,80
0,61,72,240
0,49,61,240
80,90,70,80
80,85,70,80
80,80,79,80
0,53,70,240
0,59,70,240
0,63,84,240
80,85,81,80
80,92,78,80
80,94,86,80
0,61,81,210
0,49,69,210
80,92,78,80
80,85,74,80
50,54,68,510
15,61,70,495
15,94,87,80
0,70,90,480
80,85,77,80
80,92,71,80
80,82,83,80
80,92,78,80
80,85,70,80
80,90,83,80
80,82,76,80
80,87,72,80
80,80,83,80
0,49,79,240
0,59,79,240
0,56,79,240
0,65,94,240
80,85,76,80
80,73,72,80
80,82,83,80
0,54,77,480
0,58,77,480
0,66,90,480
80,73,78,80
80,80,74,80
80,70,83,80
80,80,72,80
80,73,72,80
80,78,83,80
80,70,78,80
80,75,74,80
80,68,83,80
0,37,78,240
0,47,78,240
0,53,93,240
80,73,77,80
80,61,76,80
80,70,87,80
0,42,75,480
0,46,75,480
0,54,89,480
80,61,82,80
80,68,77,80
80,58,88,80
80,68,77,80
80,61,81,80
80,66,93,80
80,58,87,80
80,63,86,80
80,56,97,80
0,37,80,240
80,61,91,80
80,49,88,80
80,58,101,80
0,30,71,240
0,42,85,240
80,54,92,80
80,63,87,80
80,49,101,80
0,25,68,240
0,37,80,240
80,61,92,80
80,56,86,80
80,58,101,80
0,30,71,240
0,42,85,240
80,54,93,80
80,63,89,80
80,49,101,80
0,25,68,240
0,37,80,240
80,61,93,80
80,56,89,80
80,58,101,240
0,30,71,240
0,42,85,240
240,54,48,80
0,58,60,80
80,56,59,80
80,54,54,80
80,66,63,80
0,63,50,80
80,61,60,80
80,58,56,80
80,70,64,80
0,66,50,80
0,42,53,80
80,63,62,80
0,49,48,80
80,61,58,80
0,58,46,80
80,70,52,80
0,73,66,80
0,42,56,80
80,68,64,80
0,49,51,80
80,66,58,80
0,58,49,80
80,78,69,80
0,75,55,80
0,46,57,80
80,73,59,80
0,54,52,80
80,70,59,80
0,61,49,80
80,82,70,80
0,78,55,80
0,49,59,80
80,75,65,80
0,58,52,80
80,73,64,80
0,66,51,80
80,85,71,80
0,82,56,80
0,54,61,80
80,80,67,80
0,61,54,80
80,78,67,80
0,70,51,80
80,90,73,80
0,87,58,80
0,58,61,80
80,85,67,80
0,66,56,80
80,82,65,80
0,73,54,80
80,94,75,80
0,90,59,80
0,61,65,80
80,87,69,80
0,70,58,80
80,85,66,80
0,78,56,80
80,90,78,80
0,87,62,80
0,66,67,80
80,85,70,80
0,70,59,80
80,82,69,80
0,78,58,80
80,94,78,80
0,90,62,80
0,61,68,80
80,87,71,80
0,73,60,80
80,85,70,80
0,78,59,80
80,90,81,80
0,87,64,80
0,66,72,80
80,85,74,80
0,70,61,80
80,82,73,80
0,78,59,80
80,94,81,80
0,90,64,80
0,61,72,80
80,87,75,80
0,70,65,80
80,85,74,80
0,78,63,80
80,90,82,80
0,87,65,80
0,66,73,80
80,85,75,80
0,70,67,80
80,82,75,80
0,78,66,80
80,94,85,80
0,90,67,80
0,61,75,80
80,87,77,80
0,70,69,80
80,85,75,80
0,78,69,80
80,82,89,80
0,90,89,80
0,66,81,80
160,78,94,80
0,90,94,80
0,54,87,80
0,66,87,80
80,87,94,80
0,75,94,80
0,63,83,80
0,51,83,80
80,85,95,80
0,73,95,80
0,61,85,80
0,49,85,80
80,82,96,80
0,70,96,80
0,58,86,80
0,46,86,80
80,80,97,80
0,68,97,80
0,56,86,80
0,44,86,80
80,78,98,80
0,66,98,80
0,54,87,80
0,42,87,80
80,75,98,80
0,63,98,80
0,51,88,80
0,39,88,80
80,73,100,80
0,61,100,80
0,37,89,80
0,49,89,80
80,70,101,80
0,58,101,80
0,34,89,80
0,46,89,80
80,68,103,80
0,56,103,80
0,32,92,80
0,44,92,80
80,54,111,120
0,66,111,120
0,30,99,120
0,42,99,120
450,54,93,510
15,61,98,495
15,94,118,480
0,90,108,480
0,85,108,480
0,82,108,480
0,70,108,480
480,54,112,960
0,30,102,960