960,69,77,720
480,66,68,480
0,50,59,240
240,73,70,240
240,74,71,240
0,66,60,480
0,50,52,480
0,57,52,480
0,62,52,480
240,76,71,240
240,78,72,240
0,66,61,480
0,50,52,480
0,57,52,480
0,62,52,480
240,79,73,120
120,78,70,60
60,79,68,60
60,78,76,480
0,45,59,240
480,67,62,480
0,76,74,240
0,52,54,480
0,57,54,480
0,61,54,480
240,74,74,240
240,67,62,480
0,73,73,240
0,52,54,480
0,57,54,480
0,61,54,480
240,71,72,240
240,69,74,240
0,38,59,240
240,74,70,240
240,66,62,480
0,74,74,160
0,50,54,480
0,57,54,480
0,62,54,480
160,76,70,160
160,74,70,160
160,66,59,480
0,73,70,240
0,50,54,480
0,57,54,480
0,62,54,480
240,71,70,240
240,73,73,1440
0,45,59,240
480,64,44,480
0,69,53,480
0,57,43,480
480,67,57,480
0,69,68,480
0,57,56,480
0,64,56,480
480,69,74,240
0,50,59,240
240,73,70,240
240,74,71,240
0,66,60,480
0,57,52,480
0,62,52,480
240,76,71,240
240,78,72,240
0,66,61,480
0,50,52,480
0,57,52,480
0,62,52,480
240,79,73,120
120,78,70,60
60,79,68,60
60,78,76,480
0,43,59,240
480,67,62,480
0,76,74,240
0,59,54,480
0,64,54,480
240,74,74,240
240,67,62,480
0,73,73,240
0,52,54,480
0,59,54,480
0,64,54,10
240,71,72,240
240,69,74,240
0,45,59,240
240,73,70,240
240,67,62,480
0,73,74,160
0,57,54,480
0,64,54,480
160,74,70,160
160,73,70,160
160,67,59,480
0,71,70,240
0,57,54,480
0,64,54,14
240,69,70,240
240,74,73,1440
0,38,59,240
480,66,53,480
0,50,36,480
0,57,36,480
0,62,43,480
480,66,47,960
0,50,39,960
0,57,39,960
0,62,39,960
480,69,40,240
240,73,39,240
240,74,39,240
0,66,33,480
0,50,23,480
0,57,23,480
0,62,23,480
240,76,39,240
240,78,40,240
0,66,33,480
0,50,23,480
0,57,23,480
0,62,23,480
240,79,40,120
120,78,39,60
60,79,37,60
60,78,42,480
0,45,27,240
480,67,34,480
0,76,40,240
0,52,24,480
0,57,24,480
0,61,24,480
240,74,40,240
240,67,34,480
0,73,40,240
0,52,24,480
0,57,24,480
0,61,24,480
240,71,40,240
240,69,40,240
0,38,27,240
240,74,39,240
240,66,34,480
0,74,40,160
0,50,24,480
0,57,24,480
0,62,24,480
160,76,39,160
160,74,39,160
160,66,32,480
0,73,39,240
0,50,24,480
0,57,24,480
0,62,24,480
240,71,39,240
240,73,40,1440
0,45,27,240
480,64,24,480
0,69,29,480
0,61,20,480
0,57,20,480
480,67,31,480
0,69,37,480
0,57,26,960
0,64,26,480
480,69,40,240
0,50,27,480
240,73,39,240
240,74,39,240
0,66,33,480
0,57,23,480
0,62,23,480
240,76,39,240
240,78,40,240
0,66,33,480
0,50,23,480
0,57,23,480
0,62,23,480
240,79,40,120
120,78,39,60
60,79,37,60
60,78,42,480
0,43,27,240
480,67,34,480
0,76,40,240
0,59,24,480
0,64,24,480
240,74,40,240
240,67,34,480
0,73,40,240
0,52,24,480
0,59,24,480
0,64,24,9
240,71,40,240
240,69,40,240
0,45,27,240
240,73,39,240
240,67,34,480
0,73,40,160
0,57,24,480
0,64,24,480
160,74,39,160
160,73,39,160
160,67,32,480
0,71,39,240
0,57,24,480
0,64,24,12
240,69,39,240
240,74,40,1440
0,38,27,240
480,66,29,480
0,50,17,480
0,57,17,480
0,62,20,480
480,66,37,480
0,50,26,480
0,57,26,480
0,62,26,480
480,64,73,7
0,45,59,240
240,68,70,240
240,69,71,240
0,61,60,480
0,45,52,480
0,52,52,480
0,57,52,480
240,71,71,240
240,73,72,240
0,61,61,480
0,45,52,480
0,52,52,480
0,57,52,480
240,74,73,120
120,73,70,60
60,74,68,60
60,73,76,480
0,40,59,240
480,62,62,480
0,71,74,240
0,52,54,480
0,59,54,480
240,69,74,240
240,62,62,480
0,68,73,240
0,52,54,480
0,59,54,480
240,66,72,240
240,64,74,240
0,33,59,240
240,69,70,240
240,61,62,480
0,69,74,160
0,45,54,480
0,52,54,480
0,57,54,480
160,71,70,160
160,69,70,160
160,61,59,480
0,68,70,240
0,45,54,480
0,52,54,480
0,57,54,480
240,66,70,240
240,68,73,1440
0,40,59,240
480,59,44,480
0,64,53,480
0,52,43,480
480,62,57,480
0,64,68,480
0,52,56,480
0,59,56,480
480,64,74,10
0,45,59,240
240,68,70,240
240,69,71,240
0,61,60,480
0,52,52,480
0,57,52,480
240,71,71,240
240,73,72,240
0,61,61,480
0,45,52,480
0,52,52,480
0,57,52,480
240,74,73,120
120,73,70,60
60,74,68,60
60,73,76,480
0,38,59,240
480,62,62,480
0,71,74,240
0,54,54,480
0,59,54,480
240,69,74,240
240,62,62,480
0,68,73,240
0,47,54,480
0,54,54,480
0,59,54,480
240,66,72,240
240,64,74,240
0,40,59,240
240,68,70,240
240,62,62,480
0,68,74,160
0,52,54,480
0,59,54,480
160,69,70,160
160,68,70,160
160,62,59,480
0,66,70,240
0,52,54,480
0,59,54,480
240,64,70,240
240,69,73,1440
0,33,59,240
480,61,53,480
0,45,36,480
0,52,36,480
0,57,43,480
480,61,47,960
0,45,39,960
0,52,39,960
0,57,39,960
480,64,40,16
240,68,39,240
240,69,39,240
0,61,33,480
0,45,23,480
0,52,23,480
0,57,23,480
240,71,39,240
240,73,40,240
0,61,33,480
0,45,23,480
0,52,23,480
0,57,23,480
240,74,40,120
120,73,39,60
60,74,37,60
60,73,42,480
0,40,27,240
480,62,34,480
0,71,40,240
0,52,24,480
0,59,24,480
240,69,40,240
240,62,34,480
0,68,40,240
0,52,24,480
0,59,24,480
240,66,40,240
240,64,40,240
0,33,27,240
240,69,39,240
240,61,34,480
0,69,40,160
0,45,24,480
0,52,24,480
0,57,24,480
160,71,39,160
160,69,39,160
160,61,32,480
0,68,39,240
0,45,24,480
0,52,24,480
0,57,24,480
240,66,39,240
240,68,40,1440
0,40,27,240
480,59,24,480
0,64,29,480
0,52,20,480
480,62,31,480
0,64,37,480
0,52,26,960
0,59,26,480
480,64,40,10
0,45,27,480
240,68,39,240
240,69,39,240
0,61,33,480
0,52,23,480
0,57,23,480
240,71,39,240
240,73,40,240
0,61,33,480
0,45,23,480
0,52,23,480
0,57,23,480
240,74,40,120
120,73,39,60
60,74,37,60
60,73,42,480
0,38,27,240
480,62,34,480
0,71,40,240
0,54,24,480
0,59,24,480
240,69,40,240
240,62,34,480
0,68,40,240
0,47,24,480
0,54,24,480
0,59,24,480
240,66,40,240
240,64,40,240
0,40,27,240
240,68,39,240
240,62,34,480
0,68,40,160
0,52,24,480
0,59,24,480
160,69,39,160
160,68,39,160
160,62,32,480
0,66,39,240
0,52,24,480
0,59,24,480
240,64,39,240
240,69,40,1680
0,33,32,240
480,61,37,480
0,57,25,480
0,64,30,480
480,67,73,480
0,61,73,480
0,57,60,480
0,64,60,480
480,66,78,480
0,50,67,240
240,73,80,240
240,74,81,240
0,66,69,480
0,50,59,480
0,57,59,480
0,62,59,480
240,76,81,240
240,78,82,240
0,66,70,480
0,50,59,480
0,57,59,480
0,62,59,480
240,79,83,120
120,78,80,60
60,79,78,60
60,78,87,480
0,45,67,240
480,67,71,480
0,76,85,240
0,52,62,480
0,57,62,480
0,61,62,480
240,74,85,240
240,67,71,480
0,73,83,240
0,52,62,480
0,57,62,480
0,61,62,480
240,71,82,240
240,69,85,240
0,38,67,240
240,74,80,240
240,66,71,480
0,74,85,160
0,50,62,480
0,57,62,480
0,62,62,480
160,76,80,160
160,74,80,160
160,66,67,480
0,73,80,240
0,50,62,480
0,57,62,480
0,62,62,480
240,71,80,240
240,73,83,1440
0,45,67,240
480,64,50,480
0,69,60,480
0,57,49,480
480,67,65,480
0,69,78,480
0,57,64,480
0,64,64,480
480,69,85,240
0,50,67,240
240,73,80,240
240,74,81,240
0,66,69,480
0,57,59,480
0,62,59,480
240,76,81,240
240,78,82,240
0,66,70,480
0,50,59,480
0,57,59,480
0,62,59,480
240,79,83,120
120,78,80,60
60,79,78,60
60,78,87,480
0,43,67,240
480,67,71,480
0,76,85,240
0,59,62,480
0,64,62,480
240,74,85,240
240,67,71,480
0,73,83,240
0,52,62,480
0,59,62,480
0,64,62,6
240,71,82,240
240,69,85,240
0,45,67,240
240,73,80,240
240,67,71,480
0,73,85,160
0,57,62,480
0,64,62,480
160,74,80,160
160,73,80,160
160,67,67,480
0,71,80,240
0,57,62,480
0,64,62,12
240,69,80,240
240,74,83,1440
0,38,67,240
480,66,60,480
0,50,41,480
0,57,41,480
0,62,49,480
480,66,54,960
0,50,44,960
0,57,44,960
0,62,44,960
480,69,40,240
240,73,39,240
240,74,39,240
0,66,33,480
0,50,23,480
0,57,23,480
0,62,23,480
240,76,39,240
240,78,40,240
0,66,33,480
0,50,23,480
0,57,23,480
0,62,23,480
240,79,40,120
120,78,39,60
60,79,37,60
60,78,42,480
0,45,27,240
480,67,34,480
0,76,40,240
0,52,24,480
0,57,24,480
0,61,24,480
240,74,40,240
240,67,34,480
0,73,40,240
0,52,24,480
0,57,24,480
0,61,24,480
240,71,40,240
240,69,40,240
0,38,27,240
240,74,39,240
240,66,34,480
0,74,40,160
0,50,24,480
0,57,24,480
0,62,24,480
160,76,39,160
160,74,39,160
160,66,32,480
0,73,39,240
0,50,24,480
0,57,24,480
0,62,24,480
240,71,39,240
240,73,40,1440
0,45,27,240
480,64,24,480
0,69,29,480
0,61,20,480
0,57,20,480
480,67,31,480
0,69,37,480
0,57,26,960
0,64,26,480
480,69,40,240
0,50,27,480
240,73,39,240
240,74,39,240
0,66,33,480
0,57,23,480
0,62,23,480
240,76,39,240
240,78,40,240
0,66,33,480
0,50,23,480
0,57,23,480
0,62,23,480
240,79,40,120
120,78,39,60
60,79,37,60
60,78,42,480
0,43,27,240
480,67,34,480
0,76,40,240
0,59,24,480
0,64,24,480
240,74,40,240
240,67,34,480
0,73,40,240
0,52,24,480
0,59,24,480
0,64,24,15
240,71,40,240
240,69,40,240
0,45,27,240
240,73,39,240
240,67,34,480
0,73,40,160
0,57,24,480
0,64,24,480
160,74,39,160
160,73,39,160
160,67,32,480
0,71,39,240
0,57,24,480
0,64,24,14
240,69,39,240
240,74,40,1800
0,38,27,480
480,66,29,480
0,50,17,480
0,57,17,480
0,62,20,480
480,66,37,480
0,50,26,480
0,57,26,480
0,62,26,480
480,65,54,960
0,46,44,480
360,74,58,120
120,75,62,480
0,62,40,480
0,58,33,480
0,53,33,480
480,70,42,960
0,76,55,480
0,53,34,480
0,62,41,480
0,58,34,480
480,79,64,360
0,41,46,480
360,77,60,120
120,69,49,240
0,72,64,480
0,63,43,480
0,60,35,480
0,53,35,480
240,67,47,240
240,65,48,960
0,72,57,480
0,63,44,480
0,60,36,480
0,53,36,480
480,74,64,360
0,46,49,480
360,74,64,120
120,65,50,480
0,70,50,480
0,75,69,480
0,62,45,480
0,58,37,480
0,53,37,480
480,65,51,960
0,70,51,480
0,76,61,480
0,53,38,480
0,62,46,480
0,58,38,480
480,72,52,480
0,79,71,360
0,45,51,840
360,77,66,120
120,65,59,480
0,72,71,960
0,60,47,360
360,43,48,120
120,69,67,480
0,77,81,480
0,41,62,480
480,76,73,240
0,70,69,240
0,82,86,240
0,36,55,480
0,48,64,480
360,70,66,120
0,76,69,120
0,82,82,120
120,70,70,480
0,76,72,480
0,82,85,480
0,67,64,480
0,60,55,480
480,70,70,480
0,76,70,480
0,82,83,480
480,77,73,240
0,70,73,240
0,82,86,240
0,41,64,240
360,70,69,120
0,77,69,120
0,82,82,120
0,59,65,120
120,70,72,480
0,77,72,480
0,82,85,480
0,60,72,360
360,61,68,120
120,69,67,480
0,77,70,480
0,81,83,480
0,60,72,480
480,76,64,240
0,70,64,240
0,81,78,240
0,48,58,240
360,70,61,120
0,76,61,120
0,81,73,120
0,59,58,120
120,70,63,480
0,76,63,480
0,81,76,480
0,60,63,360
360,62,58,120
120,70,60,480
0,76,60,480
0,79,72,480
0,60,62,480
480,75,58,240
0,69,58,240
0,79,70,240
0,53,52,240
360,69,52,120
0,75,52,120
0,79,62,120
0,59,46,120
120,69,54,480
0,75,54,480
0,79,64,480
0,60,54,360
360,64,45,120
120,69,46,480
0,75,46,480
0,77,56,480
0,65,47,480
480,74,61,360
0,46,44,480
360,74,58,120
120,65,45,480
0,70,45,480
0,75,62,480
0,62,40,480
0,58,33,480
0,53,33,480
480,65,46,480
0,70,46,480
0,76,55,480
0,53,34,480
0,62,41,480
0,58,34,480
480,78,64,360
0,45,46,480
360,77,60,120
120,65,53,360
0,72,64,480
0,63,43,480
0,60,35,480
0,53,35,480
360,66,47,120
120,65,48,480
0,72,57,480
0,63,44,480
0,60,36,480
0,53,36,480
480,73,68,360
0,46,49,480
360,73,64,120
120,65,50,480
0,70,50,480
0,75,69,480
0,61,45,480
0,58,37,480
0,53,37,480
480,65,50,480
0,70,50,480
0,76,60,480
0,53,37,480
0,61,45,480
0,58,37,480
480,78,74,360
0,44,53,480
360,77,72,120
120,73,62,480
0,68,62,480
0,80,75,480
0,53,46,360
0,56,46,360
0,65,54,360
0,61,46,360
360,46,54,120
120,73,73,480
0,85,89,480
0,44,67,480
480,72,80,240
0,66,80,240
0,78,94,240
0,32,70,480
360,66,75,120
0,72,75,120
0,78,90,120
120,66,79,480
0,72,79,480
0,78,93,480
0,63,70,480
0,56,60,480
480,66,75,480
0,72,75,480
0,78,90,480
480,73,79,240
0,66,79,240
0,78,93,240
0,37,69,240
360,66,73,120
0,73,73,120
0,78,88,120
0,55,73,120
120,66,77,480
0,73,77,480
0,78,91,480
0,56,77,360
360,58,72,120
120,65,73,480
0,73,73,480
0,77,88,480
0,56,75,480
480,72,67,240
0,66,67,240
0,77,81,240
0,44,60,240
360,66,63,120
0,72,63,120
0,77,76,120
0,55,60,120
120,66,59,480
0,72,65,480
0,77,77,480
0,56,65,360
360,57,63,120
120,66,63,480
0,72,63,480
0,75,74,480
0,56,64,480
480,66,59,240
0,75,72,240
0,49,53,240
360,66,53,120
0,68,53,120
0,75,63,120
0,55,46,120
120,66,55,480
0,68,55,960
0,75,65,480
0,56,55,360
360,60,45,120
120,65,46,480
0,73,56,480
0,61,47,480
480,68,52,160
0,74,62,160
0,41,40,240
160,62,56,160
160,68,47,1120
0,74,56,640
160,62,66,480
0,59,35,480
0,53,29,480
480,62,58,480
0,74,63,480
0,53,30,480
0,59,36,480
480,69,56,160
0,74,66,160
0,42,43,240
160,62,59,160
160,69,50,1120
0,74,60,880
160,62,70,720
0,57,37,480
0,54,31,480
480,54,32,480
0,57,38,480
240,61,60,240
0,73,64,240
240,68,59,160
0,74,70,160
0,41,45,240
160,62,63,160
160,68,53,1120
0,74,63,640
160,62,74,480
0,59,40,480
0,53,33,480
480,62,65,480
0,74,70,480
0,53,34,480
0,59,40,480
480,69,62,160
0,74,74,160
0,42,48,240
160,62,66,160
160,69,56,1120
0,74,67,880
160,62,78,720
0,57,42,480
0,54,35,480
480,54,36,480
0,57,43,480
240,61,67,240
0,73,72,240
240,68,66,160
0,74,78,160
0,40,51,240
160,62,70,160
160,68,59,1120
0,74,70,640
160,62,82,480
0,59,44,480
0,52,37,480
480,62,70,480
0,74,76,480
0,52,37,480
0,59,44,480
480,69,66,160
0,74,78,160
0,45,51,240
160,62,70,160
160,69,59,1120
0,74,70,880
160,62,82,720
0,57,44,480
0,52,37,480
480,52,37,480
0,57,44,480
240,61,68,240
0,73,73,240
240,68,66,160
0,74,78,160
0,40,51,240
160,62,70,160
160,68,59,1120
0,74,70,640
160,62,82,480
0,59,44,480
0,52,37,480
480,62,70,480
0,74,76,480
0,52,37,480
0,59,44,480
480,69,66,160
0,74,78,160
0,45,51,240
160,62,70,160
160,69,59,1120
0,74,70,880
160,62,82,720
0,57,44,480
0,52,37,480
480,52,37,480
0,57,44,480
240,61,68,240
0,73,73,240
240,68,52,160
0,74,62,160
0,41,40,240
160,62,56,160
160,68,47,1120
0,74,56,640
160,62,65,480
0,59,35,480
0,53,29,480
480,62,56,480
0,74,61,480
0,53,29,480
0,59,35,480
480,69,54,160
0,74,63,160
0,42,41,240
160,62,57,160
160,69,48,1120
0,74,58,880
160,62,68,720
0,57,36,480
0,54,30,480
480,54,31,480
0,57,36,480
240,61,57,240
0,73,61,240
240,68,56,160
0,74,66,160
0,41,43,240
160,62,59,160
160,68,50,1120
0,74,59,640
160,62,69,480
0,59,37,480
0,53,31,480
480,62,60,480
0,74,65,480
0,53,31,480
0,59,37,480
480,69,57,160
0,74,67,160
0,42,44,240
160,62,60,160
160,69,51,1120
0,74,61,880
160,62,72,720
0,57,38,480
0,54,32,480
480,54,32,480
0,57,39,480
240,61,60,240
0,73,64,240
240,68,59,160
0,74,70,160
0,40,45,240
160,62,63,160
160,68,53,1120
0,74,63,640
160,62,73,480
0,59,39,480
0,52,33,480
480,62,63,480
0,74,68,480
0,52,33,480
0,59,39,480
480,69,59,160
0,74,70,160
0,45,45,240
160,62,63,160
160,69,53,1120
0,74,63,880
160,62,73,720
0,57,39,480
0,52,33,480
480,52,33,480
0,57,39,480
240,61,61,240
0,73,65,240
240,68,59,160
0,74,70,160
0,40,45,240
160,62,63,160
160,68,52,1120
0,74,62,640
160,62,72,480
0,59,38,480
0,52,32,480
480,62,59,480
0,74,64,480
0,52,31,480
0,59,36,480
480,67,54,160
0,74,64,160
0,45,42,240
160,62,57,160
160,67,47,1120
0,74,56,880
160,62,65,480
0,64,35,480
0,57,29,480
480,61,53,480
0,57,28,480
0,64,34,255
240,73,56,240
240,69,68,240
0,50,59,240
240,73,70,240
240,74,71,240
0,66,60,480
0,50,52,480
0,57,52,480
0,62,52,480
240,76,71,240
240,78,72,240
0,66,61,480
0,50,52,480
0,57,52,480
0,62,52,480
240,79,73,120
120,78,70,60
60,79,68,60
60,78,76,480
0,45,59,240
480,67,62,480
0,76,74,240
0,52,54,480
0,57,54,480
0,61,54,480
240,74,74,240
240,67,62,480
0,73,73,240
0,52,54,480
0,57,54,480
0,61,54,480
240,71,72,240
240,69,74,240
0,38,59,240
240,74,70,240
240,66,62,480
0,74,74,160
0,50,54,480
0,57,54,480
0,62,54,480
160,76,70,160
160,74,70,160
160,66,59,480
0,73,70,240
0,50,54,480
0,57,54,480
0,62,54,480
240,71,70,240
240,73,73,1440
0,45,59,240
480,64,44,480
0,69,53,480
0,57,43,480
480,67,57,480
0,69,68,480
0,57,56,480
0,64,56,480
480,69,74,240
0,50,59,240
240,73,70,240
240,74,71,240
0,66,60,480
0,57,52,480
0,62,52,480
240,76,71,240
240,78,72,240
0,66,61,480
0,50,52,480
0,57,52,480
0,62,52,480
240,79,73,120
120,78,70,60
60,79,68,60
60,78,76,480
0,43,59,240
480,67,62,480
0,76,74,240
0,59,54,480
0,64,54,480
240,74,74,240
240,67,62,480
0,73,73,240
0,52,54,480
0,59,54,480
0,64,54,10
240,71,72,240
240,69,74,240
0,45,59,240
240,73,70,240
240,67,62,480
0,73,74,160
0,57,54,480
0,64,54,480
160,74,70,160
160,73,70,160
160,67,59,480
0,71,70,240
0,57,54,480
0,64,54,14
240,69,70,240
240,74,73,1440
0,38,59,240
480,66,53,480
0,50,36,480
0,57,36,480
0,62,43,480
480,66,47,960
0,50,39,960
0,57,39,960
0,62,39,960
480,69,40,240
240,73,39,240
240,74,39,240
0,66,33,480
0,50,23,480
0,57,23,480
0,62,23,480
240,76,39,240
240,78,40,240
0,66,33,480
0,50,23,480
0,57,23,480
0,62,23,480
240,79,40,120
120,78,39,60
60,79,37,60
60,78,42,480
0,45,27,240
480,67,34,480
0,76,40,240
0,52,24,480
0,57,24,480
0,61,24,480
240,74,40,240
240,67,34,480
0,73,40,240
0,52,24,480
0,57,24,480
0,61,24,480
240,71,40,240
240,69,40,240
0,38,27,240
240,74,39,240
240,66,34,480
0,74,40,160
0,50,24,480
0,57,24,480
0,62,24,480
160,76,39,160
160,74,39,160
160,66,32,480
0,73,39,240
0,50,24,480
0,57,24,480
0,62,24,480
240,71,39,240
240,73,40,1440
0,45,27,240
480,64,24,480
0,69,29,480
0,61,20,480
0,57,20,480
480,67,31,480
0,69,37,480
0,57,26,960
0,64,26,480
480,69,40,240
0,50,27,480
240,73,39,240
240,74,39,240
0,66,33,480
0,57,23,480
0,62,23,480
240,76,39,240
240,78,40,240
0,66,33,480
0,50,23,480
0,57,23,480
0,62,23,480
240,79,40,120
120,78,39,60
60,79,37,60
60,78,42,480
0,43,27,240
480,67,34,480
0,76,40,240
0,59,24,480
0,64,24,480
240,74,40,240
240,67,34,480
0,73,40,240
0,52,24,480
0,59,24,480
0,64,24,15
240,71,40,240
240,69,40,240
0,45,27,240
240,73,39,240
240,67,34,480
0,73,40,160
0,57,24,480
0,64,24,480
160,74,39,160
160,73,39,160
160,67,32,480
0,71,39,240
0,57,24,480
0,64,24,15
240,69,39,240
240,74,40,1440
0,38,27,240
480,66,29,480
0,50,17,480
0,57,17,480
0,62,20,480
480,66,37,480
0,50,26,480
0,57,26,480
0,62,26,480
480,64,73,13
0,45,59,240
240,68,70,240
240,69,71,240
0,61,60,480
0,45,52,480
0,52,52,480
0,57,52,480
240,71,71,240
240,73,72,240
0,61,61,480
0,45,52,480
0,52,52,480
0,57,52,480
240,74,73,120
120,73,70,60
60,74,68,60
60,73,76,480
0,40,59,240
480,62,62,480
0,71,74,240
0,52,54,480
0,59,54,480
240,69,74,240
240,62,62,480
0,68,73,240
0,52,54,480
0,59,54,480
240,66,72,240
240,64,74,240
0,33,59,240
240,69,70,240
240,61,62,480
0,69,74,160
0,45,54,480
0,52,54,480
0,57,54,480
160,71,70,160
160,69,70,160
160,61,59,480
0,68,70,240
0,45,54,480
0,52,54,480
0,57,54,480
240,66,70,240
240,68,73,1440
0,40,59,240
480,59,44,480
0,64,53,480
0,52,43,480
480,62,57,480
0,64,68,480
0,52,56,480
0,59,56,480
480,64,74,13
0,45,59,240
240,68,70,240
240,69,71,240
0,61,60,480
0,52,52,480
0,57,52,480
240,71,71,240
240,73,72,240
0,61,61,480
0,45,52,480
0,52,52,480
0,57,52,480
240,74,73,120
120,73,70,60
60,74,68,60
60,73,76,480
0,38,59,240
480,62,62,480
0,71,74,240
0,54,54,480
0,59,54,480
240,69,74,240
240,62,62,480
0,68,73,240
0,47,54,480
0,54,54,480
0,59,54,480
240,66,72,240
240,64,74,240
0,40,59,240
240,68,70,240
240,62,62,480
0,68,74,160
0,52,54,480
0,59,54,480
160,69,70,160
160,68,70,160
160,62,59,480
0,66,70,240
0,52,54,480
0,59,54,480
240,64,70,240
240,69,73,1440
0,33,59,240
480,61,53,480
0,45,36,480
0,52,36,480
0,57,43,480
480,61,47,960
0,45,39,960
0,52,39,960
0,57,39,960
480,64,40,16
240,68,39,240
240,69,39,240
0,61,33,480
0,45,23,480
0,52,23,480
0,57,23,480
240,71,39,240
240,73,40,240
0,61,33,480
0,45,23,480
0,52,23,480
0,57,23,480
240,74,40,120
120,73,39,60
60,74,37,60
60,73,42,480
0,40,27,240
480,62,34,480
0,71,40,240
0,52,24,480
0,59,24,480
240,69,40,240
240,62,34,480
0,68,40,240
0,52,24,480
0,59,24,480
240,66,40,240
240,64,40,240
0,33,27,240
240,69,39,240
240,61,34,480
0,69,40,160
0,45,24,480
0,52,24,480
0,57,24,480
160,71,39,160
160,69,39,160
160,61,32,480
0,68,39,240
0,45,24,480
0,52,24,480
0,57,24,480
240,66,39,240
240,68,40,1440
0,40,27,240
480,59,24,480
0,64,29,480
0,52,20,480
480,62,31,480
0,64,37,480
0,52,26,960
0,59,26,480
480,64,40,7
0,45,27,480
240,68,39,240
240,69,39,240
0,61,33,480
0,52,23,480
0,57,23,480
240,71,39,240
240,73,40,240
0,61,33,480
0,45,23,480
0,52,23,480
0,57,23,480
240,74,40,120
120,73,39,60
60,74,37,60
60,73,42,480
0,38,27,240
480,62,34,480
0,71,40,240
0,54,24,480
0,59,24,480
240,69,40,240
240,62,34,480
0,68,40,240
0,47,24,480
0,54,24,480
0,59,24,480
240,66,40,240
240,64,40,240
0,40,27,240
240,68,39,240
240,62,34,480
0,68,40,160
0,52,24,480
0,59,24,480
160,69,39,160
160,68,39,160
160,62,32,480
0,66,39,240
0,52,24,480
0,59,24,480
240,64,39,240
240,69,40,1680
0,33,27,240
480,61,37,480
0,57,21,480
0,64,25,480
480,67,73,480
0,61,73,480
0,57,60,480
0,64,60,480
480,66,78,480
0,50,67,240
240,73,80,240
240,74,81,240
0,66,69,480
0,50,59,480
0,57,59,480
0,62,59,480
240,76,81,240
240,78,82,240
0,66,70,480
0,50,59,480
0,57,59,480
0,62,59,480
240,79,83,120
120,78,80,60
60,79,78,60
60,78,87,480
0,45,67,240
480,67,71,480
0,76,85,240
0,52,62,480
0,57,62,480
0,61,62,480
240,74,85,240
240,67,71,480
0,73,83,240
0,52,62,480
0,57,62,480
0,61,62,480
240,71,82,240
240,69,85,240
0,38,67,240
240,74,80,240
240,66,71,480
0,74,85,160
0,50,62,480
0,57,62,480
0,62,62,480
160,76,80,160
160,74,80,160
160,66,67,480
0,73,80,240
0,50,62,480
0,57,62,480
0,62,62,480
240,71,80,240
240,73,83,1440
0,45,67,240
480,64,50,480
0,69,60,480
0,57,49,480
480,67,65,480
0,69,78,480
0,57,64,480
0,64,64,480
480,69,85,240
0,50,67,240
240,73,80,240
240,74,81,240
0,66,69,480
0,57,59,480
0,62,59,480
240,76,81,240
240,78,82,240
0,66,70,480
0,50,59,480
0,57,59,480
0,62,59,480
240,79,83,120
120,78,80,60
60,79,78,60
60,78,87,480
0,43,67,240
480,67,71,480
0,76,85,240
0,59,62,480
0,64,62,480
240,74,85,240
240,67,71,480
0,73,83,240
0,52,62,480
0,59,62,480
0,64,62,14
240,71,82,240
240,69,85,240
0,45,67,240
240,73,80,240
240,67,71,480
0,73,85,160
0,57,62,480
0,64,62,480
160,74,80,160
160,73,80,160
160,67,67,480
0,71,80,240
0,57,62,480
0,64,62,7
240,69,80,240
240,74,83,1440
0,38,67,240
480,66,60,480
0,50,41,480
0,57,41,480
0,62,49,480
480,66,54,960
0,50,44,960
0,57,44,960
0,62,44,960
480,69,40,240
240,73,39,240
240,74,39,240
0,66,33,480
0,50,23,480
0,57,23,480
0,62,23,480
240,76,39,240
240,78,40,240
0,66,33,480
0,50,23,480
0,57,23,480
0,62,23,480
240,79,40,120
120,78,39,60
60,79,37,60
60,78,42,480
0,45,27,240
480,67,34,480
0,76,40,240
0,52,24,480
0,57,24,480
0,61,24,480
240,74,40,240
240,67,34,480
0,73,40,240
0,52,24,480
0,57,24,480
0,61,24,480
240,71,40,240
240,69,40,240
0,38,27,240
240,74,39,240
240,66,34,480
0,74,40,160
0,50,24,480
0,57,24,480
0,62,24,480
160,76,39,160
160,74,39,160
160,66,32,480
0,73,39,240
0,50,24,480
0,57,24,480
0,62,24,480
240,71,39,240
240,73,40,1440
0,45,27,240
480,64,24,480
0,69,29,480
0,61,20,480
0,57,20,480
480,67,31,480
0,69,37,480
0,57,26,960
0,64,26,480
480,69,40,240
0,50,27,480
240,73,39,240
240,74,39,240
0,66,33,480
0,57,23,480
0,62,23,480
240,76,39,240
240,78,40,240
0,66,33,480
0,50,23,480
0,57,23,480
0,62,23,480
240,79,40,120
120,78,39,60
60,79,37,60
60,78,42,480
0,43,27,240
480,67,34,480
0,76,40,240
0,59,24,480
0,64,24,480
240,74,40,240
240,67,34,480
0,73,40,240
0,52,24,480
0,59,24,480
0,64,24,14
240,71,40,240
240,69,40,240
0,45,27,240
240,73,39,240
240,67,34,480
0,73,40,160
0,57,24,480
0,64,24,480
160,74,39,160
160,73,39,160
160,67,32,480
0,71,39,240
0,57,24,480
0,64,24,16
240,69,39,240
240,74,40,1440
0,38,27,240
480,66,29,480
0,50,17,480
0,57,17,480
0,62,20,480
480,66,37,480
0,50,26,480
0,57,26,480
0,62,26,480
480,74,43,1440
0,66,47,240
0,50,26,480
0,57,31,480
240,69,45,240
240,69,49,180
0,60,27,480
0,50,23,480
180,71,41,60
60,69,46,240
240,68,46,240
0,50,23,480
0,59,28,480
240,64,45,240
240,74,44,1440
0,64,50,240
0,50,26,480
0,55,32,480
240,67,47,240
240,67,51,180
0,58,28,480
0,50,24,480
180,69,43,60
60,67,48,240
240,66,48,240
0,50,24,480
0,57,29,480
240,62,43,240
240,74,45,1440
0,66,50,240
0,50,27,480
0,57,33,480
240,69,48,240
240,69,52,180
0,60,29,480
0,50,24,480
180,71,44,60
60,69,48,240
240,68,48,240
0,50,24,480
0,59,29,480
240,64,44,240
240,74,46,1440
0,64,53,240
0,50,28,480
0,55,33,480
240,67,50,240
240,67,53,180
0,58,30,480
0,50,25,480
180,69,46,60
60,67,50,240
240,66,51,240
0,50,25,480
0,57,30,480
240,62,44,240
240,69,48,1440
0,62,53,240
0,50,29,480
0,54,35,480
240,66,51,240
240,66,55,180
0,57,31,480
0,50,26,480
180,67,46,60
60,66,51,240
240,64,51,11
0,50,26,480
0,56,31,480
240,59,46,240
240,69,48,1440
0,61,55,240
0,50,29,480
0,52,35,480
240,64,52,240
240,64,55,14
0,55,31,480
0,50,26,480
180,66,47,60
60,64,52,240
240,62,52,240
0,50,26,480
0,54,31,480
240,57,46,240
240,69,48,1440
0,62,53,240
0,50,29,480
0,54,35,480
240,66,51,240
240,66,54,180
0,57,30,480
0,50,25,480
180,67,45,60
60,66,50,240
240,64,49,11
0,50,25,480
0,56,30,480
240,59,45,240
240,69,46,1440
0,61,53,240
0,50,28,480
0,52,33,480
240,64,50,240
240,64,52,13
0,55,29,480
0,50,24,480
180,66,45,60
60,64,49,240
240,62,49,240
0,50,24,480
0,54,29,480
240,57,41,240
240,62,40,1440
0,54,44,0
0,38,24,480
0,45,29,480
240,57,42,240
240,57,45,180
0,48,25,480
0,38,21,480
180,59,38,60
60,57,41,240
240,56,41,240
0,38,21,480
0,47,24,480
240,52,35,240
240,62,39,1440
0,52,44,240
0,38,23,480
0,43,28,480
240,55,41,240
240,55,44,180
0,46,24,480
0,38,20,480
180,57,37,60
60,55,41,240
240,54,40,240
0,38,20,480
0,45,24,480
240,50,34,240
240,62,33,1440
0,54,36,240
0,38,20,480
0,45,23,480
240,57,35,240
240,57,38,180
0,48,20,480
0,38,17,480
180,59,31,60
60,57,34,240
240,56,34,240
0,38,17,480
0,47,20,480
240,52,30,240
240,62,32,1440
0,52,37,240
0,38,19,480
0,43,22,480
240,55,34,240
240,55,37,180
0,46,20,480
0,38,17,480
180,57,31,60
60,55,34,240
240,54,34,240
0,38,17,480
0,45,20,480
240,50,30,240
240,50,39,480
0,57,46,480
0,38,26,480
0,45,31,480
480,62,41,480
0,69,49,480
0,50,28,480
0,57,34,480
480,74,48,240
0,62,28,3360
0,69,34,3360
240,81,49,240
240,86,51,120
240,90,53,120
240,92,55,120
240,93,57,120
240,95,59,120
240,97,62,120