0,61,77,360
0,57,44,80
60,73,53,60
20,49,37,80
40,68,61,60
40,54,39,80
20,71,51,60
60,69,55,60
0,42,34,240
60,66,46,60
60,62,59,120
60,74,48,60
60,61,73,360
0,57,47,80
60,73,50,60
20,49,40,80
40,68,63,60
40,54,44,80
20,71,53,60
60,69,57,60
0,45,37,240
60,68,44,60
60,66,74,120
60,78,53,60
60,66,89,360
0,62,57,80
60,78,53,60
20,56,49,80
40,70,64,60
40,59,52,80
20,73,52,60
60,71,58,60
0,50,45,240
60,68,46,60
60,65,62,120
60,77,50,60
60,69,82,360
0,61,53,80
60,81,45,60
20,53,42,80
40,72,60,60
40,59,50,80
20,74,45,60
60,73,52,60
0,49,39,240
60,71,44,60
60,68,52,120
60,80,48,60
60,61,80,360
0,57,53,80
60,73,56,60
20,49,39,80
40,68,65,60
40,54,48,80
20,71,44,60
60,69,56,60
0,42,36,240
60,66,45,60
60,62,52,120
60,74,48,60
60,61,75,360
0,57,51,80
60,73,53,60
20,49,38,80
40,68,65,60
40,54,46,80
20,71,52,60
60,69,59,60
0,45,36,240
60,68,52,60
60,66,73,120
60,78,52,60
60,66,83,360
0,62,57,80
60,78,60,60
20,56,45,80
40,70,69,60
40,59,51,80
20,73,48,60
60,71,62,60
0,50,41,240
60,68,46,60
60,65,73,120
60,77,55,60
60,69,83,360
0,61,50,80
60,81,55,60
20,53,41,80
40,72,65,60
40,59,44,80
20,74,53,60
60,73,60,60
0,49,37,240
60,71,46,60
60,68,55,120
60,80,52,60
60,73,83,360
0,69,57,80
60,85,55,60
20,63,46,80
40,80,63,60
40,66,55,80
20,83,53,60
60,81,62,60
0,57,49,240
60,78,53,60
60,75,62,120
60,87,57,60
60,73,80,360
0,68,57,80
60,85,51,60
20,63,50,80
40,77,60,60
40,66,57,80
20,80,52,60
60,78,59,60
0,56,46,240
60,74,48,60
60,72,60,120
60,84,55,60
60,71,77,360
0,67,59,80
60,83,46,60
20,61,49,80
40,78,60,60
40,64,57,80
20,81,47,60
60,79,56,60
0,55,44,240
60,76,47,60
60,73,57,120
60,85,55,60
60,71,73,360
0,66,57,80
60,83,45,60
20,61,47,80
40,75,51,60
40,64,53,80
20,78,45,60
60,76,52,60
0,54,46,240
60,73,47,60
60,70,57,120
60,82,50,60
60,69,75,360
0,65,58,80
60,81,51,60
20,60,49,80
40,74,60,60
40,63,55,80
20,77,44,60
60,75,51,60
0,53,45,240
60,72,44,60
60,71,59,120
60,83,48,60
60,69,73,360
0,65,55,80
60,81,45,60
20,59,48,80
40,73,50,60
40,62,52,80
20,76,42,60
60,74,48,60
0,53,46,240
60,71,42,60
60,68,59,120
60,80,47,60
60,66,74,360
0,62,57,80
60,78,42,60
20,56,51,80
40,70,48,60
40,59,53,80
20,73,42,60
60,71,47,60
0,50,48,240
60,68,38,60
60,65,57,120
60,77,45,60
60,62,72,360
0,59,58,80
60,74,37,60
20,49,46,80
40,67,47,60
40,53,51,80
20,69,37,60
60,68,46,60
0,37,42,240
60,65,36,60
60,61,63,120
60,73,42,60
60,61,84,360
0,57,56,80
60,73,54,60
20,49,44,80
40,68,62,60
40,54,50,80
20,71,46,60
60,69,53,60
0,42,38,240
60,66,37,60
60,62,63,120
60,74,40,60
60,61,75,360
0,57,59,80
60,73,46,60
20,49,49,80
40,68,57,60
40,54,53,80
20,71,38,60
60,69,47,60
0,45,45,240
60,68,38,60
60,66,71,120
60,78,46,60
60,66,84,360
0,62,60,80
60,78,55,60
20,56,49,80
40,70,64,60
40,59,55,80
20,73,44,60
60,71,51,60
0,50,44,240
60,68,42,60
60,65,59,120
60,77,48,60
60,69,77,360
0,61,56,80
60,81,49,60
20,53,39,80
40,72,56,60
40,59,48,80
20,74,44,60
60,73,48,60
0,49,37,240
60,71,38,60
60,68,56,120
60,80,45,60
60,61,81,360
0,57,58,80
60,73,52,60
20,49,40,80
40,68,59,60
40,54,50,80
20,71,37,60
60,69,53,60
0,42,40,240
60,66,40,60
60,62,58,120
60,74,45,60
60,61,75,360
0,57,57,80
60,73,42,60
20,49,40,80
40,68,48,60
40,54,48,80
20,71,42,60
60,69,48,60
0,45,39,240
60,68,42,60
60,66,71,120
60,81,48,60
60,69,85,360
0,65,60,80
60,81,50,60
20,59,42,80
40,73,59,60
40,62,49,80
20,76,46,60
60,74,51,60
0,53,41,240
60,71,42,60
60,68,58,120
60,80,48,60
60,73,83,360
0,64,58,15
60,85,46,60
20,56,44,80
40,75,55,60
40,62,50,80
20,78,47,60
60,76,55,60
0,52,42,240
60,74,47,60
60,71,66,120
60,83,51,60
60,76,79,360
0,72,58,80
60,88,56,60
20,66,46,80
40,83,62,60
40,69,50,80
20,86,47,60
60,84,55,60
0,60,42,240
60,81,47,60
60,78,59,120
60,90,51,60
60,76,75,360
0,71,59,80
60,88,51,60
20,66,46,80
40,80,57,60
40,69,50,80
20,83,44,60
60,81,52,60
0,59,41,240
60,78,46,60
60,75,60,120
60,87,50,60
60,74,75,360
0,70,57,80
60,86,44,60
20,65,46,80
40,79,53,60
40,68,51,80
20,82,48,60
60,80,50,60
0,58,44,240
60,77,47,60
60,76,55,120
60,88,47,60
60,74,73,360
0,69,57,80
60,86,42,60
20,64,45,80
40,78,47,60
40,67,51,80
20,81,42,60
60,79,47,60
0,57,40,240
60,76,40,60
60,73,55,120
60,85,45,60
60,72,76,360
0,68,52,80
60,84,44,60
20,63,46,80
40,77,52,60
40,66,51,80
20,80,42,60
60,78,48,60
0,56,42,240
60,75,40,60
60,74,55,120
60,86,40,60
60,72,73,360
0,67,55,80
60,84,42,60
20,62,45,80
40,76,47,60
40,65,49,80
20,79,40,60
60,77,47,60
0,55,40,240
60,74,40,60
60,71,55,120
60,83,40,60
60,71,73,360
0,67,55,80
60,83,37,60
20,61,42,80
40,75,46,60
40,64,49,80
20,78,36,60
60,76,45,60
0,55,42,240
60,73,37,60
60,70,53,120
60,82,42,60
60,70,67,360
0,66,53,80
60,82,37,60
20,61,40,80
40,75,44,60
40,64,47,80
20,78,37,60
60,76,44,60
0,54,40,240
60,73,37,60
60,70,58,120
60,82,42,60
60,70,81,360
0,65,52,80
60,83,54,60
20,58,40,80
40,76,59,60
40,62,49,80
20,79,38,60
60,77,54,60
0,53,39,240
60,74,44,60
60,69,58,120
60,81,44,60
60,69,78,360
0,65,51,80
60,81,46,60
20,59,41,80
40,73,56,60
40,62,48,80
20,76,37,60
60,74,50,60
0,53,41,240
60,71,44,60
60,68,58,120
60,80,44,60
60,68,83,360
0,65,53,80
60,80,38,60
20,55,42,80
40,73,50,60
40,59,49,80
20,75,38,60
60,74,45,60
0,53,41,240
60,71,40,60
60,67,62,120
60,79,46,60
60,67,80,360
0,63,53,80
60,79,42,60
20,55,45,80
40,74,46,60
40,60,50,80
20,76,42,60
60,75,47,60
0,53,41,240
60,74,46,60
60,72,62,120
60,84,46,60
60,72,85,360
0,67,56,80
60,84,53,60
20,60,46,80
40,78,61,60
40,63,50,80
20,80,42,60
60,79,48,60
0,53,40,240
60,75,44,60
60,71,66,120
60,83,48,60
60,71,82,360
0,67,55,80
60,83,51,60
20,61,45,80
40,75,62,60
40,64,51,80
20,78,45,60
60,76,52,60
0,53,39,240
60,73,45,60
60,70,61,120
60,82,50,60
60,70,84,360
0,67,55,80
60,82,46,60
20,57,48,80
40,75,55,60
40,61,52,80
20,77,48,60
60,76,55,60
0,53,40,240
60,73,47,60
60,69,62,120
60,81,51,60
60,69,82,360
0,65,56,80
60,81,47,60
20,57,50,80
40,76,59,60
40,62,52,80
20,79,50,60
60,77,56,60
0,53,47,240
60,76,48,60
60,74,70,120
60,86,52,60
60,74,90,360
0,65,61,80
60,86,58,60
20,57,51,80
40,76,68,60
40,63,57,80
20,79,47,60
60,77,56,60
0,53,48,240
60,75,47,60
60,72,70,120
60,84,55,60
60,72,83,360
0,62,62,80
60,84,55,60
20,53,49,80
40,76,66,60
40,58,57,80
20,79,50,60
60,77,56,60
0,46,47,240
60,74,47,60
60,70,66,120
60,82,55,60
60,70,93,360
0,62,58,80
60,82,50,60
20,54,51,80
40,73,60,60
40,60,58,80
20,75,48,60
60,74,57,60
0,50,49,240
60,72,46,60
60,69,70,120
60,81,55,60
60,69,88,360
0,58,61,80
60,81,50,60
20,50,50,80
40,73,59,60
40,55,56,80
20,75,50,60
60,74,60,60
0,43,45,240
60,71,50,60
60,67,72,120
60,79,57,60
60,67,93,360
0,58,62,80
60,79,51,60
20,50,56,80
40,69,68,60
40,56,63,80
20,72,51,60
60,70,60,60
0,46,53,240
60,68,51,60
60,65,77,120
60,77,59,60
60,64,90,7
0,58,62,80
60,76,50,60
20,50,58,80
40,69,67,60
40,56,63,80
20,72,52,60
60,70,61,60
0,46,56,240
60,68,52,60
60,65,78,120
60,77,60,60
60,65,97,360
0,56,64,80
60,77,55,60
20,46,58,80
40,69,62,60
40,50,64,80
20,71,52,60
60,70,63,60
0,39,58,240
60,68,52,60
60,65,78,120
60,77,61,60
60,66,93,360
0,54,67,80
60,78,56,60
20,46,60,80
40,74,64,60
40,51,63,80
20,77,57,60
60,75,64,60
0,39,57,240
60,70,55,60
60,66,77,120
60,78,62,60
60,66,99,360
0,56,65,80
60,78,62,60
20,44,56,80
40,67,79,60
40,49,64,80
20,70,66,60
60,68,73,60
0,40,56,240
60,66,71,60
60,64,78,120
60,76,64,60
60,64,93,12
0,56,65,80
60,76,59,60
20,44,63,80
40,67,66,60
40,49,66,80
20,70,61,60
60,68,70,60
0,40,60,240
60,64,62,60
60,56,78,120
60,68,64,60
60,59,94,360
0,54,69,80
60,71,61,60
20,47,63,80
40,65,66,60
40,51,66,80
20,68,63,60
60,66,71,60
0,42,57,240
60,63,62,60
60,59,73,120
60,71,66,60
60,58,92,360
0,54,70,80
60,70,62,60
20,47,63,80
40,65,69,60
40,51,69,80
20,68,61,60
60,66,71,60
0,42,63,240
60,63,63,60
60,59,72,120
60,71,69,60
60,60,96,360
0,54,77,80
60,72,66,60
20,46,65,80
40,65,73,60
40,52,72,80
20,68,70,60
60,66,78,60
0,42,64,240
60,64,77,60
60,60,78,120
60,72,70,60
60,61,92,360
0,54,75,80
60,73,64,60
20,46,63,80
40,65,73,60
40,52,72,80
20,68,64,60
60,66,72,60
0,42,64,240
60,64,63,60
60,62,84,120
60,74,71,60
60,62,96,360
0,52,81,80
60,74,69,60
20,42,65,80
40,65,77,60
40,46,72,80
20,68,71,60
60,66,77,60
0,35,65,240
60,64,69,60
60,62,82,120
60,74,72,60
60,63,98,360
0,51,75,80
60,75,69,60
20,42,64,80
40,70,77,60
40,47,70,80
20,73,71,60
60,71,77,60
0,35,61,240
60,66,72,60
60,63,80,120
60,75,73,60
60,63,103,360
0,56,77,80
60,75,66,60
20,47,66,80
40,68,73,60
40,51,73,80
20,73,70,60
60,71,77,60
0,41,67,240
60,68,66,60
60,63,85,120
60,75,70,60
60,62,97,360
0,56,76,80
60,74,66,60
20,47,70,80
40,68,75,60
40,51,77,80
20,73,71,60
60,71,77,60
0,41,72,240
60,68,71,60
60,63,78,120
60,75,72,60
60,65,100,360
0,62,83,80
60,77,72,60
20,53,71,80
40,70,80,60
40,58,77,80
20,75,70,60
60,74,77,60
0,46,71,240
60,70,71,60
60,65,82,120
60,77,75,60
60,66,95,360
0,62,79,80
60,78,69,60
20,53,72,80
40,70,73,60
40,58,76,80
20,75,66,60
60,74,72,60
0,46,71,240
60,70,66,60
60,65,80,120
60,77,71,60
60,63,102,360
0,56,82,80
60,75,71,60
20,47,72,80
40,68,80,60
40,51,76,80
20,73,64,60
60,71,71,60
0,41,72,240
60,68,63,60
60,63,83,120
60,75,70,60
60,62,96,360
0,56,77,80
60,74,64,60
20,47,68,80
40,68,71,60
40,51,73,80
20,73,63,60
60,71,71,60
0,41,65,240
60,68,66,60
60,63,84,120
60,75,71,60
60,65,97,360
0,62,82,80
60,77,69,60
20,53,71,80
40,70,73,60
40,58,77,80
20,75,66,60
60,74,75,60
0,46,70,240
60,70,69,60
60,65,79,120
60,77,72,60
60,70,93,360
0,62,75,80
60,82,57,60
20,53,66,80
40,76,64,60
40,58,72,80
20,78,60,60
60,77,57,60
0,46,66,240
60,74,52,60
60,70,81,120
60,82,45,60
60,63,80,360
0,56,59,80
60,75,38,60
20,47,48,80
40,68,47,60
40,51,55,80
20,73,40,60
60,71,47,60
0,41,42,240
60,68,40,60
60,63,62,120
60,75,44,60
60,62,77,360
0,56,56,80
60,74,40,60
20,47,48,80
40,68,48,60
40,51,53,80
20,73,40,60
60,71,46,60
0,41,41,240
60,68,37,60
60,63,64,120
60,75,44,60
60,65,81,360
0,62,56,80
60,77,38,60
20,53,44,80
40,70,45,60
40,58,52,80
20,75,38,60
60,74,47,60
0,46,42,240
60,70,38,60
60,65,67,120
60,77,44,60
60,66,85,360
0,62,56,80
60,78,38,60
20,53,48,80
40,70,47,60
40,58,53,80
20,75,38,60
60,74,46,60
0,46,45,240
60,70,38,60
60,65,62,120
60,77,44,60
60,63,81,360
0,56,58,80
60,75,40,60
20,47,49,80
40,68,46,60
40,51,52,80
20,73,40,60
60,71,47,60
0,41,45,240
60,68,40,60
60,63,66,120
60,75,46,60
60,62,78,360
0,56,57,80
60,74,40,60
20,47,47,80
40,68,46,60
40,51,53,80
20,73,40,60
60,71,48,60
0,41,47,240
60,68,40,60
60,63,66,120
60,75,47,60
60,65,84,360
0,62,60,80
60,77,44,60
20,53,53,80
40,70,48,60
40,58,58,80
20,75,45,60
60,74,50,60
0,46,50,240
60,70,45,60
60,65,67,120
60,77,48,60
60,65,86,360
0,59,61,80
60,77,44,60
20,49,53,80
40,72,51,60
40,53,62,80
20,74,45,60
60,73,51,60
0,44,55,240
60,71,45,60
60,61,77,120
60,73,46,60
60,61,92,360
0,57,64,80
60,73,47,60
20,49,55,80
40,68,57,60
40,54,59,80
20,71,50,60
60,69,59,60
0,42,57,240
60,66,50,60
60,62,71,120
60,74,55,60
60,61,83,360
0,57,66,80
60,73,47,60
20,49,55,80
40,68,56,60
40,54,61,80
20,71,48,60
60,69,57,60
0,45,56,240
60,68,47,60
60,66,75,120
60,78,56,60
60,66,93,360
0,62,70,80
60,78,48,60
20,56,59,80
40,70,60,60
40,59,64,80
20,73,48,60
60,71,61,60
0,54,59,240
60,68,51,60
60,65,70,120
60,77,59,60
60,69,84,360
0,61,70,80
60,81,51,60
20,53,59,80
40,72,63,60
40,59,66,80
20,74,55,60
60,73,63,60
0,49,58,240
60,71,60,60
60,68,67,120
60,80,60,60
60,61,93,360
0,57,73,80
60,73,52,60
20,49,60,80
40,68,60,60
40,54,68,80
20,71,51,60
60,69,61,60
0,42,58,240
60,66,51,60
60,62,70,120
60,74,60,60
60,61,86,360
0,57,73,80
60,73,55,60
20,49,60,80
40,68,63,60
40,54,64,80
20,71,52,60
60,69,63,60
0,45,58,240
60,68,52,60
60,66,79,120
60,81,62,60
60,69,91,360
0,65,72,80
60,81,56,60
20,59,60,80
40,73,64,60
40,62,66,80
20,76,52,60
60,74,64,60
0,53,58,240
60,71,55,60
60,68,75,120
60,80,62,60
60,73,100,360
0,64,74,12
60,85,56,60
20,56,59,80
40,75,66,60
40,62,66,80
20,78,59,60
60,76,69,60
0,52,60,240
60,74,59,60
60,71,78,120
60,83,69,60
60,71,101,360
0,67,78,80
60,83,61,60
20,61,66,80
40,75,70,60
40,64,73,80
20,78,60,60
60,76,70,60
0,55,62,240
60,73,60,60
60,70,84,120
60,82,71,60
60,74,98,360
0,66,82,80
60,86,62,60
20,58,70,80
40,77,71,60
40,64,77,80
20,79,63,60
60,78,71,60
0,54,68,240
60,76,63,60
60,73,79,120
60,85,72,60
60,73,107,360
0,69,86,80
60,85,63,60
20,63,72,80
40,77,73,60
40,66,79,80
20,80,66,60
60,78,73,60
0,57,73,240
60,75,63,60
60,72,84,120
60,84,73,60
60,77,105,360
0,72,86,80
60,89,64,60
20,66,74,80
40,80,75,60
40,69,79,80
20,83,69,60
60,81,75,60
0,60,74,240
60,80,69,60
60,78,84,120
60,90,77,60
60,80,108,360
0,78,89,80
60,92,70,60
20,69,76,80
40,86,81,60
40,72,84,80
20,89,71,60
60,87,78,60
0,63,76,240
60,84,72,60
60,81,95,120
60,93,77,60
60,80,106,360
0,78,85,80
60,92,71,60
20,69,78,80
40,86,77,60
40,72,87,80
20,89,75,60
60,87,71,60
0,63,78,240
60,84,69,60
60,81,89,120
60,93,77,60
60,80,109,360
0,78,88,80
60,92,70,60
20,69,78,80
40,85,77,60
40,72,87,80
20,88,72,60
60,86,78,60
0,62,77,240
60,84,71,60
60,81,92,120
60,93,77,60
60,80,104,360
0,78,90,80
60,92,75,60
20,69,81,80
40,85,82,60
40,72,87,80
20,88,75,60
60,86,78,60
0,62,77,240
60,84,71,60
60,81,86,120
60,93,77,60
60,81,109,360
0,78,89,80
60,93,70,60
20,69,76,80
40,89,77,60
40,73,83,80
20,92,70,60
60,90,77,60
0,61,75,240
60,85,66,60
60,81,90,120
60,93,70,60
60,80,105,360
0,76,87,80
60,92,69,60
20,68,77,80
40,87,78,60
40,73,83,80
20,90,71,60
60,88,77,60
0,61,74,240
60,85,69,60
60,80,86,120
60,92,72,60
60,76,106,360
0,73,87,80
60,88,64,60
20,64,77,80
40,83,73,60
40,69,84,80
20,86,66,60
60,85,71,60
0,57,76,240
60,81,63,60
60,76,94,120
60,88,71,60
60,73,100,360
0,69,80,80
60,85,64,60
20,61,73,80
40,80,71,60
40,66,79,80
20,83,64,60
60,81,70,60
0,54,74,240
60,78,62,60
60,73,86,120
60,85,63,60
60,68,100,360
0,64,84,7
60,80,59,60
20,56,68,80
40,75,69,60
40,61,78,80
20,78,61,60
60,76,66,60
0,49,67,240
60,73,62,60
60,68,84,120
60,80,62,60
60,66,96,360
0,62,78,80
60,78,57,60
20,54,67,80
40,73,64,60
40,57,74,80
20,76,57,60
60,74,64,60
0,50,68,240
60,69,52,60
60,66,83,120
60,78,61,60
60,64,100,12
0,61,78,80
60,76,55,60
20,52,70,80
40,71,64,60
40,57,79,80
20,74,59,60
60,73,63,60
0,45,67,240
60,69,56,60
60,64,79,120
60,76,60,60
60,62,90,360
0,59,77,80
60,74,52,60
20,50,67,80
40,69,62,60
40,55,77,80
20,73,52,60
60,71,61,60
0,47,69,240
60,67,55,60
60,62,76,120
60,74,60,60
60,61,89,360
0,57,81,80
60,73,60,60
20,45,67,80
40,68,70,60
40,49,75,80
20,71,59,60
60,69,64,60
0,37,66,240
60,66,61,60
60,61,73,120
60,73,60,60
60,61,87,360
0,57,82,80
60,73,51,60
20,45,66,80
40,68,60,60
40,49,76,80
20,71,51,60
60,69,59,60
0,37,68,240
60,66,51,60
60,61,73,120
60,73,57,60
60,61,89,360
0,56,80,80
60,73,52,60
20,45,67,80
40,68,62,60
40,49,73,80
20,71,52,60
60,69,60,60
0,37,68,240
60,66,52,60
60,61,72,120
60,73,56,60
60,61,85,360
0,54,78,80
60,73,51,60
20,45,68,80
40,68,60,60
40,49,77,80
20,71,52,60
60,69,59,60
0,37,70,240
60,66,48,60
60,61,61,120
60,73,55,60
60,61,89,360
0,54,75,80
60,73,48,60
20,44,63,80
40,67,60,60
40,49,64,80
20,69,47,60
60,68,55,60
0,37,57,240
60,66,47,60
60,61,58,120
60,73,51,60
60,61,79,360
0,54,73,80
60,73,50,60
20,44,61,80
40,67,57,60
40,49,66,80
20,69,48,60
60,68,55,60
0,37,58,240
60,66,46,60
60,61,58,120
60,73,50,60
60,61,79,360
0,53,75,80
60,73,45,60
20,44,64,80
40,67,50,60
40,49,69,80
20,69,42,60
60,68,48,60
0,37,56,240
60,65,42,60
60,61,55,120
60,73,46,60
60,61,73,360
0,53,74,80
60,73,38,60
20,44,54,80
40,67,44,60
40,49,60,80
20,69,36,60
60,68,44,60
0,37,49,240
60,65,38,60
60,61,50,120
60,73,38,60
60,61,69,360
0,57,49,80
60,73,35,60
20,49,39,80
40,68,40,60
40,54,45,80
20,71,35,60
60,69,40,60
0,42,38,240
60,66,35,60
60,61,52,120
60,73,38,60
60,61,68,360
0,57,49,80
60,73,34,60
20,49,39,80
40,68,37,60
40,54,44,80
20,71,31,60
60,69,37,60
0,42,37,240
60,66,30,60
60,61,50,120
60,73,37,60
60,61,69,360
0,57,49,80
60,73,31,60
20,49,39,80
40,68,37,60
40,54,45,80
20,71,31,60
60,69,37,60
0,42,38,240
60,66,36,60
60,61,49,120
60,73,38,60
60,61,71,360
0,57,49,80
60,73,34,60
20,49,39,80
40,68,38,60
40,54,49,80
20,71,34,60
60,69,38,60
0,42,45,240
60,66,34,60
60,61,49,120
60,73,38,60
60,62,66,360
0,54,49,80
60,74,34,60
20,42,41,80
40,70,37,60
40,47,49,80
20,73,31,60
60,71,37,60
0,35,39,240
60,66,31,60
60,62,49,120
60,74,38,60
60,62,63,360
0,54,49,80
60,74,34,60
20,42,40,80
40,70,38,60
40,47,45,80
20,73,34,60
60,71,40,60
0,35,39,240
60,66,35,60
60,62,49,120
60,74,42,60
60,62,69,360
0,54,49,80
60,74,37,60
20,42,41,80
40,70,44,60
40,47,49,80
20,73,36,60
60,71,44,60
0,35,39,240
60,66,35,60
60,62,50,120
60,74,44,60
60,66,71,360
0,54,50,80
60,78,46,60
20,42,41,80
40,70,51,60
40,47,46,80
20,73,45,60
60,71,48,60
0,35,40,240
60,66,42,60
60,62,47,120
60,74,36,60
60,61,59,360
0,58,39,80
60,73,28,60
20,49,36,80
40,68,36,60
40,54,37,80
20,71,29,60
60,70,35,60
0,42,35,240
60,66,30,60
60,61,41,120
60,73,35,60
60,61,58,360
0,58,39,80
60,73,27,60
20,49,35,80
40,68,34,60
40,54,36,80
20,71,27,60
60,70,34,60
0,42,34,240
60,66,28,60
60,61,41,120
60,73,34,60
60,61,58,360
0,58,39,80
60,73,28,60
20,49,34,80
40,68,34,60
40,54,37,80
20,71,28,60
60,70,34,60
0,42,31,240
60,66,28,60
60,61,40,120
60,73,31,60
60,61,58,360
0,58,39,80
60,73,28,60
20,49,31,80
40,68,31,60
40,54,38,80
20,71,27,60
60,70,31,60
0,42,33,240
60,66,25,60
60,61,36,120
60,73,31,60
60,63,56,360
0,54,39,80
60,75,22,60
20,42,34,80
40,70,28,60
40,47,36,80
20,73,22,60
60,71,29,60
0,35,33,240
60,66,23,60
60,63,38,120
60,75,29,60
60,63,58,360
0,54,39,80
60,75,23,60
20,42,34,80
40,70,29,60
40,47,37,80
20,73,23,60
60,71,30,60
0,35,33,240
60,66,23,60
60,63,40,120
60,75,30,60
60,63,61,360
0,54,38,80
60,75,27,60
20,42,36,80
40,70,31,60
40,47,38,80
20,73,27,60
60,71,31,60
0,35,34,240
60,66,30,60
60,63,41,120
60,75,34,60
60,66,63,360
0,54,40,80
60,78,37,60
20,42,34,80
40,70,38,60
40,47,39,80
20,73,36,60
60,71,36,60
0,35,36,240
60,66,34,60
60,63,37,120
60,75,27,60
60,61,57,360
0,58,39,80
60,73,20,60
20,49,34,80
40,68,27,60
40,54,38,80
20,71,22,60
60,70,27,60
0,42,34,240
60,66,23,60
60,61,37,120
60,73,27,60
60,61,56,360
0,58,39,80
60,73,23,60
20,49,31,80
40,68,28,60
40,54,37,80
20,71,23,60
60,70,28,60
0,42,31,240
60,66,22,60
60,61,37,120
60,73,29,60
60,61,57,360
0,58,39,80
60,73,25,60
20,49,34,80
40,68,29,60
40,54,39,80
20,71,23,60
60,70,29,60
0,42,35,240
60,66,23,60
60,61,41,120
60,73,29,60
60,61,61,360
0,58,39,80
60,73,23,60
20,49,34,80
40,68,30,60
40,54,38,80
20,71,23,60
60,70,30,60
0,42,34,240
60,66,23,60
60,61,38,120
60,73,29,60
60,61,58,360
0,57,39,80
60,73,23,60
20,49,33,80
40,68,29,60
40,54,37,80
20,71,23,60
60,69,29,60
0,42,35,240
60,66,25,60
60,61,38,120
60,73,29,60
60,61,55,360
0,57,39,80
60,73,22,60
20,49,35,80
40,68,29,60
40,54,39,80
20,71,23,60
60,69,28,60
0,42,36,240
60,66,23,60
60,61,34,120
60,73,28,60
60,61,49,360
0,57,37,80
60,73,22,60
20,49,34,80
40,68,28,60
40,54,37,80
20,71,23,60
60,69,27,60
0,42,33,240
60,66,22,60
60,61,34,120
60,73,27,60
60,61,44,360
0,57,35,80
60,73,22,60
20,49,30,80
40,68,27,60
40,54,34,80
20,71,22,60
60,69,27,60
0,42,31,240
60,66,23,60
60,61,36,120
60,73,27,60
60,73,46,960
0,64,39,8
0,61,39,960
0,45,31,960
0,52,31,960
0,57,37,960
960,62,36,480
0,67,36,480
0,71,43,480
0,47,27,480
0,55,32,480
480,59,33,480
0,61,33,480
0,65,39,480
0,49,23,480
0,56,28,480
480,65,29,120
120,42,31,1800
120,49,31,1680
120,57,31,1560
120,61,25,1440