0,77,49,360
0,49,35,240
240,56,24,240
120,73,44,120
120,68,47,960
0,65,22,960
0,61,17,960
240,56,21,228
240,56,23,228
240,56,19,228
240,70,50,480
0,65,27,240
0,61,21,240
240,56,24,240
240,72,49,1440
0,66,35,1440
0,63,35,1440
240,56,26,228
240,56,28,228
240,56,32,228
240,58,35,240
240,56,32,240
240,73,51,480
0,65,35,240
0,61,35,240
240,56,31,240
240,66,45,360
0,75,54,360
0,60,45,1440
240,56,32,480
120,68,47,120
0,77,56,120
120,78,57,960
0,70,49,960
240,56,35,228
240,56,32,228
240,56,32,480
240,61,44,240
0,68,44,240
0,77,53,480
240,56,29,240
240,68,44,240
0,77,53,720
0,60,42,960
240,56,26,240
240,66,34,240
240,75,49,240
0,56,27,240
240,73,46,420
0,65,31,240
0,61,26,240
240,56,27,240
180,75,45,60
60,75,51,68
0,66,32,240
0,60,27,240
68,77,46,68
68,75,46,68
68,74,51,68
36,56,31,240
32,75,46,68
68,77,46,68
68,78,46,72
72,77,49,360
0,49,35,240
240,56,30,240
120,73,44,120
120,68,46,960
0,65,22,1440
0,61,18,1440
240,56,21,228
240,56,24,228
240,56,21,228
240,70,50,480
0,56,32,228
240,56,28,228
240,72,49,1440
0,66,35,1440
0,63,35,1440
240,56,31,228
240,56,29,228
240,56,32,228
240,58,35,240
240,56,32,240
240,73,51,480
0,65,35,240
0,61,35,240
240,56,31,240
240,66,45,360
0,75,54,360
0,60,45,1440
240,56,32,480
120,68,47,120
0,77,56,120
120,78,57,960
0,70,49,960
240,56,35,228
240,56,32,228
240,56,32,480
240,61,40,240
0,68,44,240
0,77,53,480
240,56,29,240
240,68,44,240
0,77,53,720
0,60,44,960
240,56,31,240
240,66,34,240
240,75,49,240
0,56,31,240
240,73,46,480
0,65,35,240
0,61,29,240
240,56,24,240
240,72,51,240
0,65,33,240
0,61,27,240
240,73,49,240
0,56,30,240
240,75,54,480
0,44,39,240
240,56,32,240
240,75,54,960
0,63,30,240
0,60,30,240
240,56,25,240
240,59,30,240
0,63,30,240
240,56,32,240
240,77,54,480
0,49,31,240
0,59,36,240
0,65,36,240
240,61,33,240
240,78,57,240
0,54,33,240
0,58,39,240
240,77,53,240
0,61,33,240
240,75,53,240
0,58,26,240
0,66,31,240
240,73,53,240
0,61,25,240
240,77,55,960
0,49,36,240
240,56,32,240
240,65,34,240
0,61,27,240
240,56,27,240
240,75,57,240
0,51,39,240
240,71,51,240
0,56,30,240
240,70,54,240
0,63,31,240
0,59,31,240
240,68,54,240
0,56,31,240
240,70,59,420
0,51,39,240
240,55,34,240
120,71,51,40
40,70,51,20
40,68,51,40
40,70,54,360
0,63,34,240
0,61,27,240
240,55,29,240
120,71,47,120
120,68,51,480
0,44,39,240
240,56,30,240
240,75,62,480
0,63,37,240
0,59,32,240
240,56,31,240
240,73,65,480
0,61,36,240
0,58,30,240
240,56,29,240
240,76,59,480
0,64,36,11
0,61,30,240
240,56,34,240
240,75,63,480
0,44,43,240
240,56,37,240
240,75,56,960
0,63,37,960
0,59,32,960
240,56,39,228
240,56,43,228
240,56,40,228
240,77,57,480
0,65,46,240
0,59,39,240
240,56,44,240
240,78,63,240
0,51,50,240
240,77,54,240
0,54,36,240
240,75,54,240
0,66,43,240
0,58,36,240
240,73,54,240
0,54,32,240
240,77,51,1200
0,46,47,240
240,53,36,240
240,65,36,240
0,61,30,240
0,58,30,240
240,53,31,240
240,41,43,240
240,73,54,240
0,53,35,240
240,72,54,240
0,65,36,240
0,61,30,240
0,58,30,240
240,70,54,240
0,53,29,240
240,72,59,420
0,41,43,240
240,53,33,240
120,73,52,40
40,72,52,20
40,70,53,40
40,72,55,240
0,65,37,240
0,63,29,240
0,57,27,240
240,73,51,240
0,53,30,240
240,70,51,480
0,46,43,240
240,53,37,240
240,77,59,480
0,65,44,240
0,61,36,240
240,53,39,240
240,75,59,480
0,63,43,240
0,60,36,240
240,53,37,240
240,78,63,480
0,66,43,240
0,63,36,240
240,53,36,240
240,77,57,240
0,65,43,240
0,61,36,240
240,73,53,240
0,53,34,240
240,72,53,240
0,65,36,240
0,61,25,240
0,58,25,240
240,70,53,240
0,53,31,240
240,72,59,420
0,63,43,240
0,57,36,240
240,53,37,240
120,73,55,40
40,72,55,20
40,70,55,40
40,72,55,360
0,63,30,240
0,65,37,240
240,53,39,240
120,73,51,120
120,70,51,480
0,46,43,240
240,53,37,240
240,75,62,480
0,63,45,240
0,60,37,240
240,53,39,240
240,77,65,480
0,65,50,240
0,61,41,240
240,53,43,240
240,75,62,480
0,63,51,240
0,60,43,240
240,53,43,240
240,77,66,1440
0,65,53,960
0,61,44,960
240,53,39,240
240,53,39,240
240,53,39,240
240,65,43,240
0,61,35,240
240,54,36,480
240,75,51,480
0,63,37,240
0,60,32,240
240,56,27,240
240,77,49,360
0,49,35,240
240,56,30,240
120,73,45,120
120,68,49,960
0,65,27,960
0,61,17,960
240,56,23,240
240,56,23,240
240,56,19,240
240,70,49,480
0,65,30,240
0,61,19,240
240,56,28,240
240,72,49,1440
0,66,35,1440
0,63,35,1440
240,56,26,240
240,56,28,240
240,56,32,240
240,58,35,240
240,56,32,240
240,73,51,480
0,65,35,240
0,61,35,240
240,56,29,240
240,60,45,1440
0,66,45,360
0,75,54,360
240,56,32,480
120,77,56,120
0,68,47,120
120,70,49,960
0,78,57,960
240,56,35,228
240,56,32,228
240,56,32,480
240,61,44,240
0,77,53,480
0,68,44,240
240,56,29,240
240,60,44,240
0,68,44,240
0,77,53,720
240,56,31,240
240,66,34,240
0,60,40,240
240,75,49,240
0,56,27,240
240,73,46,480
0,65,35,240
0,61,29,240
240,56,27,240
240,74,51,68
0,66,32,240
0,60,27,240
68,75,50,68
68,76,52,68
68,77,56,68
36,56,31,240
32,80,54,68
68,79,53,68
68,78,52,72
72,77,49,360
0,49,35,240
240,56,30,240
120,73,44,120
120,68,46,960
0,65,26,1440
0,61,18,1440
240,56,23,228
240,56,24,228
240,56,21,228
240,70,48,480
0,56,30,228
240,56,28,228
240,72,49,1440
0,66,35,1440
0,63,35,1440
240,56,31,228
240,56,29,228
240,56,32,228
240,58,35,240
240,56,32,240
240,73,51,480
0,65,35,240
0,61,35,240
240,56,31,240
240,60,45,1440
0,66,45,360
0,75,54,360
240,56,32,480
120,77,56,120
0,68,47,120
120,70,49,960
0,78,57,960
240,56,35,240
240,56,32,240
240,56,32,480
240,63,39,240
0,72,46,480
240,56,29,240
240,75,46,960
0,66,39,960
240,56,26,228
240,56,29,228
240,56,27,228
240,56,30,228
240,56,27,228
240,56,30,228
240,56,26,228
240,56,31,228
0,37,26,480
0,44,31,480
240,56,30,228
240,56,31,228
0,39,24,480
0,44,29,480
240,56,32,228
240,56,35,228
0,40,29,480
0,49,35,480
240,56,33,228
240,56,31,228
0,39,27,480
0,48,33,480
240,56,31,228
240,56,39,228
0,39,33,480
0,44,39,480
240,56,36,228
240,56,37,228
0,40,29,480
0,44,35,480
240,56,37,228
240,56,45,228
0,42,35,480
0,51,41,480
240,56,38,228
240,56,35,228
0,40,31,480
0,49,38,480
240,56,36,228
240,56,49,228
0,40,38,480
0,49,46,480
240,56,42,228
240,56,42,228
0,44,38,480
0,51,46,480
240,56,42,228
240,56,49,228
0,49,41,480
0,52,49,480
240,56,40,228
240,56,39,228
0,44,38,480
0,51,46,480
240,56,39,228
240,56,49,228
0,44,39,2400
0,51,47,2400
240,56,40,228
240,56,42,228
240,56,41,228
240,56,42,228
240,56,41,228
240,56,40,228
240,56,40,228
240,56,44,228
240,56,39,228
240,56,39,228
0,49,33,480
0,52,39,480
240,56,37,228
240,56,41,228
0,44,35,480
0,51,41,480
240,56,37,228
240,56,35,228
0,40,30,480
0,49,37,480
240,56,35,228
240,56,40,228
0,44,35,480
0,51,41,480
240,56,35,228
240,56,35,228
0,40,30,480
0,49,37,480
240,56,31,228
240,56,38,228
0,39,31,480
0,48,38,480
240,56,35,228
240,56,35,228
0,40,29,480
0,49,35,480
240,56,33,228
240,56,38,228
0,39,33,480
0,48,39,480
240,56,40,228
240,56,41,228
0,40,30,480
0,49,37,480
240,56,44,228
240,56,46,228
0,39,34,480
0,51,40,480
240,56,48,228
240,56,49,228
0,37,37,480
0,52,45,480
240,56,51,228
240,56,53,228
0,44,40,1920
0,51,48,1920
240,68,53,228
0,56,45,228
240,68,55,228
0,56,46,228
240,68,56,228
0,56,47,228
240,68,57,228
0,56,48,228
240,68,59,228
0,56,49,228
240,68,60,228
0,56,50,228
240,68,61,228
0,56,51,228
240,68,61,228
0,56,51,228
0,37,52,480
0,44,62,480
240,68,59,228
0,56,49,228
240,68,59,228
0,56,49,228
0,39,51,480
0,44,61,480
240,68,59,228
0,56,49,228
240,61,67,480
0,68,61,228
0,56,52,228
0,40,56,480
0,49,67,480
240,68,60,228
0,56,50,228
240,60,59,480
0,68,58,228
0,56,48,228
0,39,52,480
0,48,62,480
240,68,58,228
0,56,48,228
240,68,64,228
0,56,55,228
0,39,57,480
0,44,67,480
240,68,61,228
0,56,51,228
240,68,61,228
0,56,51,228
0,40,56,480
0,44,66,480
240,68,61,228
0,56,51,228
240,63,71,480
0,68,66,228
0,56,56,228
0,42,60,480
0,51,71,480
240,68,61,228
0,56,51,228
240,61,68,960
0,68,61,228
0,56,51,228
0,40,57,480
0,49,68,480
240,68,61,228
0,56,51,228
240,68,74,228
0,56,62,228
0,40,59,480
0,49,70,480
240,68,68,228
0,56,57,228
240,63,73,480
0,68,68,228
0,56,57,228
0,44,61,480
0,51,73,480
240,68,68,228
0,56,57,228
240,64,78,14
0,68,69,228
0,56,58,228
0,49,66,480
0,52,78,480
240,68,68,228
0,56,57,228
240,63,73,480
0,68,68,228
0,56,57,228
0,44,61,360
0,51,73,360
240,68,68,228
0,56,57,228
120,32,82,120
120,63,74,1920
0,68,79,228
0,56,67,228
0,44,62,1920
0,51,74,1920
240,68,74,228
0,56,62,228
240,68,77,228
0,56,63,228
240,68,78,228
0,56,64,228
240,68,79,228
0,56,66,228
240,68,78,228
0,56,66,228
240,68,79,228
0,56,67,228
240,68,80,228
0,56,68,228
240,64,88,9
0,68,92,960
0,59,74,228
0,71,88,228
0,28,74,960
0,40,88,960
240,59,70,228
0,71,83,228
240,59,70,228
0,71,83,228
240,59,66,228
0,71,79,228
240,63,88,960
0,68,92,960
0,59,74,228
0,71,88,228
0,35,70,960
0,47,83,960
240,59,70,228
0,71,83,228
240,59,70,228
0,71,83,228
240,59,66,228
0,71,79,228
240,64,88,9
0,68,92,960
0,59,74,228
0,71,88,228
0,28,74,960
0,40,88,960
240,59,70,228
0,71,83,228
240,59,70,228
0,71,83,228
240,59,66,228
0,71,79,228
240,63,88,960
0,68,92,960
0,59,74,228
0,71,88,228
0,35,72,720
0,47,85,720
240,59,70,228
0,71,83,228
240,59,70,228
0,71,83,228
240,59,70,228
0,71,83,228
0,34,74,240
0,46,88,240
240,63,88,960
0,68,92,960
0,59,74,228
0,71,88,228
0,32,74,960
0,44,88,960
240,59,70,228
0,71,83,228
240,59,70,228
0,71,83,228
240,59,66,228
0,71,79,228
240,63,88,960
0,67,92,960
0,59,74,228
0,71,88,228
0,39,71,960
0,51,84,960
240,59,70,228
0,71,83,228
240,59,70,228
0,71,83,228
240,59,66,228
0,71,79,228
240,63,74,240
0,68,74,240
0,59,62,240
0,71,88,240
0,32,67,960
0,44,79,960
240,56,63,228
240,56,57,228
240,56,49,228
240,56,46,228
240,56,42,228
240,56,39,228
240,56,36,228
240,56,35,228
0,37,29,480
0,44,35,480
240,56,33,228
240,56,33,228
0,39,26,480
0,44,31,480
240,56,33,228
240,56,35,228
0,40,29,480
0,49,35,480
240,56,33,228
240,56,31,228
0,39,27,480
0,48,33,480
240,56,31,228
240,56,39,228
0,39,33,480
0,44,39,480
240,56,36,228
240,56,37,228
0,40,29,480
0,44,35,480
240,56,37,228
240,56,45,228
0,42,35,480
0,51,41,480
240,56,38,228
240,56,35,228
0,40,31,480
0,49,38,480
240,56,36,228
240,56,49,228
0,40,38,480
0,49,46,480
240,56,42,228
240,56,42,228
0,44,38,480
0,51,46,480
240,56,42,228
240,56,49,228
0,49,41,480
0,52,49,480
240,56,40,228
240,56,39,228
0,44,38,480
0,51,46,480
240,56,39,228
240,56,49,228
0,44,39,2400
0,51,47,2400
240,56,40,228
240,56,42,228
240,56,41,228
240,56,42,228
240,56,41,228
240,56,40,228
240,56,40,228
240,56,44,228
240,56,39,228
240,56,39,228
0,49,33,480
0,52,39,480
240,56,37,228
240,56,41,228
0,44,35,480
0,51,41,480
240,56,37,228
240,56,35,228
0,40,30,480
0,49,37,480
240,56,35,228
240,56,40,228
0,44,35,480
0,51,41,480
240,56,35,228
240,56,35,228
0,40,30,480
0,49,37,480
240,56,31,228
240,56,38,228
0,39,31,480
0,48,38,480
240,56,35,228
240,56,35,228
0,40,29,480
0,49,35,480
240,56,33,228
240,56,38,228
0,39,33,480
0,48,39,480
240,56,40,228
240,56,41,228
0,40,30,480
0,49,37,480
240,56,44,228
240,56,46,228
0,39,34,480
0,51,40,480
240,56,48,228
240,56,49,228
0,37,37,480
0,52,45,480
240,56,51,228
240,56,53,228
0,44,40,1920
0,51,48,1920
240,68,53,228
0,56,45,228
240,68,55,228
0,56,46,228
240,68,56,228
0,56,47,228
240,68,57,228
0,56,48,228
240,68,59,228
0,56,49,228
240,68,60,228
0,56,50,228
240,68,61,228
0,56,51,228
240,68,61,228
0,56,51,228
0,37,52,480
0,44,62,480
240,68,59,228
0,56,49,228
240,68,59,228
0,56,49,228
0,39,51,480
0,44,61,480
240,68,59,228
0,56,49,228
240,61,67,480
0,68,61,228
0,56,52,228
0,40,56,480
0,49,67,480
240,68,60,228
0,56,50,228
240,60,59,480
0,68,58,228
0,56,48,228
0,39,52,480
0,48,62,480
240,68,58,228
0,56,48,228
240,68,64,228
0,56,55,228
0,39,57,480
0,44,67,480
240,68,61,228
0,56,51,228
240,68,61,228
0,56,51,228
0,40,56,480
0,44,66,480
240,68,61,228
0,56,51,228
240,63,71,480
0,68,66,228
0,56,56,228
0,42,60,480
0,51,71,480
240,68,61,228
0,56,51,228
240,61,68,960
0,68,61,228
0,56,51,228
0,40,57,480
0,49,68,480
240,68,61,228
0,56,51,228
240,68,74,228
0,56,62,228
0,40,59,480
0,49,70,480
240,68,68,228
0,56,57,228
240,63,73,480
0,68,68,228
0,56,57,228
0,44,61,480
0,51,73,480
240,68,68,228
0,56,57,228
240,64,78,15
0,68,69,228
0,56,58,228
0,49,66,480
0,52,78,480
240,68,68,228
0,56,57,228
240,63,73,480
0,68,68,228
0,56,57,228
0,44,61,360
0,51,73,360
240,68,68,228
0,56,57,228
120,32,82,120
120,63,74,1920
0,68,79,228
0,56,67,228
0,44,62,1920
0,51,74,1920
240,68,74,228
0,56,62,228
240,68,77,228
0,56,63,228
240,68,78,228
0,56,64,228
240,68,79,228
0,56,66,228
240,68,78,228
0,56,66,228
240,68,79,228
0,56,67,228
240,68,80,228
0,56,68,228
240,64,88,11
0,68,92,960
0,59,74,228
0,71,88,228
0,28,74,960
0,40,88,960
240,59,70,228
0,71,83,228
240,59,70,228
0,71,83,228
240,59,66,228
0,71,79,228
240,63,88,960
0,68,92,960
0,59,74,228
0,71,88,228
0,35,70,960
0,47,83,960
240,59,70,228
0,71,83,228
240,59,70,228
0,71,83,228
240,59,66,228
0,71,79,228
240,64,88,8
0,68,92,960
0,59,74,228
0,71,88,228
0,28,74,960
0,40,88,960
240,59,70,228
0,71,83,228
240,59,70,228
0,71,83,228
240,59,66,228
0,71,79,228
240,63,88,960
0,68,92,960
0,59,74,228
0,71,88,228
0,35,72,720
0,47,85,720
240,59,70,228
0,71,83,228
240,59,70,228
0,71,83,228
240,59,70,228
0,71,83,228
0,34,74,240
0,46,88,240
240,63,88,960
0,68,92,960
0,59,74,228
0,71,88,228
0,32,74,960
0,44,88,960
240,59,70,228
0,71,83,228
240,59,70,228
0,71,83,228
240,59,66,228
0,71,79,228
240,63,88,960
0,67,92,960
0,59,74,228
0,71,88,228
0,39,71,960
0,51,84,960
240,59,70,228
0,71,83,228
240,59,70,228
0,71,83,228
240,59,66,228
0,71,79,228
240,63,74,240
0,68,74,240
0,59,62,240
0,71,88,240
0,32,67,960
0,44,79,960
240,68,63,228
240,68,57,228
240,68,55,228
240,68,52,228
240,68,50,228
240,68,48,228
240,68,48,228
240,68,44,228
0,60,47,960
0,72,56,960
0,44,37,960
0,42,37,960
0,54,44,960
240,68,44,228
240,68,44,228
240,68,44,228
240,68,46,228
0,61,50,960
0,73,59,960
0,40,33,480
0,52,39,480
0,44,33,960
240,68,46,228
240,68,46,228
0,37,31,480
0,49,38,480
240,68,46,228
240,68,46,228
0,63,51,1440
0,73,61,1440
0,75,61,1440
0,32,37,1440
0,44,44,1440
240,68,46,228
240,68,46,228
240,68,46,228
240,68,46,228
240,68,47,228
240,68,47,228
0,63,51,480
0,72,60,480
0,75,60,480
0,44,37,480
0,56,44,480
240,68,48,228
240,68,48,228
0,64,53,10
0,75,63,480
0,76,63,480
0,49,41,960
0,56,49,960
240,68,48,228
240,68,48,228
0,64,49,13
0,73,59,480
0,76,59,480
240,68,48,228
240,68,46,228
0,63,51,480
0,73,61,480
0,75,61,480
0,44,37,960
0,56,44,960
240,68,46,228
240,68,46,228
0,63,46,480
0,72,55,480
0,75,55,480
240,68,46,228
240,68,46,228
0,61,51,1920
0,73,59,1920
0,45,45,960
0,57,53,960
240,68,46,228
240,66,45,228
240,66,41,228
240,68,45,228
0,44,42,480
0,56,51,480
240,68,41,228
240,69,44,228
0,42,37,480
0,54,44,480
240,69,40,228
240,56,39,228
0,60,47,960
0,63,56,960
0,68,47,960
0,44,49,960
240,56,39,228
240,56,39,228
240,56,39,228
240,56,38,228
0,61,46,480
0,64,55,14
0,68,46,480
0,37,37,960
0,44,44,960
240,56,38,228
240,56,38,228
0,58,46,480
0,61,55,480
0,68,46,480
240,56,38,228
240,56,39,228
0,60,47,480
0,63,56,480
0,68,47,480
0,32,36,480
0,44,42,480
240,56,39,228
240,56,38,228
0,61,46,480
0,64,55,15
0,68,46,480
0,37,41,1440
0,44,49,1440
240,56,38,228
240,56,38,228
0,58,46,480
0,61,55,480
0,68,46,480
240,56,38,228
240,56,38,228
0,61,46,480
0,64,55,15
0,68,46,480
240,56,38,228
240,56,42,228
0,61,50,480
0,64,60,10
0,68,50,480
0,37,37,480
0,44,45,480
240,56,42,228
240,56,39,228
0,60,47,480
0,63,56,480
0,68,47,480
0,32,33,960
0,44,39,960
240,56,39,228
240,56,41,228
0,63,49,480
0,66,58,480
0,68,49,480
240,56,41,228
240,56,39,228
0,61,47,480
0,64,56,15
0,68,47,480
0,37,35,480
0,44,41,480
240,56,39,228
240,56,39,228
0,60,47,1920
0,63,56,1920
0,68,47,1920
0,32,35,1920
0,44,41,1920
240,56,39,228
240,56,39,228
240,56,39,228
240,56,39,228
240,56,39,228
240,56,39,228
240,56,39,228
240,63,51,960
0,68,48,228
0,60,51,960
0,72,61,960
0,44,40,228
0,42,40,960
0,54,48,960
240,68,53,228
0,44,40,228
240,68,57,228
0,44,40,228
240,68,57,228
0,44,40,228
240,68,53,228
0,61,58,960
0,73,69,960
0,40,41,480
0,52,50,480
0,44,41,960
240,68,58,228
240,68,59,228
0,37,41,480
0,49,50,480
240,68,61,228
240,68,57,228
0,63,63,1440
0,73,77,1440
0,75,77,1440
0,32,50,1920
0,44,60,1920
240,68,66,228
240,68,68,228
240,68,69,228
240,68,71,228
240,68,73,228
240,68,63,228
0,63,69,480
0,72,81,480
0,75,81,480
240,68,73,228
240,68,67,228
0,64,74,12
0,75,89,480
0,76,89,480
0,37,58,960
0,44,69,960
240,68,67,228
240,68,67,228
0,64,69,14
0,73,82,480
0,76,82,480
240,68,67,228
240,68,63,228
0,63,71,480
0,73,85,480
0,75,85,480
0,44,51,960
0,56,61,960
240,68,63,228
240,68,63,228
0,63,63,480
0,72,77,480
0,75,77,480
240,68,63,228
240,71,67,960
0,68,67,960
0,61,59,228
0,73,77,960
0,41,58,960
0,53,69,960
240,61,59,228
240,61,58,228
240,61,58,228
240,68,62,480
0,69,62,480
0,73,72,480
0,61,55,228
0,42,51,960
0,54,62,960
240,61,53,228
240,66,62,480
0,69,62,480
0,73,72,480
0,61,53,228
240,61,53,228
240,56,47,228
0,63,56,960
0,66,56,960
0,68,67,960
0,36,52,960
0,48,59,960
240,56,47,228
240,56,47,228
240,56,48,228
240,56,47,228
0,61,48,480
0,66,57,480
0,68,68,480
0,37,44,960
0,49,52,960
240,56,48,228
240,56,48,228
0,61,49,480
0,64,58,12
0,70,69,480
240,56,48,228
240,56,50,228
0,61,51,960
0,64,60,12
0,70,69,960
0,32,42,1440
0,44,55,1440
240,56,50,228
240,56,48,228
240,56,48,228
240,56,47,228
0,60,50,480
0,63,57,480
0,68,68,480
240,56,47,228
240,56,47,228
0,61,47,480
0,64,56,15
0,70,67,480
0,37,46,480
0,44,60,480
240,56,46,228
240,56,47,228
0,61,47,960
0,64,56,11
0,70,67,960
0,32,42,1440
0,44,50,1440
240,56,46,228
240,56,44,228
240,56,42,228
240,56,41,228
0,60,44,480
0,63,50,480
0,68,60,480
240,56,40,228
240,56,39,228
0,61,48,480
0,64,48,15
0,70,57,480
0,37,42,480
0,44,51,480
240,56,39,228
240,56,38,228
0,61,46,480
0,64,46,12
0,70,55,480
0,32,41,1440
0,44,49,480
240,56,38,228
240,56,34,228
0,60,40,480
0,63,40,480
0,68,49,480
0,44,44,480
240,56,34,228
240,56,37,228
240,56,37,228
0,53,33,240
240,56,40,228
0,54,37,240
240,56,37,228
0,51,34,240
240,77,53,360
0,49,35,240
240,56,30,240
120,73,45,120
120,68,51,960
0,65,26,1440
0,61,17,1440
240,56,19,228
240,56,23,228
240,56,19,228
240,70,50,480
0,56,27,228
240,56,28,228
240,72,51,1440
0,66,35,1440
0,63,35,1440
240,56,26,228
240,56,28,228
240,56,32,228
240,58,35,240
240,56,32,240
240,73,51,480
0,65,35,240
0,61,35,240
240,56,31,240
240,60,45,1440
0,66,45,360
0,75,54,360
240,56,32,480
120,68,47,120
0,77,56,120
120,70,49,960
0,78,57,960
240,56,35,228
240,56,32,228
240,56,32,480
240,61,44,240
0,68,44,240
0,77,53,480
240,56,29,240
240,60,44,960
0,68,44,240
0,77,53,720
240,56,31,240
240,66,34,240
240,75,49,240
0,56,31,240
240,73,46,360
0,65,35,240
0,61,29,240
240,56,31,240
120,74,45,120
120,75,51,48
0,66,32,240
0,60,27,240
48,77,45,48
48,75,46,48
48,74,44,48
48,75,45,48
48,76,46,48
0,56,31,240
48,77,51,48
48,80,55,48
48,79,53,48
48,78,51,48
48,77,49,360
0,49,35,240
240,56,30,240
120,73,44,120
120,68,46,960
0,65,26,1440
0,61,18,1440
240,56,20,228
240,56,24,228
240,56,21,228
240,70,51,480
0,56,30,228
240,56,28,228
240,72,49,1440
0,66,35,240
0,63,35,240
240,56,31,228
240,56,29,228
240,56,33,228
240,58,38,240
240,56,35,240
240,82,63,960
960,80,55,480
480,78,54,480
480,72,47,480
480,77,53,480
480,75,50,480
480,73,46,480
480,70,44,480
480,58,37,960
0,63,37,1920
0,66,37,1920
0,44,36,1920
240,56,29,228
240,56,29,228
240,56,29,228
240,60,37,960
0,56,29,228
240,56,29,228
240,56,29,228
240,56,29,228
240,61,37,1200
0,65,37,1920
0,56,36,228
0,49,36,1920
240,56,29,228
240,56,29,228
240,56,29,228
240,56,29,228
240,61,41,240
0,56,29,228
240,63,44,360
0,56,29,228
240,56,29,228
120,61,41,120
120,61,45,480
0,63,34,1920
0,66,39,1920
0,56,36,228
0,44,36,1920
240,56,29,228
240,60,44,480
0,56,29,228
240,56,29,228
240,70,46,480
0,56,27,228
240,56,27,228
240,60,40,480
0,56,26,228
240,56,26,228
240,60,31,1920
0,63,31,1920
0,66,37,1920
0,56,26,228
0,44,29,1920
240,56,26,228
240,56,26,228
240,56,26,228
240,56,26,228
240,56,26,228
240,56,26,228
240,56,26,228
240,61,27,1920
0,65,34,1920
0,56,26,228
0,49,30,960
240,56,26,228
240,56,26,228
240,56,26,228
240,56,26,228
0,44,26,960
240,56,26,228
240,56,26,228
240,56,26,226
240,56,23,1920
0,61,23,1920
0,65,27,1920