960,78,55,720
480,47,50,480
240,83,50,240
240,79,50,60
0,64,40,480
0,59,34,480
0,55,34,480
60,81,50,60
60,79,57,360
360,78,53,240
0,64,39,480
0,59,33,480
0,55,33,480
240,76,50,240
240,78,55,240
0,47,50,480
240,71,50,1200
240,62,31,480
0,59,26,480
0,54,26,480
480,62,31,480
0,59,26,480
0,54,26,480
480,73,58,240
0,47,50,480
240,76,50,240
240,74,50,60
0,64,40,480
0,58,34,480
0,54,34,480
60,76,50,60
60,74,57,360
360,73,53,480
0,64,39,12
0,58,33,480
0,54,33,480
480,74,55,240
0,47,50,480
240,71,50,1200
240,62,31,480
0,59,26,480
0,54,26,480
480,62,31,480
0,59,26,480
0,54,26,480
480,73,58,240
0,37,50,480
240,71,50,240
240,69,46,60
0,59,40,480
0,53,34,480
0,49,34,480
60,71,47,60
60,69,55,360
360,68,53,480
0,59,39,480
0,53,33,480
0,49,33,480
480,69,55,240
0,42,50,480
240,73,50,480
240,57,37,480
0,49,31,480
480,61,68,720
720,59,60,240
240,57,57,60
60,59,57,60
60,57,68,360
360,56,67,480
480,57,71,480
480,61,67,960
960,59,71,480
0,49,47,1440
0,56,58,480
480,57,68,480
0,54,55,480
480,61,68,480
0,57,55,480
480,59,63,60
0,49,47,1440
0,56,57,240
60,61,63,60
60,59,73,120
120,57,66,237
0,54,51,240
240,61,72,480
0,57,56,480
480,61,68,480
0,57,54,480
480,59,61,60
0,49,47,1440
0,56,57,480
60,61,61,60
60,59,72,360
360,58,72,480
0,54,56,480
480,61,68,480
0,58,54,480
480,59,62,60
0,49,47,480
0,56,57,240
60,61,63,60
60,59,73,120
120,58,66,240
0,54,51,720
240,66,72,480
0,42,47,960
480,78,58,720
480,47,50,480
240,83,50,240
240,79,50,60
0,64,40,480
0,59,34,480
0,55,34,480
60,81,50,60
60,79,57,360
360,78,53,240
0,64,39,480
0,59,33,480
0,55,33,480
240,76,50,240
240,78,55,240
0,47,50,480
240,71,50,1200
240,62,31,480
0,59,26,480
0,54,26,480
480,62,31,480
0,59,26,480
0,54,26,480
480,73,58,240
0,47,50,480
240,76,50,240
240,74,50,60
0,64,40,480
0,58,34,480
0,54,34,480
60,76,50,60
60,74,57,360
360,73,53,480
0,64,39,11
0,58,33,480
0,54,33,480
480,74,55,240
0,47,50,480
240,71,50,720
240,62,31,480
0,59,26,480
0,54,26,480
480,50,66,720
480,59,38,480
0,65,43,480
240,55,58,240
240,52,65,160
0,60,34,480
0,64,38,480
160,53,57,160
160,52,55,160
160,50,63,240
0,60,34,480
0,64,38,480
240,48,57,240
240,50,64,360
0,55,41,480
0,59,41,480
0,65,46,480
360,43,55,120
120,50,64,480
0,55,34,480
0,59,34,480
0,65,38,480
480,48,59,480
0,60,34,480
0,64,38,480
480,50,66,240
0,59,38,480
0,65,43,480
240,55,58,240
240,52,65,160
0,60,34,480
0,64,38,480
160,53,57,160
160,52,55,160
160,50,63,240
0,60,34,480
0,64,38,480
240,48,57,240
240,50,64,360
0,55,41,480
0,59,41,480
0,65,46,480
360,43,54,120
120,50,62,480
0,55,33,480
0,59,33,480
0,65,37,480
480,48,56,480
0,60,32,480
0,64,36,480
480,50,60,360
0,55,38,480
0,59,38,480
0,65,43,480
360,43,51,120
120,48,58,480
0,60,31,480
0,64,34,480
480,50,57,360
0,55,36,480
0,59,36,480
0,65,41,480
360,43,48,120
120,48,56,480
0,60,29,480
0,64,29,480
480,50,55,360
0,55,35,480
0,59,35,480
0,65,39,480
360,43,46,120
120,48,53,480
0,60,28,480
0,64,31,480
480,43,52,1440
0,55,52,1440
1440,42,48,1440
0,54,48,1440
1440,78,55,240
0,35,46,480
0,47,50,480
240,83,50,240
240,79,50,60
0,64,40,480
0,59,34,480
0,55,34,480
60,81,50,60
60,79,57,360
360,78,53,240
0,64,39,480
0,59,33,480
0,55,33,480
240,76,50,240
240,78,55,240
0,47,50,480
240,71,50,1200
240,62,31,480
0,59,26,480
0,54,26,480
480,62,31,480
0,59,26,480
0,54,26,480
480,73,58,240
0,47,50,480
240,76,50,240
240,74,50,60
0,64,40,480
0,58,34,480
0,54,34,480
60,76,50,60
60,74,57,360
360,73,53,480
0,64,39,13
0,58,33,480
0,54,33,480
480,74,55,240
0,47,50,480
240,71,50,1200
240,62,31,480
0,59,26,480
0,54,26,480
480,62,31,480
0,59,26,480
0,54,26,480
480,73,58,240
0,37,50,480
240,71,50,240
240,69,46,60
0,59,40,480
0,53,34,480
0,49,34,480
60,71,47,60
60,69,55,360
360,68,53,480
0,59,39,480
0,53,33,480
0,49,33,480
480,69,55,240
0,42,50,480
240,73,50,480
240,57,37,480
0,49,31,480
480,61,68,720
720,59,60,240
240,57,57,60
60,59,57,60
60,57,68,360
360,56,67,480
480,57,71,480
480,61,67,960
960,59,71,480
0,49,47,1440
0,56,58,480
480,57,68,480
0,54,55,480
480,61,68,480
0,57,55,480
480,59,63,60
0,49,47,1440
0,56,57,240
60,61,63,60
60,59,73,120
120,57,66,236
0,54,51,240
240,61,72,480
0,57,56,480
480,61,68,480
0,57,54,480
480,59,61,60
0,49,47,1440
0,56,57,480
60,61,61,60
60,59,72,360
360,58,72,480
0,54,56,480
480,61,68,480
0,58,54,480
480,59,62,60
0,49,47,480
0,56,57,240
60,61,63,60
60,59,73,120
120,58,66,240
0,54,51,720
240,66,72,480
0,42,47,960
480,78,58,720
480,47,50,480
240,83,50,240
240,79,50,60
0,64,40,480
0,59,34,480
0,55,34,480
60,81,50,60
60,79,57,360
360,78,53,240
0,64,39,480
0,59,33,480
0,55,33,480
240,76,50,240
240,78,55,240
0,47,50,480
240,71,50,1200
240,62,31,480
0,59,26,480
0,54,26,480
480,62,31,480
0,59,26,480
0,54,26,480
480,73,58,240
0,47,50,480
240,76,50,240
240,74,50,60
0,64,40,480
0,58,34,480
0,54,34,480
60,76,50,60
60,74,57,360
360,73,53,480
0,64,39,14
0,58,33,480
0,54,33,480
480,74,55,240
0,47,50,480
240,71,50,720
240,62,31,480
0,59,26,480
0,54,26,480
480,50,66,720
480,59,38,480
0,65,43,480
240,55,58,240
240,52,65,160
0,60,34,480
0,64,38,480
160,53,57,160
160,52,55,160
160,50,63,240
0,60,34,480
0,64,38,480
240,48,57,240
240,50,64,360
0,55,41,480
0,59,41,480
0,65,46,480
360,43,55,120
120,50,64,480
0,55,34,480
0,59,34,480
0,65,38,480
480,48,59,480
0,60,34,480
0,64,38,480
480,50,66,240
0,59,38,480
0,65,43,480
240,55,58,240
240,52,65,160
0,60,34,480
0,64,38,480
160,53,57,160
160,52,55,160
160,50,63,240
0,60,34,480
0,64,38,480
240,48,57,240
240,50,64,360
0,55,41,480
0,59,41,480
0,65,46,480
360,43,54,120
120,50,62,480
0,55,33,480
0,59,33,480
0,65,37,480
480,48,56,480
0,60,32,480
0,64,36,480
480,50,60,360
0,55,38,480
0,59,38,480
0,65,43,480
360,43,51,120
120,48,58,480
0,60,31,480
0,64,34,480
480,50,57,360
0,55,36,480
0,59,36,480
0,65,41,480
360,43,48,120
120,48,56,480
0,60,29,480
0,64,29,480
480,50,55,360
0,55,35,480
0,59,35,480
0,65,39,480
360,43,46,120
120,48,53,480
0,60,28,480
0,64,31,480
480,43,52,1440
0,55,52,1440
1440,42,60,960
0,54,59,960
960,41,66,480
0,53,62,480
480,34,74,240
480,65,68,480
0,70,68,480
0,74,80,480
0,53,54,480
0,62,64,480
0,58,54,480
480,66,68,480
0,70,68,480
0,75,80,480
0,63,64,480
0,58,64,480
0,54,64,480
480,78,86,120
0,46,73,240
360,77,80,480
0,74,61,120
120,72,61,360
0,65,68,960
0,62,57,960
0,58,57,960
360,74,61,120
0,77,80,480
120,70,80,480
0,53,68,480
480,82,85,240
0,34,72,240
480,65,68,480
0,70,68,480
0,74,80,480
0,53,54,480
0,62,64,480
0,58,54,480
480,66,68,480
0,70,68,480
0,75,80,480
0,63,64,480
0,58,64,480
0,54,64,480
480,78,86,120
0,46,73,240
360,77,80,480
0,74,61,120
120,72,61,360
0,65,68,960
0,62,57,960
0,58,57,960
360,74,61,120
0,77,80,480
120,70,80,480
0,53,68,480
480,34,79,240
480,65,68,480
0,70,68,480
0,74,80,480
0,53,54,480
0,62,64,480
0,58,54,480
480,66,68,480
0,70,68,480
0,75,80,480
0,63,64,480
0,58,64,480
0,54,64,480
480,78,86,120
0,46,73,240
360,77,80,480
0,74,61,120
120,72,61,360
0,65,68,960
0,62,57,960
0,58,57,960
360,74,61,120
0,77,80,480
120,70,80,480
0,53,68,480
480,94,85,240
0,82,80,240
0,46,72,240
0,34,69,240
480,65,68,480
0,70,68,480
0,74,80,480
0,53,54,480
0,62,64,480
0,58,54,480
480,66,68,480
0,70,68,480
0,75,80,480
0,63,64,480
0,58,64,480
0,54,64,480
480,78,86,120
0,46,73,240
360,77,80,480
0,74,61,120
120,72,61,360
0,65,68,960
0,62,57,960
0,58,57,960
360,74,61,120
0,77,80,480
120,70,80,480
0,53,68,480
480,39,81,240
480,70,68,480
0,75,68,480
0,79,80,480
0,58,54,480
0,67,64,480
0,63,54,480
480,71,68,480
0,75,68,480
0,80,80,480
0,68,64,480
0,63,64,480
0,59,64,480
480,83,88,120
0,51,73,240
360,82,88,480
0,79,61,120
120,77,61,360
0,67,68,480
0,63,57,480
0,58,57,480
360,79,61,120
0,82,88,480
120,75,80,480
0,51,68,480
480,99,93,240
0,87,88,240
0,39,73,240
480,70,68,480
0,75,68,480
0,79,80,480
0,58,54,480
0,67,64,480
0,63,54,480
480,71,68,480
0,75,68,480
0,80,80,480
0,68,64,480
0,63,64,480
0,59,64,480
480,83,87,120
0,51,73,240
360,82,88,480
0,79,61,120
120,77,61,360
0,70,68,480
0,67,57,480
0,61,57,480
360,79,61,120
0,82,88,480
120,76,80,1920
0,51,68,480
480,39,73,240
480,70,68,480
0,79,80,480
0,61,65,480
480,71,65,480
0,80,77,480
0,62,57,480
480,70,65,2880
0,75,65,480
0,79,77,480
0,63,59,480
480,73,62,1920
0,78,74,480
0,64,57,480
480,77,71,480
0,65,54,480
480,76,69,1440
0,66,52,480
480,54,59,420
420,57,60,60
60,55,68,480
480,54,62,480
480,49,55,480
480,50,54,480
480,78,55,240
0,47,50,480
240,83,50,240
240,79,50,60
0,64,40,480
0,59,34,480
0,55,34,480
60,81,50,60
60,79,57,360
360,78,53,240
0,64,39,480
0,59,33,480
0,55,33,480
240,76,50,240
240,78,55,240
0,47,50,480
240,71,50,1200
240,62,31,480
0,59,26,480
0,54,26,480
480,62,31,480
0,59,26,480
0,54,26,480
480,73,58,240
0,47,50,480
240,76,50,240
240,74,50,60
0,64,40,480
0,58,34,480
0,54,34,480
60,76,50,60
60,74,57,360
360,73,53,480
0,64,39,16
0,58,33,480
0,54,33,480
480,74,55,240
0,47,50,480
240,71,50,1200
240,62,31,480
0,59,26,480
0,54,26,480
480,62,31,480
0,59,26,480
0,54,26,480
480,73,58,240
0,37,50,480
240,71,50,240
240,69,46,60
0,59,40,480
0,53,34,480
0,49,34,480
60,71,47,60
60,69,55,360
360,68,53,480
0,59,39,480
0,53,33,480
0,49,33,480
480,69,55,240
0,42,50,480
240,73,50,480
240,57,37,480
0,49,31,480
480,61,68,720
720,59,60,240
240,57,57,60
60,59,57,60
60,57,68,360
360,56,67,480
480,57,71,480
480,61,67,960
960,59,71,480
0,49,47,1440
0,56,58,480
480,57,68,480
0,54,55,480
480,61,68,480
0,57,55,480
480,59,63,60
0,49,47,1440
0,56,57,240
60,61,63,60
60,59,73,120
120,57,66,237
0,54,51,240
240,61,72,480
0,57,56,480
480,61,68,480
0,57,54,480
480,59,61,60
0,49,47,1440
0,56,57,480
60,61,61,60
60,59,72,360
360,58,72,480
0,54,56,480
480,61,68,480
0,58,54,480
480,59,62,60
0,49,47,480
0,56,57,240
60,61,63,60
60,59,73,120
120,58,66,240
0,54,51,720
240,66,72,480
0,42,47,960
480,78,58,720
480,47,50,480
240,83,50,240
240,79,50,60
0,64,40,480
0,59,34,480
0,55,34,480
60,81,50,60
60,79,57,360
360,78,53,240
0,64,39,480
0,59,33,480
0,55,33,480
240,76,50,240
240,78,55,240
0,47,50,480
240,71,50,1200
240,62,31,480
0,59,26,480
0,54,26,480
480,62,31,480
0,59,26,480
0,54,26,480
480,73,58,240
0,47,50,480
240,76,50,240
240,74,50,60
0,64,40,480
0,58,34,480
0,54,34,480
60,76,50,60
60,74,57,360
360,73,53,480
0,64,39,14
0,58,33,480
0,54,33,480
480,74,55,240
0,47,50,480
240,71,50,720
240,62,31,480
0,59,26,480
0,54,26,480
480,50,66,720
480,59,38,480
0,65,43,480
240,55,58,240
240,52,65,160
0,60,34,480
0,64,38,480
160,53,57,160
160,52,55,160
160,50,63,240
0,60,34,480
0,64,38,480
240,48,57,240
240,50,64,360
0,55,41,480
0,59,41,480
0,65,46,480
360,43,55,120
120,50,64,480
0,55,34,480
0,59,34,480
0,65,38,480
480,48,59,480
0,60,34,480
0,64,38,480
480,50,66,240
0,59,38,480
0,65,43,480
240,55,58,240
240,52,65,160
0,60,34,480
0,64,38,480
160,53,57,160
160,52,55,160
160,50,63,240
0,60,34,480
0,64,38,480
240,48,57,240
240,50,64,360
0,55,41,480
0,59,41,480
0,65,46,480
360,43,54,120
120,50,62,480
0,55,33,480
0,59,33,480
0,65,37,480
480,48,56,480
0,60,32,480
0,64,36,480
480,50,60,360
0,55,38,480
0,59,38,480
0,65,43,480
360,43,51,120
120,48,58,480
0,60,31,480
0,64,34,480
480,50,57,360
0,55,36,480
0,59,36,480
0,65,41,480
360,43,48,120
120,48,56,480
0,60,29,480
0,64,29,480
480,50,55,360
0,55,35,480
0,59,35,480
0,65,39,480
360,43,46,120
120,48,53,480
0,60,28,480
0,64,31,480
480,43,52,1440
0,55,52,1440
1440,42,48,1440
0,54,48,1440
1440,78,55,240
0,35,46,480
0,47,50,480
240,83,50,240
240,79,50,60
0,64,40,480
0,59,34,480
0,55,34,480
60,81,50,60
60,79,57,360
360,78,53,240
0,64,39,480
0,59,33,480
0,55,33,480
240,76,50,240
240,78,55,240
0,47,50,480
240,71,50,1200
240,62,31,480
0,59,26,480
0,54,26,480
480,62,31,480
0,59,26,480
0,54,26,480
480,73,58,240
0,47,50,480
240,76,50,240
240,74,50,60
0,64,40,480
0,58,34,480
0,54,34,480
60,76,50,60
60,74,57,360
360,73,53,480
0,64,39,14
0,58,33,480
0,54,33,480
480,74,55,240
0,47,50,480
240,71,50,1200
240,62,31,480
0,59,26,480
0,54,26,480
480,62,31,480
0,59,26,480
0,54,26,480
480,73,58,240
0,37,50,480
240,71,50,240
240,69,46,60
0,59,40,480
0,53,34,480
0,49,34,480
60,71,47,60
60,69,55,360
360,68,53,480
0,59,39,480
0,53,33,480
0,49,33,480
480,69,55,240
0,42,50,480
240,73,50,480
240,57,37,480
0,49,31,480
480,61,68,720
720,59,60,240
240,57,57,60
60,59,57,60
60,57,68,360
360,56,67,480
480,57,71,480
480,61,67,960
960,59,71,480
0,49,47,1440
0,56,58,480
480,57,68,480
0,54,55,480
480,61,68,480
0,57,55,480
480,59,63,60
0,49,47,1440
0,56,57,240
60,61,63,60
60,59,73,120
120,57,66,240
0,54,51,240
240,61,72,480
0,57,56,480
480,61,68,480
0,57,54,480
480,59,61,60
0,49,47,1440
0,56,57,480
60,61,61,60
60,59,72,360
360,58,72,474
0,54,56,480
480,61,68,480
0,58,54,480
480,59,62,60
0,49,47,480
0,56,57,240
60,61,63,60
60,59,73,120
120,58,66,240
0,54,51,720
240,66,72,480
0,42,47,960
480,78,58,720
480,47,50,480
240,83,50,240
240,79,50,60
0,64,40,480
0,59,34,480
0,55,34,480
60,81,50,60
60,79,57,360
360,78,53,240
0,64,39,480
0,59,33,480
0,55,33,480
240,76,50,240
240,78,55,240
0,47,50,480
240,71,50,1200
240,62,31,480
0,59,26,480
0,54,26,480
480,62,31,480
0,59,26,480
0,54,26,480
480,73,58,240
0,47,50,480
240,76,50,240
240,74,50,60
0,64,40,480
0,58,34,480
0,54,34,480
60,76,50,60
60,74,57,360
360,73,53,480
0,64,39,14
0,58,33,480
0,54,33,480
480,74,55,240
0,47,50,480
240,71,50,720
240,62,31,480
0,59,26,480
0,54,26,480
480,50,66,720
480,59,38,480
0,65,43,480
240,55,58,240
240,52,65,160
0,60,34,480
0,64,38,480
160,53,57,160
160,52,55,160
160,50,63,240
0,60,34,480
0,64,38,480
240,48,57,240
240,50,64,360
0,55,41,480
0,59,41,480
0,65,46,480
360,43,55,120
120,50,64,480
0,55,34,480
0,59,34,480
0,65,38,480
480,48,59,480
0,60,34,480
0,64,38,480
480,50,66,240
0,59,38,480
0,65,43,480
240,55,58,240
240,52,65,160
0,60,34,480
0,64,38,480
160,53,57,160
160,52,55,160
160,50,63,240
0,60,34,480
0,64,38,480
240,48,57,240
240,50,64,360
0,55,41,480
0,59,41,480
0,65,46,480
360,43,54,120
120,50,62,480
0,55,33,480
0,59,33,480
0,65,37,480
480,48,56,480
0,60,32,480
0,64,36,480
480,50,60,360
0,55,38,480
0,59,38,480
0,65,43,480
360,43,51,120
120,48,58,480
0,60,31,480
0,64,34,480
480,50,57,360
0,55,36,480
0,59,36,480
0,65,41,480
360,43,48,120
120,48,56,480
0,60,29,480
0,64,29,480
480,50,55,360
0,55,35,480
0,59,35,480
0,65,39,480
360,43,46,120
120,48,53,480
0,60,28,480
0,64,31,480
480,43,52,1440
0,55,52,1440
1440,42,60,960
0,54,59,960
960,41,66,480
0,53,62,480
480,34,74,240
480,65,68,480
0,70,68,480
0,74,80,480
0,53,54,480
0,62,64,480
0,58,54,480
480,66,68,480
0,70,68,480
0,75,80,480
0,63,64,480
0,58,64,480
0,54,64,480
480,78,86,120
0,46,73,240
360,77,80,480
0,74,61,120
120,72,61,360
0,65,68,960
0,62,57,960
0,58,57,960
360,74,61,120
0,77,80,480
120,70,80,480
0,53,68,480
480,82,85,240
0,34,72,240
480,65,68,480
0,70,68,480
0,74,80,480
0,53,54,480
0,62,64,480
0,58,54,480
480,66,68,480
0,70,68,480
0,75,80,480
0,63,64,480
0,58,64,480
0,54,64,480
480,78,86,120
0,46,73,240
360,77,80,480
0,74,61,120
120,72,61,360
0,65,68,960
0,62,57,960
0,58,57,960
360,74,61,120
0,77,80,480
120,70,80,480
0,53,68,480
480,34,79,240
480,65,68,480
0,70,68,480
0,74,80,480
0,53,54,480
0,62,64,480
0,58,54,480
480,66,68,480
0,70,68,480
0,75,80,480
0,63,64,480
0,58,64,480
0,54,64,480
480,78,86,120
0,46,73,240
360,77,80,480
0,74,61,120
120,72,61,360
0,65,68,960
0,62,57,960
0,58,57,960
360,74,61,120
0,77,80,480
120,70,80,480
0,53,68,480
480,94,85,240
0,82,80,240
0,46,72,240
0,34,69,240
480,65,68,480
0,70,68,480
0,74,80,480
0,53,54,480
0,62,64,480
0,58,54,480
480,66,68,480
0,70,68,480
0,75,80,480
0,63,64,480
0,58,64,480
0,54,64,480
480,78,86,120
0,46,73,240
360,77,80,480
0,74,61,120
120,72,61,360
0,65,68,960
0,62,57,960
0,58,57,960
360,74,61,120
0,77,80,480
120,70,80,480
0,53,68,480
480,39,81,240
480,70,68,480
0,75,68,480
0,79,80,480
0,58,54,480
0,67,64,480
0,63,54,480
480,71,68,480
0,75,68,480
0,80,80,480
0,68,64,480
0,63,64,480
0,59,64,480
480,83,88,120
0,51,73,240
360,82,88,480
0,79,61,120
120,77,61,360
0,67,68,480
0,63,57,480
0,58,57,480
360,79,61,120
0,82,88,480
120,75,80,480
0,51,68,480
480,99,93,240
0,87,88,240
0,39,73,240
480,70,68,480
0,75,68,480
0,79,80,480
0,58,54,480
0,67,64,480
0,63,54,480
480,71,68,480
0,75,68,480
0,80,80,480
0,68,64,480
0,63,64,480
0,59,64,480
480,83,87,120
0,51,73,240
360,82,88,480
0,79,61,120
120,77,61,360
0,70,68,480
0,67,57,480
0,61,57,480
360,79,61,120
0,82,88,480
120,76,80,1920
0,51,68,480
480,39,73,240
480,70,68,480
0,79,80,480
0,61,65,480
480,71,65,480
0,80,77,480
0,62,57,480
480,70,65,2880
0,75,65,480
0,79,77,480
0,63,59,480
480,73,62,2400
0,78,74,480
0,64,57,480
480,77,71,480
0,65,54,480
480,76,69,1440
0,66,52,480
480,54,59,420
420,58,60,60
60,56,68,480
480,54,63,480
480,49,56,480
480,54,53,480
480,75,59,240
0,47,50,480
240,76,61,240
240,77,63,480
0,63,43,480
0,59,36,480
0,54,36,480
480,78,70,480
0,63,36,480
0,71,43,480
480,79,77,360
0,40,53,480
360,80,64,120
120,76,76,720
0,61,37,480
0,59,37,480
0,64,37,21
0,68,44,480
720,75,67,240
240,75,71,240
0,42,50,480
240,73,59,60
60,75,60,60
60,73,69,120
120,72,67,480
0,64,43,480
0,58,36,480
0,54,36,480
480,73,70,480
0,54,38,480
0,58,38,480
0,64,45,13
480,76,74,960
0,43,54,480
480,63,47,480
0,58,39,480
0,51,39,480
480,75,64,480
0,51,37,480
0,58,37,480
0,63,44,480
480,71,58,240
0,44,50,480
240,73,60,240
240,74,63,480
0,59,43,480
0,56,36,480
0,51,36,480
480,75,68,480
0,51,36,480
0,56,36,480
0,59,43,480
480,78,72,240
0,37,53,480
240,76,64,240
240,73,70,480
0,64,45,480
0,61,38,480
0,56,38,480
480,68,56,60
60,70,56,60
60,68,64,360
360,67,64,360
0,50,50,480
360,68,61,120
120,71,64,480
0,65,44,480
0,59,37,480
0,56,37,480
480,70,64,480
0,56,37,480
0,58,37,480
0,65,44,480
480,67,69,960
0,51,55,480
480,63,47,480
0,58,39,480
0,55,39,480
480,66,64,480
0,49,39,480
0,54,39,480
0,58,39,480
0,64,47,17
480,75,59,240
0,47,50,480
240,76,61,240
240,78,63,480
0,63,43,480
0,59,36,480
0,54,36,480
480,87,69,480
480,85,69,240
0,40,51,480
240,83,64,240
240,80,69,480
0,61,37,480
0,59,37,480
0,64,37,480
0,68,44,480
480,76,67,480
480,75,71,240
0,42,50,480
240,73,59,60
60,75,60,60
60,73,69,120
120,72,67,480
0,64,43,480
0,58,36,480
0,54,36,480
480,73,70,480
0,54,38,480
0,58,38,480
0,64,45,18
480,76,71,960
0,43,54,480
480,63,47,480
0,58,39,480
0,51,39,480
480,75,64,480
0,51,37,480
0,58,37,480
0,63,44,480
480,75,77,720
0,44,55,480
480,53,36,480
0,63,43,480
0,59,36,480
0,56,36,480
240,75,64,60
60,77,64,60
60,75,72,120
120,73,74,240
240,71,71,240
240,70,79,240
0,46,53,480
240,75,73,240
240,78,80,480
0,63,45,480
0,58,38,480
0,54,38,480
480,83,79,480
0,54,38,480
0,58,38,480
0,63,45,480
480,82,81,240
0,46,50,480
240,77,70,240
240,80,80,720
0,62,44,480
0,58,37,480
0,56,37,480
480,56,37,480
0,58,37,480
0,65,44,480
240,78,77,240
240,75,81,480
0,51,55,480
480,66,80,240
0,63,39,480
0,58,33,480
0,54,29,480
240,78,79,240
240,77,78,240
0,49,23,480
0,54,28,480
0,58,30,480
0,64,35,14
240,76,70,240
240,75,67,240
0,47,50,480
240,76,70,240
240,77,72,480
0,63,43,480
0,59,36,480
0,57,36,480
480,78,75,480
0,59,36,480
0,63,36,480
0,69,43,480
480,79,75,360
0,40,53,480
360,80,64,120
120,76,69,720
0,61,37,480
0,59,37,480
0,64,37,21
0,68,44,480
720,75,67,240
240,75,71,240
0,42,50,480
240,73,59,60
60,75,60,60
60,73,69,120
120,72,67,480
0,64,43,480
0,58,36,480
0,54,36,480
480,73,70,480
0,54,38,480
0,58,38,480
0,64,45,14
480,76,73,960
0,43,54,480
480,63,47,480
0,58,39,480
0,51,39,480
480,75,64,480
0,51,37,480
0,58,37,480
0,63,44,480
480,71,58,240
0,44,50,480
240,73,60,240
240,74,63,480
0,59,43,480
0,56,36,480
0,51,36,480
480,75,67,480
0,51,36,480
0,56,36,480
0,59,43,480
480,78,69,240
0,37,53,480
240,76,64,240
240,73,70,480
0,64,45,480
0,61,38,480
0,56,38,480
480,68,56,60
60,70,56,60
60,68,64,360
360,67,64,360
0,50,50,480
360,68,61,120
120,71,64,480
0,65,44,480
0,59,37,480
0,56,37,480
480,70,64,480
0,56,37,480
0,58,37,480
0,65,44,480
480,67,69,960
0,51,55,480
480,63,47,480
0,58,39,480
0,55,39,480
480,66,64,480
0,49,34,480
0,54,35,480
0,58,39,480
0,64,47,16
480,75,59,240
0,47,50,480
240,76,61,240
240,78,63,480
0,63,43,480
0,59,36,480
0,54,36,480
480,87,69,480
480,85,69,240
0,40,51,480
240,83,64,240
240,80,69,480
0,61,37,480
0,59,37,480
0,64,37,480
0,68,44,480
480,76,67,480
480,75,71,240
0,42,50,480
240,73,59,60
60,75,60,60
60,73,69,120
120,72,67,480
0,64,43,480
0,58,36,480
0,54,36,480
480,73,70,480
0,54,38,480
0,58,38,480
0,64,45,11
480,76,71,960
0,43,54,480
480,63,47,480
0,58,39,480
0,51,39,480
480,75,64,480
0,51,37,480
0,58,37,480
0,63,44,480
480,75,67,720
0,44,55,480
480,53,36,480
0,63,43,480
0,59,36,480
0,56,36,480
240,75,56,60
60,77,56,60
60,75,63,120
120,73,65,240
240,71,62,240
240,70,69,240
0,46,53,480
240,75,64,240
240,78,70,480
0,63,45,480
0,58,38,480
0,54,38,480
480,83,69,480
0,54,38,480
0,58,38,480
0,63,45,480
480,82,71,240
0,46,50,480
240,77,61,240
240,80,70,720
0,62,44,480
0,58,37,480
0,56,37,480
480,56,37,480
0,58,37,480
0,65,44,480
240,78,67,240
240,75,71,960
0,51,55,480
480,63,39,480
0,58,33,480
0,54,29,480
480,78,75,480
0,54,36,480
0,58,42,480
0,66,50,480
480,92,82,360
0,80,69,360
0,70,54,120
0,76,64,120
360,90,77,120
0,78,65,120
0,66,60,120
120,88,76,360
0,76,64,360
0,54,58,480
480,64,63,12
0,70,75,480
0,42,60,480
480,63,64,240
0,71,76,240
0,47,68,240
360,66,62,120
0,73,73,120
0,54,59,120
120,71,68,480
0,75,81,480
0,63,66,480
0,59,56,480
480,78,65,480
0,90,77,480
0,71,51,480
0,75,60,480
480,92,82,360
0,80,69,360
0,70,54,120
0,76,64,120
360,90,77,120
0,78,65,120
0,66,60,120
120,88,76,360
0,76,64,360
0,54,58,480
480,64,63,13
0,70,75,480
0,42,60,480
480,63,64,240
0,71,76,240
0,47,68,240
360,66,62,120
0,73,73,120
0,54,59,120
120,71,68,480
0,75,81,480
0,63,66,480
0,59,56,480
480,75,65,480
0,78,77,480
480,85,69,120
0,88,81,120
0,52,68,120
360,78,62,120
0,82,73,120
0,73,62,120
120,76,66,360
0,80,73,360
0,64,56,360
0,68,66,360
360,78,62,120
0,82,73,120
0,73,62,120
120,76,65,480
0,80,77,480
0,64,55,15
0,68,65,480
480,83,69,120
0,87,81,120
0,42,68,120
360,76,62,120
0,80,73,120
0,71,62,120
120,75,66,360
0,78,73,360
0,63,56,360
0,66,66,360
360,76,62,120
0,80,73,120
0,71,62,120
120,75,65,480
0,78,77,480
0,63,55,480
0,66,65,480
480,82,69,120
0,85,81,120
0,42,68,120
360,75,62,120
0,78,73,120
0,70,62,120
120,73,66,360
0,76,73,360
0,61,56,360
0,64,66,360
360,75,62,120
0,78,73,120
0,70,62,120
120,73,65,480
0,76,77,480
0,61,55,480
0,64,65,15
480,71,58,120
0,75,69,120
0,47,61,240
360,73,52,120
0,76,62,120
120,74,56,480
0,80,67,480
0,59,46,960
0,65,55,480
480,75,50,480
0,78,59,480
0,66,50,480
480,92,82,360
0,80,69,360
0,70,54,120
0,76,64,120
360,90,77,120
0,78,65,120
0,66,60,120
120,88,76,360
0,76,64,360
0,54,58,480
480,64,63,17
0,70,75,480
0,42,60,480
480,63,64,240
0,71,76,240
0,47,68,240
360,66,62,120
0,73,73,120
0,54,59,120
120,71,68,480
0,75,81,480
0,63,66,480
0,59,56,480
480,78,65,480
0,90,77,480
0,71,51,480
0,75,60,480
480,92,82,360
0,80,69,360
0,70,54,120
0,76,64,120
360,90,77,120
0,78,65,120
0,66,60,120
120,88,76,360
0,76,64,360
0,54,58,480
480,64,63,16
0,70,75,480
0,42,60,480
480,63,64,240
0,71,76,240
0,47,68,240
360,66,62,120
0,73,73,120
0,54,59,120
120,71,68,480
0,75,81,480
0,63,66,480
0,59,56,480
480,75,65,480
0,78,77,480
480,85,69,120
0,88,81,120
0,52,68,120
360,78,62,120
0,82,73,120
0,73,62,120
120,76,66,360
0,80,73,360
0,64,56,360
0,68,66,360
360,78,62,120
0,82,73,120
0,73,62,120
120,76,65,480
0,80,77,480
0,64,55,15
0,68,65,480
480,83,69,120
0,87,81,120
0,42,68,120
360,76,62,120
0,80,73,120
0,71,62,120
120,75,66,360
0,78,73,360
0,63,56,360
0,66,66,360
360,76,62,120
0,80,73,120
0,71,62,120
120,75,65,480
0,78,77,480
0,63,55,480
0,66,65,480
480,82,69,120
0,85,81,120
0,42,68,120
360,75,62,120
0,78,73,120
0,70,62,120
120,73,66,360
0,76,73,360
0,61,56,360
0,64,66,360
360,75,62,120
0,78,73,120
0,70,62,120
120,73,65,480
0,76,77,480
0,61,55,480
0,64,65,15
840,56,41,120
120,54,47,360
360,56,41,120
120,54,46,480
480,56,44,360
360,54,37,120
120,52,44,480
480,42,38,480
480,47,44,360
360,49,41,120
120,51,45,480
480,54,44,480
480,56,46,360
360,54,42,120
120,52,45,480
480,42,39,480
480,47,44,360
360,49,41,120
120,51,45,480
480,54,44,480
480,64,49,1440
360,58,41,120
120,56,44,360
360,58,41,120
120,56,45,480
480,63,49,1440
360,56,41,120
120,54,44,360
360,56,41,120
120,54,45,480
480,61,49,1440
360,54,41,120
120,52,44,360
360,54,41,120
120,52,45,480
480,51,44,360
360,52,41,120
120,56,45,480
480,54,44,480
480,56,46,360
360,54,42,120
120,52,45,480
480,42,39,480
480,47,44,360
360,49,41,120
120,51,45,480
480,54,44,480
480,55,43,360
360,54,39,120
120,52,42,480
480,42,36,480
480,47,41,360
360,49,38,120
120,50,41,480
480,54,40,480
480,55,42,240
240,54,38,240
240,52,41,480
480,43,35,480
480,55,41,240
240,54,37,240
240,52,40,480
480,44,34,480
480,55,40,360
360,54,36,120
120,52,39,480
480,45,34,480
480,55,40,360
360,54,36,120
120,52,39,480
480,46,33,480
480,78,46,240
0,47,42,480
240,83,42,240
240,79,42,60
0,64,34,480
0,59,28,480
0,55,28,480
60,81,42,60
60,79,48,360
360,78,45,240
0,64,33,480
0,59,28,480
0,55,28,480
240,76,42,240
240,78,46,240
0,47,42,480
240,71,42,1200
240,62,26,480
0,59,22,480
0,54,22,480
480,62,26,480
0,59,22,480
0,54,22,480
480,73,49,240
0,47,42,480
240,76,42,240
240,74,42,60
0,64,34,480
0,58,28,480
0,54,28,480
60,76,42,60
60,74,48,360
360,73,45,480
0,64,33,15
0,58,28,480
0,54,28,480
480,74,46,240
0,47,42,480
240,71,42,1200
240,62,26,480
0,59,22,480
0,54,22,480
480,62,26,480
0,59,22,480
0,54,22,480
480,73,55,240
0,37,47,480
240,71,47,240
240,69,43,60
0,59,38,480
0,53,32,480
0,49,32,480
60,71,44,60
60,69,52,360
360,68,50,480
0,59,37,480
0,53,31,480
0,49,31,480
480,69,52,240
0,42,47,480
240,73,47,480
240,57,35,480
0,49,29,480
480,61,68,720
720,59,60,240
240,57,57,60
60,59,57,60
60,57,68,360
360,56,67,480
480,57,71,480
480,61,67,960
960,59,71,480
0,49,47,1440
0,56,58,480
480,57,68,476
0,54,55,480
480,61,68,480
0,57,55,480
480,59,63,60
0,49,47,1440
0,56,57,240
60,61,63,60
60,59,73,120
120,57,66,240
0,54,51,240
240,61,72,480
0,57,56,480
480,61,68,480
0,57,54,480
480,59,61,60
0,49,47,1440
0,56,57,480
60,61,61,60
60,59,72,360
360,58,72,475
0,54,56,480
480,61,68,480
0,58,54,480
480,59,62,60
0,49,47,480
0,56,57,240
60,61,63,60
60,59,73,120
120,58,66,240
0,54,51,720
240,66,72,480
0,42,47,960
480,78,58,720
480,47,50,480
240,83,50,240
240,79,50,60
0,64,40,480
0,59,34,480
0,55,34,480
60,81,50,60
60,79,57,360
360,78,53,240
0,64,39,480
0,59,33,480
0,55,33,480
240,76,50,240
240,78,55,240
0,47,50,480
240,71,50,1200
240,62,31,480
0,59,26,480
0,54,26,480
480,62,31,480
0,59,26,480
0,54,26,480
480,73,58,240
0,47,50,480
240,76,50,240
240,74,50,60
0,64,40,480
0,58,34,480
0,54,34,480
60,76,50,60
60,74,57,360
360,73,53,480
0,64,39,14
0,58,33,480
0,54,33,480
480,74,55,240
0,47,50,480
240,71,50,720
240,62,31,480
0,59,26,480
0,54,26,480
480,50,66,720
480,59,38,480
0,65,43,480
240,55,58,240
240,52,65,160
0,60,34,480
0,64,38,480
160,53,57,160
160,52,55,160
160,50,63,240
0,60,34,480
0,64,38,480
240,48,57,240
240,50,64,360
0,55,41,480
0,59,41,480
0,65,46,480
360,43,55,120
120,50,64,480
0,55,34,480
0,59,34,480
0,65,38,480
480,48,59,480
0,60,34,480
0,64,38,480
480,50,66,240
0,59,38,480
0,65,43,480
240,55,58,240
240,52,65,160
0,60,34,480
0,64,38,480
160,53,57,160
160,52,55,160
160,50,63,240
0,60,34,480
0,64,38,480
240,48,57,240
240,50,64,360
0,55,41,480
0,59,41,480
0,65,46,480
360,43,54,120
120,50,62,480
0,55,33,480
0,59,33,480
0,65,37,480
480,48,56,480
0,60,32,480
0,64,36,480
480,50,60,360
0,55,38,480
0,59,38,480
0,65,43,480
360,43,51,120
120,48,58,480
0,60,31,480
0,64,34,480
480,50,57,360
0,55,36,480
0,59,36,480
0,65,41,480
360,43,48,120
120,48,56,480
0,60,29,480
0,64,29,480
480,50,55,360
0,55,35,480
0,59,35,480
0,65,39,480
360,43,46,120
120,48,53,480
0,60,28,480
0,64,31,480
480,50,54,360
0,55,34,480
0,59,34,480
0,65,38,480
360,43,45,120
120,50,51,480
0,55,26,480
0,59,26,480
0,65,30,480
480,48,45,480
0,60,25,480
0,64,28,480
480,50,50,360
0,55,31,480
0,59,31,480
0,65,36,480
360,43,41,120
120,50,46,480
0,55,24,480
0,59,24,480
0,65,28,480
480,48,41,480
0,60,23,480
0,64,26,480
480,67,40,1440
1440,60,45,1440
1440,67,40,1440
1440,60,45,1440
1440,67,41,2875
2880,67,54,480
480,60,59,720
720,59,52,240
240,52,50,360
0,58,59,360
0,61,59,360
0,42,44,480
360,54,45,600
120,52,49,480
0,58,58,480
0,61,58,480
0,42,39,480
480,50,47,480
0,54,47,480
0,59,56,480
0,35,37,480