0,37,76,1680
0,49,90,1680
1680,28,76,240
0,40,90,240
240,28,76,1920
0,40,90,1920
960,49,76,960
0,61,90,960
0,56,76,960
960,49,72,120
120,49,65,1800
120,51,79,3600
120,57,81,3480
120,29,85,3360
0,41,85,3360
0,61,85,1440
1440,48,64,1920
0,60,64,1920
1920,34,44,120
0,46,52,120
120,53,29,120
120,49,22,120
0,61,26,120
0,58,22,120
120,41,33,120
120,34,25,120
0,46,29,120
120,53,29,120
120,49,23,120
0,61,27,120
0,58,23,120
120,41,35,120
120,34,27,120
0,46,33,120
120,53,30,120
120,49,24,120
0,61,29,120
0,58,24,120
120,41,35,120
120,34,28,120
0,46,34,120
120,53,35,120
120,49,26,120
0,61,31,120
0,58,26,120
120,41,39,120
120,34,30,120
0,46,38,120
120,53,35,120
120,49,28,120
0,61,34,120
0,58,28,120
120,41,39,120
120,34,29,120
0,46,35,120
120,53,34,120
120,49,25,120
0,61,30,120
0,58,25,120
120,41,36,120
120,34,27,120
0,46,33,120
120,53,30,120
120,49,24,120
0,61,29,120
0,58,24,120
120,41,35,120
120,34,25,120
0,46,29,120
120,53,29,120
120,49,24,120
0,61,28,120
0,58,24,120
120,53,33,120
120,73,54,120
0,46,35,120
120,70,51,60
0,53,34,120
120,61,30,120
0,58,30,120
120,72,51,120
0,53,31,120
120,73,54,120
0,46,35,120
120,70,51,60
0,53,33,120
120,61,31,120
0,58,31,120
120,53,31,120
120,73,54,120
0,46,35,120
120,70,51,60
0,53,34,120
120,61,31,120
0,58,31,120
120,72,51,120
0,53,31,120
120,73,54,120
0,46,35,120
120,70,51,60
0,53,33,120
120,61,31,120
0,58,31,120
120,53,31,120
120,73,54,120
0,46,35,120
120,70,51,60
0,53,33,120
120,61,31,120
0,58,31,120
120,72,61,120
0,53,33,120
120,73,66,120
0,46,37,120
120,82,64,60
0,53,35,120
120,61,34,120
0,58,34,120
120,53,34,120
120,81,61,120
0,48,35,120
120,72,57,60
0,54,34,120
120,63,30,120
0,57,30,120
120,73,49,120
0,54,31,120
120,75,52,120
0,48,35,120
120,72,49,60
0,54,33,120
120,63,31,120
0,57,31,120
120,54,31,120
120,78,55,120
0,48,35,120
120,72,49,60
0,51,34,120
120,63,30,120
0,57,30,120
120,73,49,120
0,51,31,120
120,75,52,120
0,48,35,120
120,72,49,60
0,54,33,120
120,63,31,120
0,57,31,120
120,54,31,120
120,78,55,120
0,48,35,120
120,72,49,60
0,51,34,120
120,63,30,120
0,57,30,120
120,73,49,120
0,51,31,120
120,75,52,120
0,48,35,120
120,72,49,60
0,54,33,120
120,63,31,120
0,57,31,120
120,54,31,120
120,78,58,120
0,48,35,120
120,72,51,60
0,51,35,120
120,63,34,120
0,57,34,120
120,73,65,120
0,51,35,120
120,75,71,120
0,48,39,120
120,84,64,60
0,54,37,120
120,63,37,120
0,57,37,120
120,54,38,120
120,84,61,240
0,49,35,120
120,73,57,60
0,53,34,120
120,65,30,120
0,57,30,120
120,75,49,120
0,53,31,120
120,82,52,240
0,77,52,120
0,49,35,120
120,73,49,60
0,53,33,120
120,65,31,120
0,58,31,120
120,53,31,120
120,85,82,120
0,73,69,120
0,52,56,120
120,84,75,60
0,79,63,60
0,61,53,120
120,67,50,120
120,73,61,120
0,82,72,120
0,52,51,120
120,81,78,120
0,77,64,120
0,53,56,120
120,72,57,60
0,84,68,60
0,60,52,120
120,69,58,120
120,53,51,120
120,66,46,120
0,78,55,120
0,45,33,120
120,72,42,60
0,77,50,60
0,54,30,120
120,63,29,120
120,66,40,120
0,75,49,120
0,45,29,120
120,73,52,120
0,70,44,120
0,46,33,120
120,65,40,60
0,77,49,60
0,53,30,120
120,61,29,120
120,46,29,120
120,73,69,120
0,85,82,120
0,52,56,120
120,84,75,60
0,79,63,60
0,61,53,120
120,67,50,120
120,73,61,120
0,82,72,120
0,52,51,120
120,77,64,120
0,81,78,120
0,53,56,120
120,72,57,60
0,84,68,60
0,60,52,120
120,69,58,120
120,53,51,120
120,66,46,120
0,78,55,120
0,45,33,120
120,77,50,60
0,72,42,60
0,54,30,120
120,63,29,120
120,66,40,120
0,75,49,120
0,45,29,120
120,74,52,120
0,70,44,120
0,46,33,120
120,77,49,60
0,73,40,60
0,65,40,60
0,53,30,120
120,61,29,120
120,46,29,120
120,82,75,120
0,77,75,120
0,89,89,120
0,43,56,120
120,88,83,60
0,76,70,60
0,48,53,120
120,49,50,120
120,73,62,120
0,85,72,120
0,58,49,120
120,76,68,120
0,84,80,120
0,72,68,120
0,43,52,120
120,82,75,60
0,70,62,60
0,48,49,120
120,49,49,120
120,58,49,120
120,70,68,120
0,82,80,120
0,43,47,120
120,80,73,60
0,76,61,60
0,48,45,120
120,49,42,120
120,67,57,120
0,79,68,120
0,58,44,120
120,75,59,120
0,78,69,120
0,45,49,120
120,66,55,60
0,72,64,60
0,50,44,120
120,51,46,120
120,60,44,120
120,68,57,120
0,80,68,120
0,47,47,120
120,74,52,60
0,79,62,60
0,52,45,120
120,53,42,120
120,65,51,120
0,77,61,120
0,62,44,120
120,72,53,120
0,75,63,120
0,48,49,120
120,63,44,60
0,67,52,60
0,54,39,120
120,55,40,120
120,63,39,120
120,72,57,120
0,75,67,120
0,46,52,120
120,66,59,60
0,63,49,60
0,53,45,120
120,54,41,120
120,63,42,120
120,75,62,120
0,72,53,120
0,45,52,120
120,63,46,60
0,65,56,60
0,52,41,120
120,53,42,120
120,63,41,120
120,73,68,120
0,46,51,120
120,61,40,120
0,65,40,120
0,70,59,120
0,53,44,120
120,58,47,120
120,72,67,120
0,41,48,120
120,73,68,120
0,46,51,120
120,61,40,120
0,65,40,120
0,70,60,120
0,53,43,120
120,58,48,120
120,41,48,120
120,73,68,120
0,46,51,120
120,65,40,120
0,61,40,120
0,70,60,120
0,53,44,120
120,58,48,120
120,72,68,120
0,41,48,120
120,73,68,120
0,46,51,120
120,61,40,120
0,65,40,120
0,70,60,120
0,53,43,120
120,58,48,120
120,41,48,120
120,73,68,120
0,46,51,120
120,61,46,120
0,65,46,120
0,70,67,120
0,53,49,120
120,58,48,120
120,72,73,120
0,41,49,120
120,73,84,120
0,46,54,120
120,70,52,120
0,77,52,120
0,82,76,120
0,53,51,120
120,61,50,120
120,49,50,120
120,81,76,120
0,48,51,120
120,69,46,120
0,72,67,120
0,54,44,120
120,63,47,120
120,73,67,120
0,48,48,120
120,75,68,120
0,54,51,120
120,66,40,120
0,69,40,120
0,72,60,120
0,57,43,120
120,63,48,120
120,48,48,120
120,78,71,120
0,51,51,120
120,69,40,120
0,66,40,120
0,72,59,120
0,57,44,120
120,63,47,120
120,73,67,120
0,48,48,120
120,75,68,120
0,54,51,120
120,66,40,120
0,69,40,120
0,72,60,120
0,57,43,120
120,63,48,120
120,48,48,120
120,78,71,120
0,51,51,120
120,66,40,120
0,69,40,120
0,72,59,120
0,57,44,120
120,63,47,120
120,73,67,120
0,48,48,120
120,75,68,120
0,54,51,120
120,66,40,120
0,69,40,120
0,72,60,120
0,57,43,120
120,63,48,120
120,48,48,120
120,78,74,120
0,51,52,120
120,66,42,120
0,69,42,120
0,72,63,120
0,57,46,120
120,63,50,120
120,73,78,120
0,48,51,120
120,75,88,120
0,54,57,120
120,72,54,120
0,78,54,120
0,84,78,120
0,57,54,120
120,63,54,120
120,48,55,120
120,84,73,120
0,49,51,120
120,72,50,120
0,73,72,120
0,57,50,120
120,65,47,120
120,75,64,120
0,53,48,120
120,77,69,120
0,58,51,120
120,70,44,120
0,82,69,120
0,73,44,120
0,61,49,120
120,65,48,120
120,49,48,120
120,85,85,120
0,52,61,120
120,73,71,120
0,84,84,120
0,79,71,120
0,61,59,120
120,67,55,120
120,82,80,120
0,52,57,120
120,81,86,120
0,53,61,120
120,77,67,120
0,72,67,120
0,84,80,120
0,60,58,120
120,69,57,120
120,53,57,120
120,78,67,120
0,45,48,120
120,66,55,120
0,77,66,120
0,72,55,120
0,54,44,120
120,63,44,120
120,75,64,120
0,45,44,120
120,74,69,120
0,46,48,120
120,70,53,120
0,77,64,120
0,73,53,120
0,65,53,120
0,53,44,120
120,61,44,120
120,46,44,120
120,85,85,120
0,52,61,120
120,73,71,120
0,84,84,120
0,79,71,120
0,61,59,120
120,67,55,120
120,82,80,120
0,52,57,120
120,81,86,120
0,53,61,120
120,77,67,120
0,72,67,120
0,84,80,120
0,60,58,120
120,69,57,120
120,53,57,120
120,83,84,120
0,50,61,120
120,71,65,120
0,82,77,120
0,77,65,120
0,59,58,120
120,65,55,120
120,80,80,120
0,50,55,120
120,79,86,120
0,51,61,120
120,78,63,120
0,70,63,120
0,82,75,120
0,58,57,120
120,66,55,120
120,51,55,120
120,78,83,720
0,69,83,240
0,81,99,240
0,39,69,120
120,46,59,120
120,70,66,240
0,82,79,240
0,58,71,120
120,46,59,120
120,69,75,240
0,81,89,240
0,41,69,120
120,46,59,120
120,82,79,240
0,70,66,240
0,77,66,240
0,58,69,120
120,46,59,120
120,69,78,240
0,77,78,240
0,81,92,240
0,42,69,120
120,46,59,120
120,75,67,480
0,70,67,240
0,82,80,240
0,58,68,120
120,46,59,120
120,69,74,240
0,81,89,240
0,43,68,120
120,51,59,120
120,70,67,240
0,73,67,240
0,82,80,240
0,63,68,120
120,51,59,120
120,66,84,120
0,61,79,120
0,73,100,120
0,44,52,120
0,51,57,120
0,58,68,120
240,60,65,120
0,66,73,120
0,72,86,120
0,44,39,120
0,51,46,120
0,56,56,120
480,70,66,240
0,61,56,240
0,66,58,240
0,56,56,240
0,34,38,240
0,46,46,240
240,56,58,480
0,70,68,480
0,62,58,480
0,66,56,480
0,35,41,480
0,47,49,480
480,68,62,360
0,63,53,360
0,66,62,360
0,56,53,360
0,36,39,360
0,48,46,360
360,53,49,120
120,53,41,960
0,61,41,960
0,68,49,960
0,37,31,960
0,49,37,1440
960,56,41,480
0,61,41,480
0,65,49,480
480,66,44,480
0,58,37,480
0,63,37,480
0,42,39,480
480,54,31,1920
0,60,37,1920
0,65,46,960
0,44,36,1200
960,63,41,960
240,45,37,240
240,46,39,240
240,44,37,240
120,53,41,600
60,61,41,1020
60,68,49,480
0,37,33,960
480,56,41,480
0,65,49,480
480,66,49,240
0,58,41,240
0,61,41,480
0,49,39,480
240,56,39,240
0,65,47,240
240,63,41,480
0,60,37,240
0,68,44,240
0,42,39,480
240,58,35,240
0,66,41,240
240,54,29,1920
0,60,36,1920
0,65,45,960
0,44,29,1200
960,63,41,960
240,45,37,240
240,48,35,160
160,46,34,160
160,44,34,160
160,68,52,480
0,61,40,960
0,53,41,480
0,37,41,480
480,64,44,11
0,70,51,480
0,55,44,480
480,63,44,480
0,72,52,480
0,44,37,960
0,54,44,480
480,73,58,360
0,66,49,480
0,58,44,360
360,72,53,120
0,75,60,120
0,56,49,120
120,65,42,480
0,73,47,480
0,77,61,480
0,49,39,480
0,56,42,480
480,64,44,9
0,61,44,480
0,70,51,480
0,55,44,480
480,60,44,420
0,63,44,960
0,72,52,420
0,44,37,480
0,54,44,960
420,58,56,540
60,73,58,360
0,42,37,420
360,75,60,120
60,41,41,540
60,65,53,480
0,72,53,960
0,77,63,480
0,57,49,480
480,75,60,480
0,65,53,960
0,33,40,480
0,45,48,480
480,61,53,480
0,70,63,480
0,73,63,480
0,34,41,480
0,46,49,480
480,64,53,17
0,68,53,360
0,72,63,360
0,36,41,360
0,48,49,360
360,65,57,120
0,70,57,120
0,37,37,120
0,49,45,120
120,59,51,480
0,65,56,480
0,68,61,480
0,38,41,480
0,50,49,480
480,63,59,360
0,54,47,360
0,58,49,360
0,66,59,360
0,39,41,360
0,51,49,360
360,56,47,120
0,61,56,120
0,65,56,120
0,41,37,120
0,53,45,120
120,63,59,720
0,58,49,480
0,61,59,480
0,42,41,480
0,54,49,480
480,54,47,360
0,60,53,360
0,44,45,480
240,64,60,120
120,65,55,1080
60,73,60,1020
60,80,72,960
0,37,39,160
160,55,33,160
160,56,31,160
160,58,37,160
160,56,31,160
160,44,31,160
160,68,49,480
0,73,49,480
0,77,60,480
0,49,39,160
160,55,35,160
160,56,35,160
160,65,34,240
0,68,39,240
0,58,37,160
160,56,33,160
80,70,41,240
0,75,41,240
0,78,55,240
80,44,33,160
160,77,65,720
0,66,38,960
0,72,45,960
0,51,39,160
160,55,35,160
160,56,35,160
160,58,37,160
160,56,33,160
80,75,55,240
80,44,33,160
160,70,58,240
0,54,39,160
160,55,35,160
80,68,52,240
80,56,35,160
160,61,61,240
0,58,37,160
160,56,33,160
80,63,55,120
80,44,33,160
40,65,62,120
120,65,55,480
0,73,57,960
0,80,68,480
0,49,39,120
240,55,34,120
120,56,33,120
120,68,49,480
0,77,62,480
0,58,37,120
120,56,31,108
120,56,37,120
120,44,37,120
120,78,66,240
0,73,57,480
0,70,55,240
0,49,39,120
240,68,46,240
0,77,55,240
0,55,35,120
120,56,35,120
120,68,48,160
0,77,57,160
0,58,37,120
120,56,33,108
40,72,46,160
0,80,55,160
80,56,37,120
80,70,46,160
0,78,55,160
40,44,31,120
120,77,61,720
0,66,32,960
0,72,38,960
0,51,39,120
240,55,35,120
120,56,35,120
120,58,37,120
120,56,33,108
120,75,60,240
0,56,37,120
120,44,33,120
120,70,60,160
0,54,39,240
160,68,51,160
80,55,35,120
80,70,51,160
40,56,35,120
120,68,58,160
0,58,39,120
120,56,35,108
40,61,53,160
80,56,39,120
80,63,53,160
40,44,35,120
120,68,59,480
0,73,58,960
0,80,73,960
0,49,44,120
120,56,39,120
120,58,39,120
120,56,39,120
120,70,57,480
0,82,68,480
0,65,44,120
120,56,40,120
120,58,40,120
120,56,41,120
120,84,73,480
0,80,61,960
0,78,61,960
0,72,61,480
0,44,45,120
120,56,40,120
120,58,41,120
120,56,41,120
120,73,68,360
0,85,75,360
0,66,47,120
120,56,44,120
120,58,44,120
120,75,70,120
0,87,73,120
0,56,44,120
120,80,66,960
0,77,66,960
0,89,78,480
0,49,48,120
120,56,42,120
120,58,42,120
120,56,42,120
120,82,73,480
0,70,61,480
0,65,49,120
120,56,46,120
120,58,46,120
120,56,46,120
120,78,66,480
0,80,66,480
0,72,66,480
0,84,78,480
0,44,50,120
120,56,46,120
120,58,46,120
120,56,46,120
120,73,66,360
0,85,79,360
0,66,52,120
120,56,49,120
120,58,49,120
120,75,64,120
0,87,77,120
0,56,49,120
120,84,66,960
0,87,74,960
0,77,70,480
0,89,81,480
0,45,57,120
120,52,51,120
120,53,51,120
120,60,51,120
120,78,66,720
0,90,78,720
0,57,58,120
120,64,53,120
120,65,53,120
120,72,53,120
120,82,74,960
0,85,74,960
0,46,59,120
120,52,52,120
120,89,77,240
0,77,64,240
0,53,52,120
120,61,53,120
120,76,63,240
0,88,75,240
0,58,60,120
120,64,55,120
120,77,63,240
0,89,75,240
0,65,55,120
120,73,56,120
120,80,72,480
0,90,71,960
0,92,85,480
0,87,57,960
0,48,61,120
120,55,55,120
120,56,55,120
120,63,55,120
120,82,70,720
0,94,84,720
0,60,62,120
120,67,57,120
120,68,57,120
120,75,57,120
120,89,81,480
0,50,62,120
120,57,56,120
120,92,80,240
0,80,67,240
0,58,57,120
120,65,57,120
120,78,70,360
0,90,84,360
0,82,62,480
0,62,63,120
120,69,58,120
120,70,59,120
120,89,78,120
0,77,66,120
120,82,73,480
0,80,73,240
0,92,86,240
0,39,59,120
120,46,52,120
120,78,60,240
0,90,72,240
0,51,52,120
120,58,52,120
120,89,72,240
0,82,54,480
0,77,57,240
0,41,59,120
120,46,52,120
120,74,60,240
0,86,72,240
0,50,52,120
120,56,52,120
120,82,54,480
0,89,81,240
0,77,69,240
0,42,62,120
120,46,52,120
120,87,71,240
0,75,60,240
0,51,52,120
120,58,52,120
120,76,55,480
0,82,72,240
0,70,61,240
0,43,61,120
120,49,52,120
120,85,67,240
0,73,56,240
0,52,52,120
120,58,52,120
120,70,66,240
0,77,61,480
0,82,80,240
0,44,59,120
120,49,52,120
120,80,73,240
0,68,61,240
0,53,52,120
120,61,52,120
120,73,73,480
0,66,61,240
0,61,61,0
0,46,58,120
120,49,52,120
120,66,62,240
0,78,74,240
0,54,52,120
120,61,52,120
120,61,67,480
0,75,80,480
0,66,67,480
0,73,67,480
0,44,52,120
120,51,47,120
120,56,47,120
120,61,47,120
120,65,63,240
0,77,75,240
0,72,51,480
0,42,55,120
120,48,47,120
120,66,60,240
0,78,70,240
0,51,47,120
120,56,47,120
120,73,47,480
0,70,62,240
0,82,77,240
0,41,55,120
120,44,47,120
120,69,51,240
0,81,68,240
0,49,47,120
120,56,47,120
120,80,77,160
0,73,53,160
0,68,64,160
0,46,56,120
120,49,47,120
40,73,70,320
0,61,60,160
80,54,47,120
80,66,60,160
0,78,70,160
40,61,47,120
120,73,66,480
0,75,80,240
0,66,66,480
0,63,66,240
0,45,55,120
120,49,47,120
120,65,57,120
0,77,68,120
0,54,47,120
120,63,53,120
0,75,63,120
0,61,47,120
120,62,61,120
0,72,61,480
0,74,73,120
0,44,51,120
120,63,57,120
0,75,68,120
0,51,47,120
120,65,61,120
0,77,73,120
0,60,47,120
120,66,58,120
0,78,69,120
0,42,47,120
120,73,67,320
0,67,70,160
0,79,83,160
0,41,56,120
120,44,47,120
40,80,79,160
0,68,66,160
80,49,46,120
80,77,69,160
0,89,77,160
40,56,46,120
120,78,70,320
0,75,70,160
0,87,82,160
0,46,53,120
120,49,45,120
40,73,62,160
0,85,73,160
80,54,44,120
80,73,64,160
0,78,80,160
0,66,68,160
40,61,44,120
120,73,69,480
0,75,82,900
0,63,69,480
0,68,69,720
0,44,50,120
120,51,42,120
120,56,42,120
120,61,41,120
120,66,61,240
0,72,61,240
0,44,49,120
120,51,41,120
120,56,40,120
120,60,40,120
60,73,73,60
60,65,72,160
0,73,85,160
0,49,56,160
0,56,56,160
0,61,66,160
160,63,62,80
0,70,73,80
0,51,42,80
0,55,42,80
0,61,51,80
160,63,62,80
0,70,73,80
0,51,42,80
0,55,42,80
0,61,51,80
160,63,62,160
0,70,75,160
0,51,46,160
0,55,46,160
0,61,56,160
160,68,71,80
0,56,42,80
0,60,51,80
160,72,62,80
0,78,74,80
0,56,42,80
0,68,51,80
0,63,42,80
160,72,63,160
0,78,75,160
0,56,46,160
0,63,46,160
0,68,56,160
160,73,62,80
0,77,74,80
0,61,42,80
0,68,51,80
160,75,62,80
0,82,74,80
0,67,51,80
0,63,42,80
0,73,51,80
160,75,64,160
0,82,78,160
0,63,46,160
0,67,56,160
0,73,56,160
160,80,73,80
0,68,42,80
0,72,51,80
160,90,73,80
0,84,62,80
0,68,42,80
0,75,42,80
0,80,51,80
160,84,64,160
0,90,78,160
0,68,46,160
0,75,46,160
0,80,56,160
160,85,62,80
0,89,73,80
0,73,42,80
0,80,51,80
160,82,73,80
0,75,62,80
0,63,44,80
0,73,52,80
0,67,44,80
160,75,62,160
0,82,75,160
0,63,46,160
0,67,46,160
0,73,56,160
160,80,72,80
0,68,44,80
0,72,52,80
160,72,62,80
0,78,74,80
0,56,44,80
0,63,44,80
0,68,52,80
160,78,75,160
0,72,62,160
0,56,46,160
0,63,46,160
0,68,56,160
160,73,60,80
0,77,71,80
0,61,44,80
0,68,52,80
160,70,74,80
0,63,62,80
0,55,44,80
0,51,44,80
0,61,52,80
160,63,64,160
0,70,78,160
0,51,46,160
0,55,46,160
0,61,56,160
160,68,74,80
0,56,44,80
0,60,52,80
160,60,62,80
0,66,74,80
0,51,44,80
0,44,44,80
0,56,52,80
160,60,64,160
0,66,78,160
0,44,46,160
0,51,46,160
0,56,56,160
160,65,67,80
0,61,56,80
0,49,39,80
0,56,47,80
160,64,49,80
0,69,59,80
0,55,36,80
0,61,41,80
160,64,51,160
0,69,62,160
0,55,37,160
0,61,44,160
160,63,49,80
0,68,58,80
0,56,34,80
0,60,41,80
160,72,44,80
0,78,52,80
0,56,29,80
0,68,36,80
0,63,29,80
160,72,46,160
0,78,55,160
0,56,33,160
0,63,33,160
0,68,39,160
160,73,44,80
0,77,52,80
0,61,29,80
0,68,36,80
160,81,52,80
0,76,44,80
0,67,36,80
0,73,36,80
160,76,46,160
0,81,55,160
0,67,39,160
0,73,39,160
160,75,41,80
0,80,51,80
0,68,29,80
0,72,36,80
160,84,39,80
0,90,46,80
0,68,26,80
0,75,26,80
0,80,31,80
160,84,40,160
0,90,49,160
0,68,29,160
0,75,29,160
0,80,35,160
160,85,39,80
0,89,46,80
0,73,26,80
0,80,31,80
160,76,47,80
0,81,55,80
0,73,39,80
0,67,33,80
160,76,49,160
0,81,59,160
0,67,35,160
0,73,41,160
160,75,45,80
0,80,56,80
0,68,33,80
0,72,39,80
160,72,47,80
0,78,56,80
0,56,33,80
0,63,33,80
0,68,39,80
160,72,49,160
0,78,59,160
0,56,35,160
0,63,35,160
0,68,41,160
160,73,47,80
0,77,55,80
0,61,33,80
0,68,39,80
160,64,45,80
0,69,54,80
0,55,33,80
0,61,39,80
160,64,49,160
0,69,59,160
0,55,35,160
0,61,41,160
160,63,45,80
0,68,56,80
0,56,33,80
0,60,39,80
160,63,52,80
0,60,52,80
0,66,62,80
0,44,41,80
0,56,49,80
160,63,49,160
0,60,49,160
0,66,59,160
0,44,39,160
0,56,47,160
160,64,42,80
0,60,41,80
0,67,49,80
0,43,33,80
0,55,39,80
160,72,56,80
0,62,49,80
0,66,47,80
0,55,38,80
0,57,45,80
160,62,49,160
0,66,49,160
0,72,59,160
0,55,39,160
0,57,47,160
160,62,42,80
0,67,41,80
0,71,48,80
0,55,31,80
0,59,39,80
160,65,47,80
0,67,47,80
0,71,47,80
0,77,56,80
0,55,36,80
0,62,44,80
160,71,49,160
0,65,49,160
0,67,49,160
0,77,59,160
0,55,39,160
0,62,47,160
160,67,46,80
0,72,44,80
0,76,52,80
0,60,34,80
0,55,34,80
0,64,41,80
160,84,56,80
0,74,49,80
0,78,47,80
0,72,49,80
0,55,44,80
0,62,44,80
0,69,44,80
160,72,49,160
0,84,59,160
0,74,49,160
0,78,49,160
0,55,47,160
0,62,47,160
0,69,47,160
160,71,46,80
0,79,41,80
0,83,51,80
0,55,44,80
0,62,34,80
0,67,41,80
160,77,49,80
0,79,49,80
0,83,47,80
0,89,55,80
0,55,47,80
0,62,36,80
0,67,44,80
160,77,49,160
0,79,49,160
0,83,49,160
0,89,59,160
0,55,39,160
0,62,39,160
0,67,47,160
160,74,63,160
0,70,45,160
0,62,34,160
0,68,49,160
160,71,66,160
0,80,80,160
0,53,61,160
160,73,68,160
0,77,74,160
0,56,47,160
0,65,56,160
160,74,71,160
0,83,84,160
0,50,62,160
160,76,66,160
0,80,79,160
0,56,49,160
0,62,59,160
160,77,74,160
0,86,89,160
0,47,64,160
160,83,85,160
0,79,72,160
0,53,50,160
0,59,60,160
160,89,92,160
0,80,78,160
0,44,69,160
160,82,73,160
0,86,86,160
0,50,53,160
0,56,64,160
160,83,79,160
0,92,94,160
0,41,77,160
160,83,77,160
0,95,90,160
0,29,69,160
0,41,69,160
160,84,85,160
0,96,101,160
0,40,42,160
0,28,42,160
160,60,64,160
0,67,64,160
0,72,77,160
0,40,36,160
0,52,50,160
160,67,64,160
0,60,64,160
0,72,77,160
0,40,40,160
0,52,48,160
160,60,55,160
0,68,55,160
0,72,77,160
0,40,40,160
0,52,48,160
160,60,63,160
0,68,63,160
0,72,75,160
0,40,40,160
0,52,48,160
160,60,63,160
0,68,63,160
0,72,75,160
0,40,41,160
0,52,49,160
160,72,80,160
0,60,57,160
0,68,57,160
0,40,38,160
0,52,55,160
160,60,64,160
0,68,64,160
0,72,77,160
0,39,44,160
0,51,52,160
160,60,64,160
0,68,64,160
0,72,77,160
0,39,44,160
0,51,52,160
160,60,68,160
0,68,68,160
0,72,81,160
0,39,47,160
0,51,56,160
160,72,79,160
0,60,67,160
0,68,67,160
0,40,44,160
0,52,52,160
160,60,67,160
0,68,67,160
0,72,79,160
0,40,44,160
0,52,52,160
160,60,67,80
0,68,67,80
0,72,80,80
0,40,46,80
0,52,56,80
160,60,68,80
0,69,68,80
0,72,81,80
0,40,47,80
0,52,57,80
160,60,69,80
0,69,69,80
0,72,82,80
0,40,48,80
0,52,58,80
160,69,71,80
0,60,71,80
0,72,83,80
0,40,49,80
0,52,58,80
160,61,71,80
0,69,71,80
0,73,84,80
0,40,50,80
0,52,59,80
160,61,71,80
0,69,71,80
0,73,85,80
0,40,51,80
0,52,61,80
160,61,72,80
0,69,72,80
0,73,86,80
0,40,52,80
0,52,62,80
160,73,88,80
0,61,73,80
0,69,73,80
0,39,52,80
0,51,62,80
160,61,75,80
0,69,75,80
0,73,90,80
0,39,53,80
0,51,63,80
160,61,77,80
0,69,77,80
0,73,91,80
0,39,53,80
0,51,64,80
160,61,78,80
0,68,78,80
0,73,92,80
0,40,55,80
0,52,66,80
160,73,93,80
0,61,79,80
0,67,79,80
0,40,56,80
0,52,67,80
160,61,73,80
0,68,86,80
0,73,102,80
0,41,52,80
0,53,74,80
160,65,68,160
0,68,80,160
0,77,95,160
0,56,50,160
0,49,50,160
0,61,71,160
160,65,68,160
0,68,80,160
0,77,95,160
0,56,51,160
0,49,51,160
0,61,72,160
160,65,72,160
0,68,85,160
0,77,101,160
0,49,53,160
0,56,53,160
0,61,75,160
160,75,95,160
0,63,68,160
160,61,68,160
0,73,95,160
160,30,68,160
0,42,96,160
160,65,68,160
0,70,80,160
0,77,95,160
0,54,50,160
0,49,50,160
0,61,71,160
160,65,68,160
0,70,80,160
0,77,95,160
0,54,51,160
0,49,51,160
0,61,72,160
160,65,72,160
0,70,85,160
0,77,101,160
0,49,53,160
0,54,53,160
0,61,75,160
160,75,95,160
0,63,68,160
160,61,68,160
0,73,95,160
160,32,68,160
0,44,96,160
160,65,68,160
0,68,80,160
0,77,95,160
0,56,50,160
0,49,50,160
0,61,71,160
160,65,68,160
0,68,80,160
0,77,95,160
0,56,51,160
0,49,51,160
0,61,72,160
160,65,72,160
0,68,85,160
0,77,101,160
0,49,53,160
0,56,53,160
0,61,75,160
160,75,95,160
0,63,68,160
160,61,68,160
0,73,95,160
160,34,68,160
0,46,96,160
160,65,68,160
0,67,80,160
0,77,95,160
0,58,50,160
0,51,50,160
0,61,71,160
160,65,68,160
0,67,80,160
0,77,95,160
0,58,51,160
0,51,51,160
0,61,72,160
160,65,72,160
0,67,85,160
0,77,101,160
0,51,53,160
0,58,53,160
0,61,75,160
160,75,95,160
0,63,68,160
160,61,68,160
0,73,95,160
160,51,84,1920
0,55,84,1920
0,61,95,1920
0,63,101,1920
0,27,59,1920
0,39,70,1920
1920,54,80,1920
0,60,80,1920
0,65,95,1920
0,32,56,1920
0,44,66,1920
1920,34,44,120
0,46,52,120
120,53,29,120
120,49,22,120
0,61,26,120
0,58,22,120
120,41,33,120
120,34,25,120
0,46,29,120
120,53,29,120
120,49,23,120
0,61,27,120
0,58,23,120
120,41,35,120
120,34,27,120
0,46,33,120
120,53,30,120
120,49,24,120
0,61,29,120
0,58,24,120
120,41,35,120
120,34,28,120
0,46,34,120
120,53,35,120
120,49,26,120
0,61,31,120
0,58,26,120
120,41,39,120
120,34,30,120
0,46,38,120
120,53,35,120
120,49,28,120
0,61,34,120
0,58,28,120
120,41,39,120
120,34,29,120
0,46,35,120
120,53,34,120
120,49,25,120
0,61,30,120
0,58,25,120
120,41,36,120
120,34,27,120
0,46,33,120
120,53,30,120
120,49,24,120
0,61,29,120
0,58,24,120
120,41,35,120
120,34,25,120
0,46,29,120
120,53,29,120
120,49,24,120
0,61,28,120
0,58,24,120
120,53,33,120
120,73,54,120
0,46,35,120
120,70,51,60
0,53,34,120
120,61,30,120
0,58,30,120
120,72,51,120
0,53,31,120
120,73,54,120
0,46,35,120
120,70,51,60
0,53,33,120
120,61,31,120
0,58,31,120
120,53,31,120
120,73,54,120
0,46,35,120
120,70,51,60
0,53,34,120
120,61,31,120
0,58,31,120
120,72,51,120
0,53,31,120
120,73,54,120
0,46,35,120
120,70,51,60
0,53,33,120
120,61,31,120
0,58,31,120
120,53,31,120
120,73,54,120
0,46,35,120
120,70,51,60
0,53,33,120
120,61,31,120
0,58,31,120
120,72,61,120
0,53,33,120
120,73,66,120
0,46,37,120
120,82,64,60
0,53,35,120
120,61,34,120
0,58,34,120
120,53,34,120
120,81,64,120
0,48,35,120
120,72,59,60
0,54,34,120
120,63,30,120
0,57,30,120
120,73,51,120
0,54,31,120
120,75,54,120
0,48,35,120
120,72,51,60
0,54,33,120
120,63,31,120
0,57,31,120
120,54,31,120
120,78,57,120
0,48,35,120
120,72,51,60
0,51,34,120
120,63,30,120
0,57,30,120
120,73,51,120
0,51,31,120
120,75,54,120
0,48,35,120
120,72,51,60
0,54,33,120
120,63,31,120
0,57,31,120
120,54,31,120
120,78,57,120
0,48,35,120
120,72,51,60
0,51,34,120
120,63,30,120
0,57,30,120
120,73,51,120
0,51,31,120
120,75,54,120
0,48,35,120
120,72,51,60
0,54,33,120
120,63,31,120
0,57,31,120
120,54,31,120
120,78,60,120
0,48,35,120
120,72,53,60
0,51,35,120
120,63,34,120
0,57,34,120
120,73,65,120
0,51,35,120
120,75,71,120
0,48,39,120
120,84,64,60
0,54,37,120
120,63,37,120
0,57,37,120
120,54,38,120
120,84,61,240
0,49,35,120
120,73,57,60
0,53,34,120
120,65,30,120
0,57,30,120
120,75,49,120
0,53,31,120
120,82,52,240
0,77,52,120
0,49,35,120
120,73,49,60
0,53,33,120
120,65,31,120
0,58,31,120
120,53,31,120
120,73,69,120
0,85,82,120
0,52,56,120
120,84,75,60
0,79,63,60
0,61,53,120
120,67,50,120
120,73,61,120
0,82,72,120
0,52,51,120
120,81,78,120
0,77,64,120
0,53,56,120
120,72,57,60
0,84,68,60
0,60,52,120
120,69,58,120
120,53,51,120
120,66,46,120
0,78,55,120
0,45,33,120
120,77,50,60
0,72,42,60
0,54,30,120
120,63,29,120
120,66,40,120
0,75,49,120
0,45,29,120
120,73,52,120
0,70,44,120
0,46,33,120
120,65,40,60
0,77,49,60
0,53,30,120
120,61,29,120
120,46,29,120
120,73,69,120
0,85,82,120
0,52,56,120
120,84,75,60
0,79,63,60
0,61,53,120
120,67,50,120
120,73,61,120
0,82,72,120
0,52,51,120
120,81,78,120
0,77,64,120
0,53,56,120
120,72,57,60
0,84,68,60
0,60,52,120
120,69,58,120
120,53,51,120
120,66,46,120
0,78,55,120
0,45,33,120
120,77,50,60
0,72,42,60
0,54,30,120
120,63,29,120
120,66,40,120
0,75,49,120
0,45,29,120
120,74,52,120
0,70,44,120
0,46,33,120
120,73,40,60
0,65,40,60
0,77,49,60
0,53,30,120
120,61,29,120
120,46,29,120
120,82,75,120
0,77,75,120
0,89,89,120
0,43,56,120
120,88,83,60
0,76,70,60
0,48,53,120
120,49,50,120
120,73,62,120
0,85,75,120
0,58,49,120
120,75,68,120
0,84,80,120
0,72,68,120
0,43,52,120
120,70,62,60
0,82,75,60
0,48,49,120
120,49,49,120
120,58,49,120
120,70,68,120
0,82,80,120
0,43,47,120
120,80,73,60
0,76,61,60
0,48,45,120
120,49,42,120
120,67,57,120
0,79,68,120
0,58,44,120
120,75,59,120
0,78,69,120
0,45,49,120
120,66,53,60
0,72,62,60
0,50,44,120
120,51,46,120
120,60,44,120
120,68,57,120
0,80,68,120
0,47,47,120
120,79,62,60
0,74,52,60
0,52,45,120
120,53,42,120
120,65,51,120
0,77,61,120
0,62,44,120
120,72,53,120
0,75,63,120
0,48,49,120
120,63,44,60
0,67,52,60
0,54,39,120
120,55,40,120
120,63,39,120
120,72,57,120
0,75,67,120
0,46,52,120
120,66,59,60
0,63,49,60
0,53,45,120
120,54,41,120
120,63,42,120
120,72,53,120
0,75,62,120
0,45,52,120
120,63,46,60
0,65,56,60
0,52,41,120
120,53,42,120
120,63,41,120
120,73,68,120
0,46,51,120
120,61,40,120
0,65,40,120
0,70,59,120
0,53,44,120
120,58,47,120
120,72,67,120
0,41,48,120
120,73,68,120
0,46,51,120
120,61,40,120
0,65,40,120
0,70,60,120
0,53,43,120
120,58,48,120
120,41,48,120
120,73,68,120
0,46,51,120
120,61,40,120
0,65,40,120
0,70,60,120
0,53,44,120
120,58,48,120
120,72,68,120
0,41,48,120
120,73,68,120
0,46,51,120
120,61,40,120
0,65,40,120
0,70,60,120
0,53,43,120
120,58,48,120
120,41,48,120
120,73,68,120
0,46,51,120
120,61,46,120
0,65,46,120
0,70,67,120
0,53,49,120
120,58,48,120
120,72,73,120
0,41,49,120
120,73,84,120
0,46,54,120
120,70,52,120
0,77,52,120
0,82,76,120
0,53,51,120
120,61,50,120
120,49,50,120
120,81,76,120
0,48,51,120
120,69,46,120
0,72,67,120
0,54,44,120
120,63,47,120
120,73,67,120
0,48,48,120
120,75,68,120
0,54,51,120
120,66,40,120
0,69,40,120
0,72,60,120
0,57,43,120
120,63,48,120
120,48,48,120
120,78,71,120
0,51,51,120
120,66,40,120
0,69,40,120
0,72,59,120
0,57,44,120
120,63,47,120
120,73,67,120
0,48,48,120
120,75,68,120
0,54,51,120
120,66,40,120
0,69,40,120
0,72,60,120
0,57,43,120
120,63,48,120
120,48,48,120
120,78,71,120
0,51,51,120
120,66,40,120
0,69,40,120
0,72,59,120
0,57,44,120
120,63,47,120
120,73,67,120
0,48,48,120
120,75,68,120
0,54,51,120
120,66,40,120
0,69,40,120
0,72,60,120
0,57,43,120
120,63,48,120
120,48,48,120
120,78,74,120
0,51,52,120
120,66,42,120
0,69,42,120
0,72,63,120
0,57,46,120
120,63,50,120
120,73,82,120
0,48,51,120
120,75,88,120
0,54,57,120
120,72,54,120
0,78,54,120
0,84,78,120
0,57,54,120
120,63,54,120
120,48,55,120
120,84,73,120
0,49,51,120
120,72,50,120
0,73,72,120
0,57,50,120
120,65,47,120
120,75,64,120
0,53,48,120
120,77,69,120
0,58,51,120
120,70,44,120
0,82,69,120
0,73,44,120
0,61,49,120
120,65,48,120
120,49,48,120
120,85,85,120
0,52,61,120
120,73,71,120
0,84,84,120
0,79,71,120
0,61,59,120
120,67,55,120
120,82,80,120
0,52,57,120
120,81,86,120
0,53,61,120
120,77,67,120
0,72,67,120
0,84,80,120
0,60,58,120
120,69,57,120
120,53,57,120
120,78,67,120
0,45,48,120
120,66,55,120
0,77,66,120
0,72,55,120
0,54,44,120
120,63,44,120
120,75,64,120
0,45,44,120
120,74,69,120
0,46,48,120
120,70,53,120
0,73,53,120
0,65,53,120
0,77,64,120
0,53,44,120
120,61,44,120
120,46,44,120
120,85,85,120
0,52,61,120
120,73,71,120
0,84,84,120
0,79,71,120
0,61,59,120
120,67,55,120
120,82,80,120
0,52,57,120
120,81,86,120
0,53,61,120
120,77,67,120
0,72,67,120
0,84,80,120
0,60,58,120
120,69,57,120
120,53,57,120
120,83,84,120
0,50,61,120
120,71,65,120
0,82,77,120
0,77,65,120
0,59,58,120
120,65,55,120
120,80,80,120
0,50,55,120
120,79,86,120
0,51,61,120
120,78,63,120
0,70,63,120
0,82,75,120
0,58,57,120
120,66,55,120
120,51,55,120
120,78,83,720
0,69,83,240
0,81,99,240
0,39,69,120
120,46,59,120
120,70,66,240
0,82,79,240
0,58,71,120
120,46,59,120
120,69,75,240
0,81,89,240
0,41,69,120
120,46,59,120
120,70,66,240
0,77,66,240
0,82,79,240
0,58,69,120
120,46,59,120
120,69,78,240
0,77,78,240
0,81,92,240
0,42,69,120
120,46,59,120
120,75,67,480
0,70,67,240
0,82,80,240
0,58,68,120
120,46,59,120
120,69,74,240
0,81,89,240
0,43,68,120
120,51,59,120
120,70,67,240
0,73,67,240
0,82,80,240
0,63,68,120
120,51,59,120
120,61,79,120
0,66,84,120
0,73,100,120
0,44,51,120
0,51,57,120
0,58,68,120
240,60,66,120
0,66,73,120
0,72,86,120
0,44,39,120
0,51,46,120
0,56,56,120
480,56,56,240
0,61,56,240
0,66,58,240
0,70,66,240
0,34,38,240
0,46,46,240
240,56,58,480
0,62,58,480
0,66,56,480
0,70,68,480
0,35,41,480
0,47,49,480
480,56,53,360
0,63,53,360
0,66,62,360
0,68,62,360
0,36,39,360
0,48,46,360
360,53,49,120
120,53,41,960
0,61,41,960
0,68,49,960
0,37,31,960
0,49,37,1440
960,56,41,480
0,61,41,480
0,65,49,480
480,58,37,480
0,63,37,480
0,66,44,480
0,42,39,480
480,54,34,1920
0,60,36,1920
0,65,47,960
0,44,39,1200
960,63,41,960
240,45,37,240
240,46,39,240
240,44,37,240
120,53,41,600
60,61,41,1020
60,68,49,480
0,37,33,960
0,49,39,1440
480,56,41,480
0,65,49,480
480,58,41,240
0,61,41,480
0,66,49,240
240,56,39,240
0,65,47,240
240,63,41,480
0,60,37,240
0,68,44,240
0,42,39,480
240,58,35,240
0,66,41,240
240,54,31,1920
0,60,36,1920
0,65,45,960
0,44,29,1200
960,63,41,960
240,45,37,240
240,48,35,160
160,46,34,160
160,44,34,160
160,61,40,960
0,53,41,480
0,68,53,480
0,37,41,480
480,64,44,12
0,70,51,480
0,55,44,480
480,63,44,480
0,72,52,480
0,44,37,960
0,54,44,480
480,73,58,360
0,66,49,480
0,58,44,360
360,72,53,120
0,75,60,120
0,56,49,120
120,65,43,480
0,73,46,480
0,77,61,480
0,49,39,480
0,56,45,480
480,61,44,480
0,64,44,10
0,70,51,480
0,55,44,480
480,60,44,420
0,63,44,960
0,72,52,420
0,44,37,480
0,54,44,960
420,58,56,540
60,73,58,360
0,42,37,420
360,75,60,120
60,41,41,540
60,65,53,480
0,72,53,960
0,77,63,480
0,57,49,480
480,65,53,960
0,75,60,480
0,33,40,480
0,45,48,480
480,61,53,480
0,70,63,480
0,73,63,480
0,34,41,480
0,46,49,480
480,64,53,18
0,68,53,360
0,72,63,360
0,36,41,360
0,48,49,360
360,65,57,120
0,70,57,120
0,37,37,120
0,49,45,120
120,59,51,480
0,65,56,480
0,68,61,480
0,38,41,480
0,50,49,480
480,54,49,360
0,58,49,360
0,63,59,360
0,66,59,360
0,39,41,360
0,51,49,360
360,56,47,120
0,61,56,120
0,65,56,120
0,41,37,120
0,53,45,120
120,63,59,720
0,58,49,480
0,61,59,480
0,42,41,480
0,54,49,480
480,54,47,360
0,60,53,360
0,44,45,480
240,64,60,120
120,65,55,1080
60,73,60,1020
60,80,72,960
0,37,39,160
160,55,33,160
160,56,31,160
160,58,37,160
160,56,31,160
160,44,31,160
160,68,49,480
0,73,49,480
0,77,60,480
0,49,39,160
160,55,35,160
160,56,35,160
160,65,34,240
0,68,39,240
0,58,37,160
160,56,33,160
80,70,41,240
0,75,41,240
0,78,55,240
80,44,33,160
160,77,68,720
0,66,33,960
0,72,42,960
0,51,39,160
160,55,35,160
160,56,35,160
160,58,37,160
160,56,33,160
80,75,55,240
80,44,33,160
160,70,58,240
0,54,39,160
160,55,35,160
80,68,52,240
80,56,35,160
160,61,61,240
0,58,37,160
160,56,33,160
80,63,55,120
80,44,33,160
40,65,62,120
120,65,55,480
0,73,57,960
0,80,68,480
0,49,39,120
240,55,34,120
120,56,33,120
120,68,49,480
0,77,62,480
0,58,37,120
120,56,31,108
120,56,37,120
120,44,37,120
120,73,57,480
0,70,55,240
0,78,66,240
0,49,39,120
240,68,46,240
0,77,55,240
0,55,35,120
120,56,35,120
120,68,48,160
0,77,57,160
0,58,37,120
120,56,33,108
40,72,46,160
0,80,55,160
80,56,37,120
80,70,46,160
0,78,55,160
40,44,31,120
120,77,61,720
0,66,32,960
0,72,36,960
0,51,39,120
240,55,35,120
120,56,35,120
120,58,37,120
120,56,33,108
120,75,60,240
0,56,37,120
120,44,33,120
120,70,60,160
0,54,39,240
160,68,51,160
80,55,35,120
80,70,51,160
40,56,35,120
120,68,58,160
0,58,39,120
120,56,35,108
40,61,53,160
80,56,39,120
80,63,53,160
40,44,35,120
120,68,61,480
0,73,58,960
0,80,73,960
0,49,44,120
120,56,39,120
120,58,39,120
120,56,39,120
120,70,57,480
0,82,68,480
0,65,44,120
120,56,40,120
120,58,40,120
120,56,41,120
120,80,61,960
0,78,61,960
0,72,61,480
0,84,73,480
0,44,45,120
120,56,40,120
120,58,41,120
120,56,41,120
120,73,68,360
0,85,75,360
0,66,47,120
120,56,44,120
120,58,44,120
120,75,70,120
0,87,73,120
0,56,44,120
120,80,66,960
0,77,66,960
0,89,78,480
0,49,48,120
120,56,42,120
120,58,42,120
120,56,42,120
120,82,73,480
0,70,61,480
0,65,49,120
120,56,46,120
120,58,46,120
120,56,46,120
120,72,66,480
0,84,78,480
0,80,66,480
0,78,66,480
0,44,50,120
120,56,46,120
120,58,46,120
120,56,46,120
120,85,79,360
0,73,66,360
0,66,52,120
120,56,49,120
120,58,49,120
120,75,64,120
0,87,77,120
0,56,49,120
120,84,66,960
0,87,74,960
0,77,70,480
0,89,81,480
0,45,57,120
120,52,51,120
120,53,51,120
120,60,51,120
120,78,66,720
0,90,78,720
0,57,58,120
120,64,53,120
120,65,53,120
120,72,53,120
120,82,74,960
0,85,74,960
0,46,59,120
120,52,52,120
120,77,64,240
0,89,77,240
0,53,52,120
120,61,53,120
120,76,63,240
0,88,75,240
0,58,60,120
120,64,55,120
120,77,63,240
0,89,75,240
0,65,55,120
120,73,56,120
120,87,57,960
0,90,71,960
0,92,85,480
0,80,72,480
0,48,61,120
120,55,55,120
120,56,55,120
120,63,55,120
120,82,70,720
0,94,84,720
0,60,62,120
120,67,57,120
120,68,57,120
120,75,57,120
120,89,81,480
0,50,62,120
120,57,56,120
120,80,67,240
0,92,80,240
0,58,57,120
120,65,57,120
120,78,70,360
0,90,84,360
0,82,62,480
0,62,63,120
120,69,58,120
120,70,59,120
120,89,78,120
0,77,66,120
120,82,73,480
0,80,73,240
0,92,86,240
0,39,59,120
120,46,52,120
120,78,60,240
0,90,72,240
0,51,52,120
120,58,52,120
120,82,53,480
0,77,59,240
0,89,72,240
0,41,59,120
120,46,52,120
120,74,60,240
0,86,72,240
0,50,52,120
120,56,52,120
120,82,61,480
0,89,81,240
0,77,69,240
0,42,62,120
120,46,52,120
120,87,71,240
0,75,60,240
0,51,52,120
120,58,52,120
120,76,53,480
0,82,72,240
0,70,61,240
0,43,61,120
120,49,52,120
120,85,67,240
0,73,56,240
0,52,52,120
120,58,52,120
120,77,64,480
0,70,66,240
0,82,80,240
0,44,59,120
120,49,52,120
120,80,73,240
0,68,61,240
0,53,52,120
120,61,52,120
120,73,73,480
0,66,61,240
0,61,61,0
0,46,58,120
120,49,52,120
120,66,62,240
0,78,74,240
0,54,52,120
120,61,52,120
120,61,67,480
0,66,67,480
0,73,67,480
0,75,80,480
0,44,52,120
120,51,47,120
120,56,47,120
120,61,47,120
120,65,59,240
0,77,75,240
0,72,51,480
0,42,55,120
120,48,47,120
120,66,60,240
0,78,70,240
0,51,47,120
120,56,47,120
120,73,46,480
0,70,60,240
0,82,77,240
0,41,55,120
120,44,47,120
120,69,50,240
0,81,70,240
0,49,47,120
120,56,47,120
120,73,53,160
0,68,64,160
0,80,77,160
0,46,56,120
120,49,47,120
40,73,70,320
0,61,60,160
80,54,47,120
80,66,60,160
0,78,70,160
40,61,47,120
120,63,66,240
0,75,80,240
0,66,66,480
0,73,66,480
0,45,55,120
120,49,47,120
120,65,57,120
0,77,68,120
0,54,47,120
120,63,53,120
0,75,63,120
0,61,47,120
120,72,61,480
0,62,61,120
0,74,73,120
0,44,51,120
120,63,57,120
0,75,68,120
0,51,47,120
120,65,61,120
0,77,73,120
0,60,47,120
120,66,58,120
0,78,69,120
0,42,47,120
120,73,70,320
0,67,70,160
0,79,83,160
0,41,56,120
120,44,47,120
40,68,66,160
0,80,79,160
80,49,46,120
80,77,69,160
0,89,77,160
40,56,46,120
120,78,70,320
0,75,70,160
0,87,82,160
0,46,53,120
120,49,45,120
40,73,62,160
0,85,73,160
80,54,44,120
80,73,64,160
0,78,80,160
0,66,68,160
40,61,44,120
120,75,82,900
0,63,69,480
0,68,69,720
0,73,69,480
0,44,50,120
120,51,42,120
120,56,42,120
120,61,41,120
120,66,61,240
0,72,61,240
0,44,49,120
120,51,41,120
120,56,40,120
120,60,40,120
60,73,73,60
60,65,72,160
0,73,85,160
0,61,66,160
0,49,56,160
0,56,56,160
160,63,62,80
0,70,73,80
0,51,42,80
0,55,42,80
0,61,51,80
160,70,73,80
0,63,62,80
0,61,51,80
0,55,42,80
0,51,42,80
160,63,62,160
0,70,75,160
0,61,56,160
0,55,46,160
0,51,46,160
160,68,71,80
0,56,42,80
0,60,51,80
160,72,62,80
0,78,74,80
0,63,42,80
0,68,51,80
0,56,42,80
160,72,63,160
0,78,75,160
0,68,56,160
0,56,46,160
0,63,46,160
160,73,62,80
0,77,74,80
0,61,42,80
0,68,51,80
160,75,62,80
0,82,74,80
0,73,51,80
0,63,42,80
0,67,51,80
160,82,78,160
0,75,64,160
0,63,46,160
0,67,56,160
0,73,56,160
160,80,73,80
0,68,42,80
0,72,51,80
160,90,73,80
0,84,62,80
0,80,51,80
0,75,42,80
0,68,42,80
160,84,64,160
0,90,78,160
0,68,46,160
0,80,56,160
0,75,46,160
160,85,62,80
0,89,73,80
0,80,51,80
0,73,42,80
160,82,73,80
0,75,62,80
0,63,44,80
0,73,52,80
0,67,44,80
160,75,62,160
0,82,75,160
0,73,56,160
0,67,46,160
0,63,46,160
160,80,72,80
0,68,44,80
0,72,52,80
160,72,62,80
0,78,74,80
0,56,44,80
0,63,44,80
0,68,52,80
160,78,75,160
0,72,62,160
0,68,56,160
0,63,46,160
0,56,46,160
160,73,60,80
0,77,71,80
0,68,52,80
0,61,44,80
160,70,74,80
0,63,62,80
0,61,52,80
0,51,44,80
0,55,44,80
160,63,64,160
0,70,78,160
0,61,56,160
0,55,46,160
0,51,46,160
160,68,74,80
0,56,44,80
0,60,52,80
160,60,62,80
0,66,74,80
0,56,52,80
0,44,44,80
0,51,44,80
160,60,64,160
0,66,78,160
0,56,56,160
0,51,46,160
0,44,46,160
160,65,67,80
0,61,56,80
0,49,39,80
0,56,47,80
160,69,59,80
0,64,49,80
0,55,36,80
0,61,41,80
160,69,62,160
0,64,51,160
0,55,37,160
0,61,44,160
160,63,49,80
0,68,58,80
0,56,34,80
0,60,41,80
160,72,44,80
0,78,52,80
0,63,29,80
0,68,36,80
0,56,29,80
160,72,46,160
0,78,55,160
0,68,39,160
0,63,33,160
0,56,33,160
160,73,44,80
0,77,52,80
0,61,29,80
0,68,36,80
160,76,44,80
0,81,52,80
0,67,36,80
0,73,36,80
160,81,55,160
0,76,46,160
0,67,39,160
0,73,39,160
160,75,41,80
0,80,51,80
0,72,36,80
0,68,29,80
160,84,39,80
0,90,46,80
0,68,26,80
0,75,26,80
0,80,31,80
160,84,40,160
0,90,49,160
0,80,35,160
0,75,29,160
0,68,29,160
160,85,39,80
0,89,46,80
0,73,26,80
0,80,31,80
160,81,55,80
0,76,47,80
0,73,39,80
0,67,33,80
160,76,49,160
0,81,59,160
0,67,35,160
0,73,41,160
160,80,56,80
0,75,45,80
0,68,33,80
0,72,39,80
160,72,47,80
0,78,56,80
0,68,39,80
0,63,33,80
0,56,33,80
160,72,49,160
0,78,59,160
0,63,35,160
0,68,41,160
0,56,35,160
160,73,47,80
0,77,55,80
0,61,33,80
0,68,39,80
160,69,56,80
0,64,47,80
0,55,33,80
0,61,39,80
160,64,49,160
0,69,59,160
0,55,35,160
0,61,41,160
160,68,56,80
0,63,45,80
0,56,33,80
0,60,39,80
160,63,52,80
0,60,52,80
0,66,62,80
0,44,41,80
0,56,49,80
160,63,49,160
0,60,49,160
0,66,59,160
0,44,39,160
0,56,47,160
160,64,42,80
0,60,41,80
0,67,49,80
0,43,33,80
0,55,39,80
160,62,49,80
0,66,47,80
0,72,56,80
0,55,38,80
0,57,45,80
160,66,49,160
0,72,59,160
0,62,49,160
0,57,47,160
0,55,39,160
160,62,42,80
0,67,41,80
0,71,48,80
0,59,39,80
0,55,31,80
160,65,47,80
0,67,47,80
0,71,47,80
0,77,56,80
0,62,44,80
0,55,36,80
160,65,49,160
0,67,49,160
0,77,59,160
0,71,49,160
0,62,47,160
0,55,39,160
160,67,46,80
0,72,44,80
0,76,52,80
0,55,34,80
0,60,34,80
0,64,41,80
160,84,56,80
0,74,49,80
0,78,47,80
0,72,49,80
0,69,44,80
0,55,44,80
0,62,44,80
160,72,49,160
0,74,49,160
0,78,49,160
0,84,59,160
0,69,47,160
0,55,47,160
0,62,47,160
160,79,41,80
0,83,51,80
0,71,46,80
0,62,34,80
0,67,41,80
0,55,44,80
160,77,49,80
0,79,49,80
0,83,47,80
0,89,55,80
0,62,36,80
0,55,47,80
0,67,44,80
160,77,49,160
0,79,49,160
0,83,49,160
0,89,59,160
0,55,39,160
0,67,47,160
0,62,39,160
160,74,63,160
0,70,45,160
0,68,49,160
0,62,34,160
160,71,66,160
0,80,80,160
0,53,61,160
160,73,68,160
0,77,74,160
0,65,56,160
0,56,47,160
160,74,71,160
0,83,84,160
0,50,62,160
160,76,66,160
0,80,79,160
0,56,49,160
0,62,59,160
160,77,74,160
0,86,89,160
0,47,64,160
160,83,85,160
0,79,72,160
0,53,50,160
0,59,60,160
160,89,92,160
0,80,78,160
0,44,69,160
160,82,73,160
0,86,86,160
0,50,53,160
0,56,64,160
160,83,79,160
0,92,94,160
0,41,77,160
160,83,77,160
0,95,90,160
0,29,69,160
0,41,69,160
160,84,85,160
0,96,101,160
0,40,42,160
0,28,42,160
160,60,64,160
0,67,64,160
0,72,77,160
0,52,50,160
0,40,36,160
160,67,64,160
0,60,64,160
0,72,77,160
0,52,48,160
0,40,40,160
160,60,55,160
0,68,55,160
0,72,77,160
0,52,48,160
0,40,40,160
160,60,63,160
0,68,63,160
0,72,75,160
0,40,40,160
0,52,48,160
160,60,63,160
0,68,63,160
0,72,75,160
0,40,41,160
0,52,49,160
160,72,80,160
0,60,57,160
0,68,57,160
0,40,38,160
0,52,55,160
160,60,64,160
0,68,64,160
0,72,77,160
0,39,44,160
0,51,52,160
160,60,64,160
0,68,64,160
0,72,77,160
0,39,44,160
0,51,52,160
160,60,68,160
0,68,68,160
0,72,81,160
0,39,47,160
0,51,56,160
160,72,79,160
0,60,67,160
0,68,67,160
0,40,44,160
0,52,52,160
160,60,67,160
0,68,67,160
0,72,79,160
0,52,52,160
0,40,44,160
160,60,67,80
0,68,67,80
0,72,80,80
0,40,46,80
0,52,56,80
160,60,68,80
0,69,68,80
0,72,81,80
0,40,47,80
0,52,57,80
160,60,69,80
0,69,69,80
0,72,82,80
0,40,48,80
0,52,58,80
160,69,71,80
0,60,71,80
0,72,83,80
0,40,49,80
0,52,58,80
160,61,71,80
0,69,71,80
0,73,84,80
0,40,50,80
0,52,59,80
160,61,71,80
0,69,71,80
0,73,85,80
0,52,61,80
0,40,51,80
160,61,72,80
0,69,72,80
0,73,86,80
0,40,52,80
0,52,62,80
160,73,88,80
0,61,73,80
0,69,73,80
0,39,52,80
0,51,62,80
160,69,75,80
0,73,90,80
0,61,75,80
0,39,53,80
0,51,63,80
160,61,77,80
0,73,91,80
0,69,77,80
0,51,64,80
0,39,53,80
160,61,78,80
0,73,92,80
0,68,78,80
0,52,66,80
0,40,55,80
160,61,79,80
0,67,79,80
0,73,93,80
0,52,67,80
0,40,56,80
160,61,73,80
0,73,102,80
0,68,86,80
0,53,74,80
0,41,52,80
160,65,68,160
0,68,80,160
0,77,95,160
0,56,50,160
0,49,50,160
0,61,71,160
160,65,68,160
0,68,80,160
0,77,95,160
0,56,51,160
0,49,51,160
0,61,72,160
160,65,72,160
0,68,85,160
0,77,101,160
0,49,53,160
0,56,53,160
0,61,75,160
160,63,68,160
0,75,95,160
160,73,95,160
0,61,68,160
160,30,68,160
0,42,96,160
160,65,68,160
0,70,80,160
0,77,95,160
0,49,50,160
0,54,50,160
0,61,71,160
160,65,68,160
0,70,80,160
0,77,95,160
0,54,51,160
0,49,51,160
0,61,72,160
160,65,72,160
0,70,85,160
0,77,101,160
0,49,53,160
0,54,53,160
0,61,75,160
160,63,68,160
0,75,95,160
160,73,95,160
0,61,68,160
160,32,68,160
0,44,96,160
160,65,68,160
0,68,80,160
0,77,95,160
0,56,50,160
0,61,71,160
0,49,50,160
160,65,68,160
0,68,80,160
0,77,95,160
0,61,72,160
0,49,51,160
0,56,51,160
160,65,72,160
0,68,85,160
0,77,101,160
0,61,75,160
0,56,53,160
0,49,53,160
160,63,68,160
0,75,95,160
160,73,95,160
0,61,68,160
160,34,68,160
0,46,96,160
160,65,68,160
0,67,80,160
0,77,95,160
0,58,50,160
0,51,50,160
0,61,71,160
160,65,68,160
0,67,80,160
0,77,95,160
0,61,72,160
0,51,51,160
0,58,51,160
160,65,72,160
0,67,85,160
0,77,101,160
0,61,75,160
0,58,53,160
0,51,53,160
160,63,68,160
0,75,95,160
160,73,95,160
0,61,68,160
160,51,84,1920
0,55,84,1920
0,63,101,1920
0,61,95,1920
0,27,59,1920
0,39,70,1920
1920,54,80,1920
0,65,95,1860
0,60,80,1920
0,32,56,1920
0,44,66,1920
1860,66,86,60
60,54,79,960
0,61,79,960
0,66,93,960
0,45,66,120
0,33,56,120
120,42,60,120
0,30,50,120
240,32,56,120
0,44,66,120
120,33,52,120
0,45,62,120
120,30,52,120
0,42,62,120
360,33,37,120
0,45,44,120
120,30,33,120
0,42,39,120
240,32,37,120
0,44,44,120
120,33,33,120
0,45,39,120
120,30,33,120
0,42,39,120
360,33,37,120
0,45,44,120
120,30,34,120
0,42,39,120
240,32,37,120
0,44,44,120
120,33,34,120
0,45,39,120
120,42,34,120
0,54,39,120
360,60,31,960
0,62,32,1320
0,69,47,480
0,54,41,480
480,70,44,480
0,38,34,480
480,59,39,960
0,71,47,360
0,43,30,960
0,50,30,960
0,55,37,960
360,62,40,120
120,62,44,480
480,38,33,360
0,50,39,360
360,31,29,120
0,43,35,120
120,31,30,480
0,43,37,480
480,38,39,120
120,31,36,120
240,33,39,120
120,35,36,120
120,31,36,120
360,50,41,120
0,38,35,120
120,43,39,120
0,31,31,120
240,45,42,120
0,33,36,120
120,47,39,120
0,35,33,120
120,43,39,120
0,31,33,120
360,50,46,120
0,38,38,120
120,44,42,120
0,32,36,120
240,45,47,120
0,33,40,120
120,47,42,120
0,35,36,120
120,44,45,120
0,32,37,120
360,50,58,120
0,38,48,120
120,44,53,120
0,32,45,120
240,45,60,120
0,33,49,120
120,47,53,120
0,35,46,120
120,44,56,120
0,32,47,120
360,50,63,120
0,38,52,120
120,47,58,120
0,35,49,120
240,49,67,120
0,37,57,120
120,50,60,120
0,38,51,120
120,59,62,120
0,47,52,120
360,62,41,960
0,64,41,969
0,71,49,480
0,56,40,480
480,72,47,480
0,40,36,480
480,61,41,1920
0,73,49,360
0,45,33,960
0,52,33,480
0,57,39,960
360,65,44,120
120,65,47,1440
0,53,33,1440
480,33,33,120
0,45,39,120
120,29,29,120
0,41,36,120
240,31,33,120
0,43,39,120
120,33,29,120
0,45,35,120
120,29,29,120
0,41,35,120
360,65,40,360
0,61,39,960
0,73,56,360
0,45,31,960
0,53,38,480
360,66,55,120
120,66,58,480
0,54,39,480
480,66,51,360
0,62,51,960
0,74,61,360
0,47,35,960
0,54,41,480
360,67,57,120
120,67,60,480
0,55,42,480
480,65,58,960
0,67,58,960
0,75,75,730
0,35,35,120
0,47,41,120
120,31,31,120
0,43,38,120
240,33,38,120
0,45,46,120
120,35,35,120
0,47,41,120
120,31,36,120
0,43,42,120
120,74,68,240
240,63,54,480
0,67,58,480
0,74,73,370
0,36,35,120
0,48,41,120
120,31,31,120
0,43,38,120
240,72,51,480
0,36,38,120
0,48,46,120
120,65,44,480
0,38,35,120
0,50,41,120
120,31,36,120
0,43,42,120
240,70,61,120
120,60,50,960
0,63,58,960
0,70,68,370
0,39,29,120
0,51,35,120
120,31,26,120
0,43,31,120
240,68,55,120
0,38,29,120
0,50,35,120
120,68,61,170
0,39,26,120
0,51,30,120
120,44,26,120
0,56,30,120
40,72,62,170
160,70,61,170
160,59,49,960
0,68,64,490
0,41,29,120
0,53,35,120
120,38,26,120
0,50,31,120
240,39,29,120
0,51,35,120
120,67,58,240
0,41,26,120
0,53,30,120
120,50,26,120
0,62,30,120
120,67,67,240
0,79,70,240
240,58,55,120
0,70,64,120
0,40,42,160
120,61,49,120
0,69,58,120
40,45,39,320
160,55,39,160
40,57,51,120
0,67,61,120
120,62,56,120
0,66,67,120
0,54,44,160
120,57,51,120
0,69,61,120
40,45,40,160
160,38,40,160
40,60,52,120
0,72,63,120
120,60,57,120
0,72,68,120
0,41,44,160
120,63,52,120
0,71,63,120
40,47,38,320
160,57,39,160
40,59,52,120
0,69,62,120
120,64,57,120
0,68,68,120
0,56,44,160
120,59,52,120
0,71,62,120
40,47,39,160
160,40,39,160
40,62,53,120
0,74,64,120
120,62,59,120
0,74,70,120
0,43,46,160
120,65,55,120
0,73,64,120
40,49,40,160
160,59,40,160
40,61,52,120
0,71,62,120
120,66,55,160
0,70,64,160
0,42,49,160
160,61,58,160
0,73,68,160
0,49,42,160
160,70,61,160
0,73,72,160
0,58,42,160
160,64,62,8
0,76,75,160
0,43,53,160
160,73,66,160
0,76,78,160
0,52,58,160
160,70,67,160
0,82,81,160
0,61,60,160
160,80,72,160
0,85,86,160
0,44,66,160
160,76,75,160
0,88,84,160
0,52,69,160
160,88,77,160
0,100,86,160
0,61,74,160
160,60,61,960
0,64,69,11
0,72,82,730
0,32,49,120
0,44,59,120
120,28,44,120
0,40,53,120
240,30,51,120
0,42,62,120
120,32,46,120
0,44,56,120
120,28,47,120
0,40,57,120
120,58,52,240
0,70,72,240
240,58,64,480
0,60,53,960
0,65,56,960
0,70,77,480
0,32,49,120
0,44,59,120
120,29,44,120
0,41,53,120
240,31,51,120
0,43,62,120
120,56,55,360
0,68,73,360
0,32,46,120
0,44,56,120
120,29,47,120
0,41,57,120
240,56,49,120
0,68,67,120
120,61,58,480
0,56,52,360
0,64,61,800
0,68,70,360
0,34,38,120
0,46,46,120
120,31,35,120
0,43,42,120
240,55,58,120
0,67,60,120
0,32,41,120
0,44,51,120
120,55,58,117
0,67,68,170
0,34,39,120
0,46,46,120
120,43,40,120
0,55,47,120
40,53,44,160
0,65,63,170
160,52,30,160
0,64,60,160
160,55,45,480
0,63,58,960
0,67,71,490
0,36,36,120
0,48,44,120
120,33,31,120
0,45,39,120
240,34,36,120
0,46,44,120
120,54,42,240
0,66,62,240
0,36,31,120
0,48,38,120
120,48,31,120
0,60,38,120
120,69,59,240
0,81,68,240
240,60,60,120
0,72,70,120
0,39,55,160
120,66,53,120
0,71,63,120
40,47,42,320
160,57,42,160
40,59,56,120
0,69,67,120
120,64,61,120
0,68,73,120
0,56,48,160
120,59,56,120
0,71,67,120
40,47,44,160
160,40,44,160
40,62,57,120
0,74,69,120
120,62,62,120
0,74,74,120
0,41,48,160
120,68,57,120
0,73,69,120
40,49,41,320
160,59,42,160
40,61,57,120
0,71,68,120
120,66,62,120
0,70,74,120
0,58,48,160
120,61,57,120
0,73,68,120
40,49,42,160
160,42,42,160
40,64,58,120
0,76,70,120
120,64,64,120
0,76,77,120
0,43,50,160
120,70,60,120
0,75,70,120
40,51,44,320
160,61,44,160
40,63,57,120
0,73,68,120
120,68,60,160
0,72,70,160
0,44,53,160
160,63,63,160
0,75,74,160
0,51,46,160
160,72,67,160
0,75,79,160
0,60,46,160
160,66,68,160
0,78,82,160
0,45,58,160
160,75,71,160
0,78,85,160
0,54,63,160
160,69,73,160
0,81,89,160
0,63,66,160
160,78,80,160
0,81,94,160
0,48,71,160
160,74,82,160
0,86,97,160
0,54,74,160
160,78,85,160
0,90,104,160
0,62,81,160
160,86,88,120
0,91,104,120
0,34,73,160
0,46,86,160
120,79,79,120
0,82,93,120
40,50,61,160
0,58,72,160
160,55,68,160
0,62,80,160
40,84,94,120
0,81,80,120
120,82,84,120
0,86,100,120
0,58,68,160
0,67,80,160
120,74,80,120
0,79,94,120
40,55,63,160
0,62,75,160
240,26,56,80
0,38,66,80
80,82,88,120
0,86,104,120
0,26,73,160
0,38,86,160
120,74,79,120
0,79,93,120
40,50,61,160
0,58,72,160
160,55,63,160
0,62,75,160
40,81,89,120
0,78,75,120
120,79,80,120
0,82,94,120
0,58,63,160
0,67,75,160
120,86,75,120
0,91,89,120
40,55,60,160
0,62,71,160
160,50,52,160
0,58,62,160
160,85,84,120
0,89,101,120
0,46,70,160
0,58,82,160
120,77,75,120
0,82,90,120
40,53,59,160
0,61,70,160
160,58,66,160
0,65,77,160
40,84,91,120
0,81,77,120
120,82,81,120
0,85,96,120
0,61,66,160
0,70,77,160
120,73,77,120
0,77,91,120
40,58,61,160
0,65,72,160
240,37,53,80
0,49,63,80
80,85,82,120
0,89,99,120
0,37,70,160
0,49,82,160
120,77,75,120
0,82,90,120
40,53,59,160
0,61,70,160
160,58,61,160
0,65,72,160
40,84,85,120
0,81,72,120
120,82,77,120
0,85,91,120
0,61,61,160
0,70,72,160
120,89,72,120
0,94,85,120
40,58,58,160
0,65,69,160
160,53,50,160
0,61,60,160
160,84,88,120
0,89,104,120
0,32,73,160
0,44,86,160
120,77,79,120
0,80,93,120
40,53,61,160
0,60,72,160
160,56,68,160
0,65,80,160
40,82,91,120
0,79,77,120
120,80,77,120
0,84,96,120
0,60,68,160
0,68,80,160
120,72,77,120
0,77,91,120
40,56,63,160
0,65,75,160
260,36,66,80
0,24,56,80
60,80,88,120
0,84,104,120
0,24,73,20
0,36,86,20
120,72,79,120
0,77,93,120
40,53,61,160
0,60,72,160
160,56,63,160
0,65,75,160
40,79,89,120
0,76,75,120
120,77,80,120
0,80,94,120
0,60,63,160
0,68,75,160
120,84,75,120
0,89,89,120
40,56,60,160
0,65,71,160
160,53,52,160
0,60,62,160
160,84,90,120
0,88,107,120
0,44,73,160
0,56,86,160
120,76,79,120
0,80,93,120
40,52,61,160
0,60,72,160
160,56,68,160
0,64,80,160
40,82,91,120
0,79,77,120
120,80,78,120
0,84,94,120
0,60,68,160
0,68,80,160
120,72,77,120
0,76,91,120
40,56,63,160
0,64,75,160
260,48,66,80
0,36,56,80
60,80,88,120
0,84,104,120
0,36,73,20
0,48,86,20
120,72,79,120
0,76,93,120
40,52,61,160
0,60,72,160
160,56,63,160
0,64,75,160
40,79,89,120
0,76,75,120
120,76,80,120
0,80,94,120
0,60,63,160
0,68,75,160
120,84,75,120
0,88,89,120
40,56,60,160
0,64,71,160
160,52,52,160
0,60,62,160
160,83,88,120
0,88,104,120
0,43,73,160
0,55,86,160
120,76,79,120
0,79,93,120
40,55,61,160
0,64,72,160
160,59,68,160
0,67,80,160
40,81,91,120
0,78,77,120
120,79,81,120
0,83,96,120
0,64,68,20
0,71,80,160
120,71,77,120
0,76,91,120
40,59,63,160
0,67,75,160
260,47,66,80
0,35,56,80
60,79,88,120
0,83,104,120
0,35,73,20
0,47,86,20
120,71,79,120
0,76,93,120
40,55,61,160
0,64,72,160
160,59,63,160
0,67,75,160
40,78,89,120
0,75,75,120
120,76,80,120
0,79,94,120
0,64,63,19
0,71,75,160
120,83,75,120
0,88,89,120
40,59,60,160
0,67,71,160
160,55,52,160
0,64,62,160
160,83,88,120
0,86,104,120
0,43,73,160
0,55,86,160
120,74,79,120
0,79,93,120
40,50,61,160
0,59,72,160
160,55,68,160
0,62,80,160
40,81,91,120
0,78,77,120
120,79,81,120
0,83,96,120
0,59,68,160
0,67,80,160
120,71,77,120
0,74,91,120
40,55,63,160
0,62,75,160
260,43,66,80
0,31,56,80
60,83,88,120
0,86,104,120
0,31,73,20
0,43,86,20
120,74,79,120
0,79,93,120
40,50,61,160
0,59,72,160
160,55,63,160
0,62,75,160
40,81,89,120
0,78,75,120
120,79,80,120
0,83,94,120
0,59,63,160
0,67,75,160
120,86,75,120
0,91,89,120
40,55,60,160
0,62,71,160
160,50,52,160
0,59,62,160
160,81,88,120
0,86,104,120
0,42,73,160
0,54,86,160
120,74,79,120
0,78,93,120
40,50,61,160
0,57,72,160
160,54,68,160
0,62,80,160
40,79,91,120
0,76,77,120
120,78,81,120
0,81,96,120
0,57,68,160
0,66,80,160
120,69,77,120
0,74,91,120
40,54,63,160
0,62,75,160
160,50,56,160
0,57,66,160
160,77,88,120
0,81,104,120
0,41,73,160
0,53,86,160
120,69,79,120
0,74,93,120
40,50,61,160
0,57,72,160
160,53,63,160
0,62,75,160
40,76,89,120
0,73,75,120
120,74,80,120
0,77,94,120
0,57,63,160
0,65,75,160
120,81,75,120
0,86,89,120
40,53,60,160
0,62,71,160
160,50,52,160
0,57,62,160
160,81,78,160
0,84,78,160
0,89,92,160
0,41,64,160
0,53,77,160
160,78,86,160
0,48,55,160
0,57,64,160
160,81,75,160
0,84,90,160
0,77,75,160
0,53,60,160
0,60,71,160
160,77,83,160
0,72,77,160
0,57,60,160
0,65,71,160
160,72,77,160
0,77,77,160
0,81,91,160
0,53,57,160
0,60,68,160
160,69,82,160
80,29,49,80
0,41,59,80
80,69,78,160
0,72,78,160
0,77,92,160
0,29,64,160
0,41,77,160
160,66,86,160
0,48,55,160
0,57,64,160
160,69,71,160
0,72,85,160
0,65,71,160
0,53,57,160
0,60,67,160
160,60,78,160
0,57,57,157
160,57,69,160
0,60,69,160
0,65,81,160
0,41,51,160
160,65,73,160
0,53,73,160
0,29,53,160
160,54,73,120
0,66,86,120
0,27,57,240
0,39,57,240
120,63,69,120
120,61,68,120
120,59,59,120
120,66,57,120
0,71,68,120
0,39,46,120
120,59,52,120
0,63,62,120
0,42,39,120
120,54,39,120
120,61,55,120
0,64,66,120
0,47,39,120
120,66,69,120
0,63,58,120
0,42,47,120
120,75,67,120
0,71,56,120
0,47,42,120
120,59,42,120
120,51,44,120
120,75,60,120
0,78,72,120
0,47,49,120
120,66,55,120
0,71,66,120
0,51,42,120
120,63,44,120
120,70,59,120
0,73,70,120
0,54,44,120
120,71,62,120
0,75,74,120
0,51,50,120
120,83,70,120
0,78,58,120
0,54,42,120
120,66,44,120
120,59,44,120
120,83,66,120
0,87,79,120
0,54,56,120
120,75,62,120
0,78,74,120
0,59,48,120
120,71,48,120
120,76,64,120
0,82,75,120
0,63,48,120
120,78,68,120
0,83,80,120
0,59,56,120
120,90,75,120
0,87,63,120
0,63,51,120
120,75,51,120
120,66,52,120
120,79,74,160
0,82,89,160
0,52,62,120
120,58,56,120
40,79,67,160
0,85,67,160
0,91,79,160
80,67,56,120
80,79,67,160
0,85,67,160
0,91,79,160
40,61,56,120
120,79,72,120
0,83,72,120
0,91,85,120
0,51,62,120
120,78,67,120
0,90,79,120
0,54,53,120
120,66,53,120
120,59,53,120
120,66,57,120
0,71,68,120
0,39,46,120
120,59,52,120
0,63,62,120
0,42,39,120
120,54,39,120
120,61,55,120
0,64,66,120
0,47,39,120
120,66,69,120
0,63,58,120
0,42,47,120
120,75,67,120
0,71,56,120
0,47,42,120
120,59,42,120
120,51,44,120
120,75,60,120
0,78,72,120
0,47,49,120
120,66,55,120
0,71,66,120
0,51,42,120
120,63,44,120
120,70,59,120
0,73,70,120
0,54,44,120
120,71,62,120
0,75,74,120
0,51,50,120
120,83,70,120
0,78,58,120
0,54,42,120
120,66,44,120
120,59,44,120
120,83,66,120
0,87,79,120
0,54,56,120
120,75,62,120
0,78,74,120
0,59,48,120
120,71,48,120
120,76,64,120
0,82,75,120
0,63,48,120
120,78,68,120
0,83,80,120
0,59,56,120
120,90,75,120
0,87,63,120
0,63,51,120
120,75,51,120
120,66,52,120
120,79,74,160
0,82,89,160
0,52,62,120
120,58,56,120
40,79,67,160
0,85,67,160
0,91,79,160
80,67,56,120
80,79,67,160
0,85,67,160
0,91,79,160
40,61,56,120
120,80,85,160
0,84,85,160
0,92,85,160
0,41,62,160
160,81,80,160
0,87,80,160
0,93,80,160
0,48,52,160
160,58,56,160
0,70,66,160
0,49,41,160
0,54,34,320
160,57,49,160
0,69,58,160
0,48,38,160
160,63,52,160
0,66,61,160
0,41,39,160
160,61,58,160
0,73,70,160
0,51,36,320
0,58,42,160
160,60,53,160
0,72,63,160
0,57,39,160
160,63,53,160
0,66,63,160
0,41,41,160
160,58,60,160
0,70,72,160
0,49,46,160
0,54,39,320
160,57,55,160
0,69,64,160
0,48,44,160
160,63,57,160
0,66,68,160
0,41,44,160
160,61,62,160
0,73,74,160
0,51,41,320
0,58,48,160
160,60,57,160
0,72,68,160
0,57,46,160
160,63,60,160
0,66,71,160
0,41,46,160
160,66,66,160
0,78,79,160
0,58,51,160
0,63,42,320
160,65,58,160
0,77,70,160
0,57,47,160
160,72,61,160
0,75,72,160
0,53,47,160
160,70,67,160
0,82,80,160
0,66,46,320
0,61,53,160
160,69,61,160
0,81,73,160
0,60,49,160
160,75,63,160
0,78,75,160
0,53,50,160
160,73,72,160
0,85,85,160
0,63,48,320
0,70,56,160
160,84,75,160
0,72,63,160
0,69,50,160
160,78,81,160
0,75,68,160
0,53,51,160
160,90,89,320
0,78,74,320
0,70,49,160
0,75,59,320
160,69,58,160
160,84,63,160
0,89,75,160
160,78,62,160
0,88,74,160
160,84,64,160
0,87,77,160
160,78,62,160
0,86,73,160
160,81,58,160
0,85,70,160
160,75,62,160
0,84,73,160
0,65,56,480
160,78,58,160
0,83,68,160
160,75,55,160
0,82,66,160
160,78,58,160
0,81,69,160
0,65,55,480
160,72,53,160
0,80,63,160
160,79,63,160
0,75,53,160
160,69,52,160
0,78,62,160
0,65,49,960
160,72,49,160
0,77,59,160
160,69,49,160
0,76,59,160
160,72,49,160
0,75,59,160
160,63,45,160
0,74,53,160
160,69,46,160
0,73,53,160
160,63,53,160
0,72,53,160
0,53,40,480
160,69,49,160
0,71,49,160
160,63,49,160
0,74,49,160
160,69,52,160
0,72,52,160
0,53,34,420
160,69,53,160
0,79,53,160
160,75,49,100
0,77,49,100
100,62,39,60
0,34,39,60
60,62,41,960
0,70,41,960
0,77,49,960
0,46,31,1440
0,53,37,960
960,65,41,480
0,70,41,480
0,74,49,480
0,58,37,960
480,67,37,480
0,72,37,480
0,75,44,480
0,51,39,480
420,41,29,1980
60,63,39,1920
0,74,47,960
0,53,39,1200
960,72,41,960
240,54,33,240
240,55,35,240
240,53,33,240
240,62,41,480
0,70,41,480
0,77,49,480
0,46,33,960
480,70,41,480
0,65,41,480
0,74,49,480
480,67,41,240
0,70,41,480
0,75,49,240
0,58,39,480
240,65,39,240
0,74,47,240
240,71,37,240
0,68,37,240
0,77,44,240
0,51,39,480
240,72,35,240
0,67,35,240
0,75,41,240
240,63,31,1920
0,69,36,1920
0,74,45,960
0,53,29,240
240,54,37,240
240,57,35,160
160,55,34,160
160,53,34,160
160,72,41,960
0,41,29,240
240,42,37,240
240,45,35,160
160,43,34,160
160,41,34,160
160,70,40,480
0,62,42,480
0,77,53,480
0,34,39,240
480,67,37,480
0,70,40,480
0,79,51,480
0,61,36,480
0,64,44,10
480,69,44,480
0,75,44,960
0,81,52,480
0,60,37,960
0,53,37,960
0,63,44,480
480,70,51,360
0,82,58,360
0,67,44,360
360,72,53,120
0,81,53,120
0,84,60,120
0,65,40,60
60,46,39,540
30,53,39,30
30,74,48,480
0,82,51,480
0,86,61,480
0,65,46,480
480,67,44,480
0,70,44,480
0,73,44,480
0,79,51,480
0,64,44,11
480,69,44,420
0,72,44,480
0,81,52,420
0,63,37,480
0,60,37,480
0,53,37,480
0,65,44,480
420,67,56,540
30,72,56,30
30,82,58,360
0,51,37,480
0,55,37,480
0,60,37,480
0,63,37,480
360,84,60,120
120,74,53,480
0,81,53,480
0,86,63,480
0,60,41,480
0,57,41,480
0,50,41,480
0,66,49,480
480,72,50,480
0,81,53,480
0,74,53,480
0,84,60,480
0,30,36,480
0,42,42,480
480,74,53,480
0,70,53,480
0,79,63,480
0,82,63,480
0,31,41,480
0,43,49,480
480,73,53,360
0,77,53,360
0,81,63,360
0,33,41,360
0,45,49,360
360,67,54,120
0,74,57,120
0,79,57,120
0,34,37,120
0,46,45,120
120,65,51,480
0,67,51,480
0,74,56,480
0,77,61,480
0,35,41,480
0,47,49,480
480,63,49,360
0,67,49,360
0,72,59,360
0,75,59,360
0,36,41,360
0,48,49,360
360,66,47,120
0,70,56,120
0,74,56,120
0,38,37,120
0,50,45,120
120,60,52,960
0,72,59,960
0,67,49,480
0,70,59,480
0,39,41,480
0,51,49,480
480,65,45,240
0,69,49,240
0,41,41,480
0,53,46,480
240,63,43,240
0,67,50,240
240,62,45,960
0,70,49,960
0,77,64,960
0,34,39,160
160,52,33,160
160,53,31,160
160,55,37,160
160,53,31,160
160,41,31,160
160,65,49,480
0,70,49,480
0,74,60,480
0,46,39,160
160,52,35,160
160,53,35,160
160,62,34,240
0,65,39,240
0,55,37,160
160,53,33,160
80,67,41,240
0,72,41,240
0,75,55,240
80,41,33,160
160,74,68,720
0,63,35,960
0,69,42,960
0,48,39,160
160,52,35,160
160,53,35,160
160,55,37,160
160,53,33,160
80,72,55,240
80,41,33,160
160,67,58,240
0,51,39,160
160,52,35,160
80,65,52,240
80,53,35,160
160,58,61,240
0,55,37,160
160,53,33,160
80,60,55,240
80,41,33,160
160,62,55,480
0,70,54,960
0,77,68,480
0,34,39,240
240,52,34,120
120,53,33,120
120,65,49,480
0,74,62,480
0,55,37,120
120,53,31,108
120,53,37,120
120,41,37,120
120,70,57,960
0,67,55,240
0,75,66,240
0,46,39,240
240,65,46,240
0,74,55,240
0,52,35,120
120,53,35,120
120,65,48,160
0,74,57,160
0,55,37,120
120,53,33,108
40,69,46,160
0,77,55,160
80,53,37,120
80,67,46,160
0,75,55,160
40,41,31,120
120,74,64,720
0,63,42,960
0,69,41,960
0,29,39,240
240,52,35,120
120,53,35,120
120,55,37,120
120,53,33,108
120,72,58,240
0,53,37,120
120,41,33,120
120,67,60,160
0,51,39,240
160,65,51,160
80,52,35,120
80,67,51,160
40,53,35,120
120,65,58,160
0,55,39,120
120,53,35,108
40,58,53,160
80,53,39,120
80,60,53,100
40,41,35,120
60,62,51,540
30,70,61,990
30,77,73,480
0,46,44,120
120,53,39,120
120,55,39,120
120,53,39,120
120,67,57,480
0,79,68,480
0,62,44,120
120,53,40,120
120,55,40,120
120,53,41,120
120,77,61,960
0,77,56,960
0,75,56,960
0,69,57,480
0,81,73,480
0,41,45,120
120,53,40,120
120,55,41,120
120,53,41,120
120,70,72,360
0,82,75,360
0,63,47,120
120,53,44,120
120,55,44,120
120,72,70,120
0,84,73,120
0,53,44,120
120,77,68,480
0,74,66,960
0,86,80,480
0,46,48,120
120,53,42,120
120,55,42,120
120,53,42,120
120,79,73,480
0,67,61,480
0,62,49,120
120,53,46,120
120,55,46,120
120,53,46,120
120,69,66,480
0,81,78,480
0,77,66,960
0,75,66,960
0,41,50,120
120,53,46,120
120,55,46,120
120,53,46,120
120,82,81,360
0,70,68,360
0,63,52,120
120,53,49,120
120,55,49,120
120,72,64,120
0,84,77,120
0,53,49,120
120,81,66,960
0,84,74,960
0,74,73,480
0,86,88,480
0,42,57,120
120,49,51,120
120,50,51,120
120,57,51,120
120,75,78,720
0,87,91,720
0,54,58,120
120,61,53,120
120,62,53,120
120,69,53,120
120,79,74,960
0,82,74,960
0,43,59,120
120,49,52,120
120,74,67,240
0,86,80,240
0,50,52,120
120,58,53,120
120,73,66,240
0,85,79,240
0,55,60,120
120,61,55,120
120,74,66,240
0,86,79,240
0,62,55,120
120,70,56,120
120,81,57,960
0,84,57,960
0,87,71,960
0,89,90,480
0,77,72,480
0,45,61,120
120,52,55,120
120,53,55,120
120,60,55,120
120,79,70,720
0,91,84,720
0,57,62,120
120,64,57,120
120,65,57,120
120,72,57,120
120,86,85,480
0,47,62,120
120,54,56,120
120,77,64,240
0,89,77,240
0,55,57,120
120,62,57,120
120,75,70,360
0,87,84,360
0,79,62,480
0,59,63,120
120,66,58,120
120,67,59,120
120,86,78,120
0,74,66,120
120,79,67,480
0,77,74,240
0,89,88,240
0,36,59,120
120,43,52,120
120,75,62,240
0,87,76,240
0,48,52,120
120,55,52,120
120,79,59,480
0,74,61,240
0,86,73,240
0,38,59,120
120,43,52,120
120,71,55,240
0,83,68,240
0,50,52,120
120,55,52,120
120,79,59,480
0,86,79,240
0,74,67,240
0,39,62,120
120,43,52,120
120,84,69,240
0,72,58,240
0,48,52,120
120,55,52,120
120,73,57,480
0,79,72,240
0,67,61,240
0,40,61,120
120,46,52,120
120,82,67,480
0,70,56,480
0,49,52,120
120,55,52,120
120,72,64,480
0,75,64,480
0,41,59,120
120,48,52,120
120,81,71,480
0,69,57,480
0,51,52,120
120,57,52,120
120,75,73,480
0,70,61,480
0,43,58,120
120,46,52,120
120,67,57,480
0,79,72,480
0,51,52,120
120,58,52,120
120,72,67,480
0,75,80,480
0,45,52,120
120,48,47,120
120,66,57,480
0,78,71,480
0,51,47,120
120,60,47,120
120,75,73,480
0,69,59,480
0,48,55,120
120,51,47,120
120,65,60,480
0,77,70,480
0,57,47,120
120,63,47,120
120,70,53,240
0,50,46,240
0,62,55,240
0,58,46,240
240,70,56,240
0,66,56,240
0,78,72,240
0,62,46,240
0,58,38,240
0,50,38,240
240,70,53,240
0,67,64,240
0,79,77,240
0,51,42,240
0,58,42,240
0,63,51,240
240,65,56,240
0,70,56,240
0,77,72,240
0,53,38,240
0,58,38,240
0,62,46,240
240,69,60,240
0,72,69,240
0,63,50,240
0,54,42,240
240,65,52,240
0,68,55,240
0,74,68,240
0,47,39,240
0,59,47,240
240,63,59,240
0,67,62,240
0,75,70,240
0,48,44,240
0,60,52,240
240,66,57,240
0,69,68,240
0,51,40,240
0,63,47,240
240,65,60,240
0,70,69,240
0,50,36,240
0,53,39,240
0,62,50,240
0,58,38,240
240,63,56,240
0,66,56,240
0,72,67,240
0,45,36,240
0,57,42,240
240,62,54,240
0,65,58,240
0,74,70,240
0,46,49,240
0,58,49,240
240,58,58,180
0,61,58,180
0,67,69,180
0,40,37,180
0,52,45,180
180,58,50,60
60,60,58,960
0,58,58,480
0,63,58,960
0,70,69,480
0,28,44,240
0,40,52,240
240,41,48,720
0,29,40,480
240,57,51,480
0,69,61,480
0,55,55,240
240,53,51,400
240,62,65,160
0,70,77,160
0,46,53,160
6,58,65,160
154,61,62,80
0,66,73,80
0,52,42,80
0,58,51,6
160,61,62,80
0,66,73,80
0,52,42,80
0,58,51,80
160,61,62,160
0,66,75,160
0,52,46,160
0,58,56,160
160,60,61,80
0,65,66,80
0,53,38,80
0,57,45,80
160,69,62,80
0,75,74,80
0,53,42,80
0,65,51,80
0,60,42,80
160,69,62,160
0,75,75,160
0,53,46,160
0,60,46,160
0,65,56,160
160,70,62,80
0,74,74,80
0,58,42,80
0,65,51,80
160,73,62,80
0,78,74,80
0,64,51,80
0,70,51,80
160,73,62,160
0,78,75,160
0,64,56,160
0,70,56,160
160,72,63,80
0,77,69,80
0,65,40,80
0,69,48,80
160,81,62,80
0,87,73,80
0,65,42,80
0,72,42,80
0,77,51,80
160,81,64,160
0,87,78,160
0,65,46,160
0,72,46,160
0,77,56,160
160,82,62,80
0,86,73,80
0,70,42,80
0,77,51,80
160,78,73,80
0,73,62,80
0,70,52,80
0,64,44,80
160,73,64,160
0,78,78,160
0,64,46,160
0,70,56,160
160,72,62,80
0,77,70,80
0,65,41,80
0,69,49,80
160,69,62,80
0,75,74,80
0,53,44,80
0,60,44,80
0,65,52,80
160,69,64,160
0,75,78,160
0,53,46,160
0,60,46,160
0,65,56,160
160,70,59,80
0,74,69,80
0,58,41,80
0,65,49,80
160,66,74,80
0,61,62,80
0,52,44,80
0,58,52,80
160,61,62,160
0,66,75,160
0,52,46,160
0,58,56,160
160,60,59,80
0,65,66,80
0,53,39,80
0,57,46,80
160,57,62,80
0,63,74,80
0,48,44,80
0,41,44,80
0,53,52,80
160,57,62,160
0,63,75,160
0,41,46,160
0,53,56,160
0,48,46,160
160,58,53,80
0,62,63,80
0,53,46,80
0,46,39,80
160,60,49,80
0,67,59,80
0,48,36,80
0,52,36,80
0,58,41,80
160,60,51,160
0,67,62,160
0,48,37,160
0,52,37,160
0,58,44,160
160,65,58,80
0,53,34,80
0,57,41,80
160,69,44,80
0,75,52,80
0,53,29,80
0,65,36,80
0,60,29,80
160,69,46,160
0,75,55,160
0,53,33,160
0,60,33,160
0,65,39,160
160,70,44,80
0,74,52,80
0,58,29,80
0,65,36,80
160,72,44,80
0,79,52,80
0,60,36,80
0,64,36,80
0,70,36,80
160,72,46,160
0,79,55,160
0,60,39,160
0,64,39,160
0,70,39,160
160,77,51,80
0,65,29,80
0,69,36,80
160,81,39,80
0,87,46,80
0,65,26,80
0,72,26,80
0,77,31,80
160,81,40,160
0,87,49,160
0,65,29,160
0,72,29,160
0,77,35,160
160,82,39,80
0,86,46,80
0,70,26,80
0,77,31,80
160,79,55,80
0,72,47,80
0,60,33,80
0,70,39,80
0,64,33,80
160,72,49,160
0,79,59,160
0,60,35,160
0,64,35,160
0,70,41,160
160,77,56,80
0,65,33,80
0,69,39,80
160,69,47,80
0,75,56,80
0,53,33,80
0,60,33,80
0,65,39,80
160,69,49,160
0,75,59,160
0,53,35,160
0,60,35,160
0,65,41,160
160,70,47,80
0,74,55,80
0,58,33,80
0,65,39,80
160,67,56,80
0,60,47,80
0,48,33,80
0,52,33,80
0,58,39,80
160,60,49,160
0,67,59,160
0,48,35,160
0,52,35,160
0,58,41,160
160,65,56,80
0,53,33,80
0,57,39,80
160,60,52,80
0,57,52,80
0,63,62,80
0,41,41,80
0,53,49,80
160,60,49,160
0,57,49,160
0,63,59,160
0,41,39,160
0,53,47,160
160,61,46,80
0,57,44,80
0,64,52,80
0,40,35,80
0,52,41,80
160,57,49,80
0,59,49,80
0,63,47,80
0,69,56,80
0,52,38,80
0,54,45,80
160,57,49,160
0,59,49,160
0,63,49,160
0,69,59,160
0,52,39,160
0,54,47,160
160,56,46,80
0,64,44,80
0,68,51,80
0,52,34,80
0,59,41,80
160,62,47,80
0,64,47,80
0,68,47,80
0,74,56,80
0,52,36,80
0,59,44,80
160,62,49,160
0,64,49,160
0,68,49,160
0,74,59,160
0,52,39,160
0,59,47,160
160,61,46,80
0,69,44,80
0,73,52,80
0,57,34,80
0,52,34,80
0,64,41,80
160,69,49,80
0,71,49,80
0,75,47,80
0,81,56,80
0,52,44,80
0,59,44,80
0,66,44,80
160,69,49,160
0,71,49,160
0,75,49,160
0,81,59,160
0,52,47,160
0,59,47,160
0,66,47,160
160,68,46,80
0,76,41,80
0,80,51,80
0,52,44,80
0,59,34,80
0,64,41,80
160,74,49,80
0,76,49,80
0,80,47,80
0,86,55,80
0,62,36,80
0,52,47,80
0,64,44,80
0,59,36,80
160,74,49,160
0,76,49,160
0,80,49,160
0,86,59,160
0,62,39,160
0,59,39,160
0,52,39,160
0,64,47,160
160,67,45,160
0,71,63,160
0,59,34,160
0,65,49,160
160,68,66,160
0,77,80,160
0,50,61,160
160,70,68,160
0,74,74,160
0,53,47,160
0,62,56,160
160,71,71,160
0,80,84,160
0,47,62,160
160,73,66,160
0,77,79,160
0,53,49,160
0,59,59,160
160,74,74,160
0,83,89,160
0,44,64,160
160,80,85,160
0,76,72,160
0,47,50,160
0,56,60,160
160,77,78,160
0,86,92,160
0,41,69,160
160,79,73,160
0,83,86,160
0,47,53,160
0,53,64,160
160,80,79,160
0,89,94,160
0,38,77,160
160,80,77,160
0,92,90,160
0,26,69,160
0,38,69,160
160,88,85,160
0,81,85,160
0,93,101,160
0,37,42,160
0,25,42,160
160,57,64,160
0,64,64,160
0,69,77,160
0,37,36,160
0,49,50,160
160,57,64,160
0,64,64,160
0,69,77,160
0,37,40,160
0,49,48,160
160,57,55,160
0,64,55,16
0,69,77,160
0,37,40,160
0,49,48,160
160,57,63,160
0,64,63,160
0,69,75,160
0,37,40,160
0,49,48,160
160,57,63,160
0,64,63,160
0,69,75,160
0,37,41,160
0,49,49,160
160,57,57,160
0,65,57,160
0,69,80,160
0,37,38,160
0,49,55,160
160,57,64,160
0,65,64,160
0,69,77,160
0,36,44,160
0,48,52,160
160,57,64,160
0,65,64,160
0,69,77,160
0,36,44,160
0,48,52,160
160,57,68,160
0,65,68,160
0,69,81,160
0,36,47,160
0,48,56,160
160,57,67,160
0,65,67,160
0,69,79,160
0,37,44,160
0,49,52,160
160,57,67,160
0,65,67,160
0,69,79,160
0,37,44,160
0,49,52,160
160,57,67,80
0,65,67,80
0,69,80,80
0,37,46,80
0,49,56,80
160,58,68,80
0,65,68,80
0,70,81,80
0,37,47,80
0,49,57,80
160,58,69,80
0,65,69,80
0,70,82,80
0,37,48,80
0,49,58,80
160,58,71,80
0,65,71,80
0,70,83,80
0,37,49,80
0,49,58,80
160,58,71,80
0,66,71,80
0,70,84,80
0,37,50,80
0,49,59,80
160,58,71,80
0,66,71,80
0,70,85,80
0,37,51,80
0,49,61,80
160,58,72,80
0,66,72,80
0,70,86,80
0,49,62,80
0,37,52,80
160,58,73,80
0,66,73,80
0,70,88,80
0,36,52,80
0,48,62,80
160,58,75,80
0,66,75,80
0,70,90,80
0,36,53,80
0,48,63,80
160,58,77,80
0,66,77,80
0,70,91,80
0,36,53,80
0,48,64,80
160,58,78,80
0,65,78,80
0,70,92,80
0,37,55,80
0,49,66,80
160,58,79,80
0,64,79,80
0,70,93,80
0,37,56,80
0,49,67,80
160,58,73,80
0,65,86,80
0,70,102,80
0,38,52,80
0,50,74,80
160,62,68,160
0,65,80,160
0,74,95,160
0,53,50,160
0,46,50,160
0,58,71,160
160,62,68,160
0,65,80,160
0,74,95,160
0,53,51,160
0,46,51,160
0,58,72,160
160,62,72,160
0,65,85,160
0,74,101,160
0,46,53,160
0,53,53,160
0,58,75,160
160,60,68,160
0,72,95,160
160,58,68,160
0,70,95,160
160,27,68,160
0,39,96,160
160,62,68,160
0,66,80,160
0,74,95,160
0,51,50,160
0,46,50,160
0,58,71,160
160,62,68,160
0,66,80,160
0,74,95,160
0,51,51,160
0,46,51,160
0,58,72,160
160,62,72,160
0,66,85,160
0,74,101,160
0,46,53,160
0,51,53,160
0,58,75,160
160,60,68,160
0,72,95,160
160,58,68,160
0,70,95,160
160,29,68,160
0,41,96,160
160,62,68,160
0,65,80,160
0,74,95,160
0,53,50,160
0,46,50,160
0,58,71,160
160,62,68,160
0,65,80,160
0,74,95,160
0,53,51,160
0,46,51,160
0,58,72,160
160,62,72,160
0,65,85,160
0,74,101,160
0,46,53,160
0,53,53,160
0,58,75,160
160,60,68,160
0,72,95,160
160,58,68,160
0,70,95,160
160,30,68,160
0,42,96,160
160,63,80,160
0,74,95,160
0,51,50,160
0,46,50,160
0,58,71,160
160,63,80,160
0,74,95,160
0,51,51,160
0,46,51,160
0,58,72,160
160,63,85,480
0,74,101,160
0,46,53,160
0,51,53,160
0,58,75,160
160,72,95,160
160,70,95,160
40,31,60,120
0,43,72,120
120,62,84,960
0,65,84,960
0,70,101,960
0,74,101,960
0,32,73,60
0,44,86,60
120,29,66,60
0,41,79,60
240,31,73,60
0,43,86,60
120,32,68,60
0,44,81,60
120,29,68,60
0,41,81,60
360,62,71,480
0,65,71,480
0,70,84,480
0,74,84,480
0,32,56,120
0,44,67,120
120,29,49,60
0,41,60,60
240,31,52,120
0,43,62,120
120,62,69,480
0,65,69,480
0,71,83,480
0,74,83,480
0,32,51,120
0,44,61,120
120,29,51,60
0,41,61,60
360,62,69,480
0,65,69,480
0,70,82,480
0,74,82,480
0,32,56,120
0,44,67,120
120,29,50,60
0,41,60,60
240,31,52,120
0,43,66,120
120,62,68,480
0,65,68,480
0,71,82,480
0,74,82,480
0,32,51,120
0,44,62,120
120,29,52,60
0,41,63,60
360,63,74,480
0,66,74,480
0,71,88,480
0,75,88,480
0,33,60,120
0,45,74,120
120,30,56,60
0,42,63,60
240,31,59,120
0,43,71,120
120,63,72,480
0,66,72,480
0,72,88,480
0,75,88,480
0,33,57,120
0,45,69,120
120,42,57,60
0,54,69,60
360,64,74,184
0,67,74,480
0,72,88,480
0,76,88,480
0,34,63,120
0,46,75,120
120,31,56,60
0,43,67,60
240,33,61,120
0,45,71,120
120,64,73,219
0,67,73,480
0,73,87,480
0,76,87,480
0,34,59,120
0,46,71,120
120,43,60,60
0,55,71,60
360,65,76,480
0,68,76,480
0,73,93,480
0,77,93,480
0,35,68,120
0,47,79,120
120,47,60,60
0,59,73,60
360,65,76,480
0,69,76,480
0,75,92,480
0,77,92,480
0,36,68,160
0,48,68,160
160,48,74,160
0,60,74,160
160,49,78,160
0,61,78,160
160,65,78,480
0,70,93,480
0,77,93,480
0,50,66,480
0,58,66,480
0,62,79,480
480,66,79,480
0,70,94,480
0,78,94,480
0,51,67,480
0,58,67,480
0,63,80,480
480,70,79,480
0,72,79,480
0,75,95,480
0,82,95,480
0,54,67,480
0,58,67,480
0,60,67,480
0,63,67,480
0,66,80,480
480,69,77,480
0,72,77,480
0,75,93,480
0,81,93,480
0,53,65,480
0,60,65,480
0,63,65,480
0,65,78,480
480,70,85,480
0,74,102,480
0,82,102,480
0,46,72,480
0,58,86,480
480,70,84,480
0,75,84,480
0,78,101,480
0,82,101,480
0,39,70,480
0,51,86,480
480,70,85,480
0,74,85,480
0,77,101,480
0,82,101,480
0,34,72,480
0,46,87,480
480,70,85,480
0,75,85,480
0,78,101,480
0,82,101,480
0,27,70,480
0,39,86,480
480,70,91,960
0,74,91,960
0,77,108,960
0,82,108,960
0,34,74,960
0,46,92,960
960,82,100,960
0,94,117,960
0,62,74,960
0,65,74,960
0,70,77,960
0,74,95,960
960,62,105,0
0,46,65,960
0,34,59,960
0,41,60,960
0,50,67,960
0,53,71,960