1,63,81,319
59,69,81,260
60,78,96,220
0,29,70,200
0,41,84,200
200,69,68,320
0,77,80,340
0,63,62,320
0,48,47,320
0,53,53,320
0,60,71,320
320,63,64,320
0,69,67,320
0,76,80,340
0,48,46,320
0,53,52,320
0,60,70,320
320,69,69,320
0,63,63,320
0,75,81,340
0,48,47,320
0,53,53,320
0,60,72,320
320,73,83,340
0,63,62,320
0,69,69,320
0,48,48,320
0,53,55,320
0,60,74,320
320,69,65,300
0,63,58,300
0,72,78,300
0,48,46,300
0,53,52,300
0,60,70,300
320,77,39,140
0,46,53,240
120,75,40,140
120,72,41,140
0,61,29,120
0,53,23,120
120,73,42,140
120,65,43,140
120,69,45,140
120,70,45,140
0,41,40,240
120,72,46,140
120,73,48,140
0,46,57,240
120,75,49,140
120,77,51,140
0,61,34,120
0,53,27,120
120,79,51,140
120,81,52,140
120,82,53,140
120,84,54,140
0,41,47,240
120,85,56,140
120,87,56,140
0,46,65,240
120,89,57,140
120,91,58,140
0,61,35,120
0,53,28,120
120,93,59,140
120,94,61,140
120,96,62,140
120,97,64,140
0,41,50,240
120,99,65,140
120,100,67,140
0,46,68,240
120,101,65,140
120,99,65,140
0,61,41,120
0,53,34,120
120,97,63,140
120,96,62,140
120,94,61,140
120,93,60,140
0,41,46,240
120,94,59,120
120,92,58,140
0,46,60,240
120,90,57,140
120,89,56,140
0,61,38,120
0,53,32,120
120,88,56,140
120,89,55,140
120,87,54,140
120,85,53,140
0,41,42,240
120,84,52,140
120,82,51,140
0,46,54,240
120,81,50,140
120,82,49,140
0,61,34,120
0,53,28,120
120,80,49,140
120,78,48,140
120,77,48,140
120,75,46,140
0,41,39,240
120,73,45,140
120,72,45,140
0,46,51,240
120,73,45,140
120,75,45,140
0,63,28,120
0,54,22,120
0,51,22,120
120,77,46,140
120,78,47,140
120,80,47,140
120,82,48,140
0,34,43,240
120,84,49,140
120,82,48,140
0,46,59,240
120,80,48,140
120,78,49,140
0,63,35,120
0,54,29,120
0,51,29,120
120,77,49,140
120,75,50,140
120,73,51,140
120,72,51,140
0,34,39,240
120,75,51,140
120,78,51,140
0,46,56,240
120,74,48,140
120,77,51,140
0,63,31,120
0,54,26,120
0,51,26,120
120,75,45,140
120,72,45,140
120,66,43,140
120,71,44,140
0,34,37,240
120,72,45,140
120,73,45,140
0,46,51,240
120,72,46,140
120,74,48,140
0,63,29,120
0,54,24,120
0,51,24,120
120,75,48,140
120,77,48,140
120,75,50,140
120,76,51,140
0,34,43,240
120,77,51,120
120,80,52,140
0,46,59,240
120,78,53,140
120,81,55,140
0,63,33,120
0,54,28,120
0,51,28,120
120,82,56,140
120,85,56,140
120,84,58,140
120,85,59,140
0,34,56,240
120,86,60,140
120,89,61,140
0,46,68,240
120,87,62,140
120,88,62,140
0,63,36,120
0,54,29,120
0,51,29,120
120,89,63,140
120,93,64,140
120,94,65,140
120,92,67,140
0,46,59,240
120,91,68,140
120,90,67,140
0,45,73,240
120,101,66,140
120,99,66,140
0,63,43,120
0,54,36,120
120,87,65,140
120,97,63,140
120,96,62,140
120,84,62,140
0,33,46,240
120,94,61,140
120,93,60,140
0,45,60,240
120,81,59,140
120,92,57,140
0,63,37,120
0,54,31,120
120,90,57,140
120,78,56,140
120,89,56,140
120,87,55,140
0,44,40,240
120,78,54,140
120,77,54,140
0,46,55,240
120,87,52,140
120,85,51,140
0,61,34,120
0,53,28,120
120,77,51,140
120,85,50,140
120,84,50,140
120,75,49,140
0,46,39,240
120,84,47,140
120,73,46,140
0,49,49,240
120,82,46,140
120,80,45,140
0,65,29,120
0,58,25,120
0,53,25,120
120,72,45,140
120,80,44,140
120,78,42,140
120,70,42,140
0,49,33,240
120,78,42,120
120,69,40,140
0,51,41,240
120,70,42,140
120,72,42,140
0,66,25,120
0,57,20,120
120,73,44,140
120,75,45,140
120,76,46,140
120,77,47,140
0,51,35,240
120,78,48,140
120,76,51,140
0,49,49,240
120,77,49,140
120,74,47,140
0,65,28,120
0,58,18,120
0,53,18,120
120,75,46,140
120,72,45,140
120,73,44,140
120,72,43,140
0,49,40,240
120,70,41,120
120,69,39,140
0,51,50,240
120,70,41,140
120,72,42,140
0,66,27,120
0,57,22,120
120,73,44,140
120,75,45,140
120,76,47,140
120,77,49,140
0,51,36,240
120,78,50,140
120,76,51,140
0,49,51,240
120,77,50,140
120,74,48,140
0,65,29,120
0,58,24,120
0,53,24,120
120,75,48,140
120,72,46,140
120,73,45,140
120,72,45,140
0,49,36,240
120,70,43,120
120,71,41,140
0,53,42,240
120,72,42,140
120,74,44,140
0,68,28,120
0,59,23,120
120,75,45,140
120,76,48,140
120,77,50,140
120,79,51,140
0,53,39,240
120,80,53,140
120,78,54,140
0,51,54,240
120,79,52,140
120,76,51,140
0,67,32,120
0,60,26,120
0,55,26,120
120,77,48,140
120,74,48,140
120,75,48,140
120,74,46,140
0,51,35,240
120,72,45,120
120,71,43,140
0,53,42,240
120,72,44,140
120,74,45,140
0,68,28,120
0,59,23,120
120,75,47,140
120,76,49,140
120,77,51,140
120,79,53,140
0,53,38,240
120,80,54,140
120,78,57,140
0,51,52,240
120,79,56,140
120,76,54,140
0,67,32,120
0,60,26,120
0,55,26,120
120,77,51,140
120,74,51,140
120,75,51,140
120,74,49,140
0,51,45,240
120,72,48,120
120,73,46,140
0,53,55,240
120,75,45,140
120,77,47,140
0,68,28,120
0,61,23,120
0,56,23,120
120,78,49,140
120,80,50,140
120,82,51,140
120,83,53,140
0,53,40,240
120,84,55,140
120,85,56,140
0,54,55,240
120,86,57,140
120,89,58,140
0,69,34,120
0,60,28,120
0,57,28,120
120,87,56,140
120,84,56,140
120,81,54,140
120,78,53,140
0,54,39,240
120,75,51,120
120,73,48,140
0,53,51,240
120,75,51,140
120,77,51,140
0,68,30,120
0,61,27,120
0,56,27,120
120,78,53,140
120,80,55,140
120,82,56,140
120,83,58,140
0,53,45,240
120,84,58,140
120,85,60,140
0,52,59,240
120,84,62,140
120,87,63,140
0,67,34,120
0,61,29,120
0,58,29,120
120,85,60,140
120,82,58,140
120,79,56,140
120,76,55,140
0,52,49,240
120,73,52,120
120,72,56,140
0,51,64,240
120,73,56,140
120,74,57,140
0,60,30,120
0,66,37,120
0,57,30,120
120,75,59,140
120,76,60,140
120,77,61,140
120,78,61,140
0,51,55,240
120,79,62,140
120,80,62,140
0,49,66,240
120,81,62,140
120,84,61,140
0,65,37,120
0,58,30,120
0,53,30,120
120,82,61,140
120,78,59,140
120,77,58,140
120,75,57,140
120,73,56,120
120,72,66,140
0,41,91,240
120,70,65,140
120,69,65,140
120,72,65,140
30,48,68,570
30,53,68,540
30,57,68,510
30,66,64,140
0,63,81,480
120,65,65,140
120,64,67,140
120,65,69,140
120,66,70,140
120,65,68,140
120,70,72,140
120,69,71,140
120,73,74,140
120,72,71,140
120,80,74,140
120,78,75,120
120,77,77,140
0,34,77,240
0,46,96,240
120,72,77,140
120,75,78,140
0,49,43,120
0,61,62,120
0,53,51,120
120,73,79,140
120,65,79,140
120,69,80,140
120,70,81,140
0,29,60,240
0,41,79,240
120,72,81,140
120,73,82,140
0,34,78,240
0,46,98,240
120,75,83,140
120,77,84,140
0,49,42,120
0,61,62,120
0,53,50,120
120,79,84,140
120,81,85,140
120,82,86,140
120,84,86,140
0,29,61,240
0,41,77,240
120,85,87,140
120,87,88,140
0,34,73,240
0,46,93,240
120,89,89,140
120,91,89,140
0,49,44,120
0,61,63,120
0,53,52,120
120,93,90,140
120,94,91,140
120,96,91,140
120,97,92,140
0,29,62,240
0,41,79,240
120,99,93,140
120,100,94,140
0,34,79,240
0,46,96,240
120,101,92,140
120,99,92,140
0,49,51,120
0,61,72,120
0,53,60,120
120,97,91,140
120,96,90,140
120,94,88,140
120,93,87,140
0,29,56,240
0,41,74,240
120,94,86,140
120,92,86,140
0,34,70,240
0,46,92,240
120,90,85,140
120,89,83,140
0,49,49,120
0,61,68,120
0,53,58,120
120,88,82,140
120,89,79,140
120,87,77,140
120,85,76,140
0,29,49,240
0,41,65,240
120,84,74,140
120,82,72,140
0,34,62,240
0,46,77,240
120,81,69,140
120,82,68,140
0,49,40,120
0,61,57,120
0,53,48,120
120,80,67,140
120,78,66,140
120,77,65,140
120,75,63,140
0,29,45,240
0,41,59,240
120,73,61,120
120,72,61,140
0,34,56,240
0,46,67,240
120,73,61,140
120,75,62,140
0,63,47,120
0,54,39,120
0,51,33,120
120,77,64,140
120,78,66,140
120,80,66,140
120,82,68,140
0,29,47,240
0,41,62,240
120,84,70,140
120,82,70,140
0,34,64,240
0,46,76,240
120,80,71,140
120,78,73,140
0,63,57,120
0,54,47,120
0,51,39,120
120,77,75,140
120,75,75,140
120,73,73,140
120,72,72,140
0,29,51,240
0,41,67,240
120,75,73,140
120,78,77,140
0,33,69,240
0,45,89,240
120,74,68,140
120,76,74,140
0,63,61,120
0,54,50,120
0,51,42,120
120,75,66,140
120,72,72,140
120,66,68,140
120,71,69,140
0,27,48,240
0,39,63,240
120,72,70,140
120,73,72,140
0,33,61,240
0,45,81,240
120,72,73,140
120,74,74,140
0,63,57,120
0,54,47,120
0,51,39,120
120,75,74,140
120,76,75,140
120,75,76,140
120,76,78,140
0,27,64,240
0,39,82,240
120,77,79,120
120,80,80,140
0,33,78,240
0,45,98,240
120,78,81,140
120,83,82,140
0,63,61,120
0,54,50,120
0,51,42,120
120,84,84,140
120,85,85,140
120,84,86,140
120,86,87,140
0,27,57,240
0,39,77,240
120,87,88,140
120,88,90,140
0,33,74,240
0,45,93,240
120,87,91,140
120,88,92,140
0,63,66,120
0,54,55,120
0,51,46,120
120,89,92,140
120,92,93,140
120,94,94,140
120,92,96,140
0,27,62,240
0,39,82,240
120,91,97,140
120,90,95,140
0,32,76,240
0,44,99,240
120,101,95,140
120,99,93,140
0,51,51,120
0,66,73,120
0,60,61,120
120,90,91,140
120,99,89,140
120,97,87,140
120,89,85,140
0,27,53,240
0,39,69,240
120,97,83,140
120,96,81,140
0,32,63,240
0,44,82,240
120,87,80,140
120,96,78,140
0,51,43,120
0,66,61,120
0,60,51,120
120,94,76,140
120,85,74,140
120,94,73,140
120,92,71,140
0,32,58,240
120,84,69,120
120,92,68,140
0,44,73,240
120,90,67,140
120,82,65,140
0,53,43,120
0,65,52,120
0,61,43,120
120,90,64,140
120,89,62,140
120,80,61,140
120,89,60,140
0,32,51,240
120,87,59,140
120,78,57,140
0,44,58,240
120,87,56,140
120,85,55,140
0,61,45,120
0,53,38,120
120,77,54,140
120,82,53,140
120,80,51,140
120,77,51,140
0,32,42,240
120,73,50,120
120,72,48,140
0,44,49,240
120,73,49,140
120,75,50,140
0,51,30,120
0,60,37,120
0,54,30,120
120,76,51,140
120,77,52,140
120,78,53,140
120,80,53,140
0,32,42,240
120,81,55,140
120,79,54,140
0,44,51,240
120,80,53,140
120,75,53,140
0,61,38,120
0,52,24,120
120,76,51,140
120,68,51,140
120,76,50,140
120,75,48,140
0,32,45,240
120,73,47,120
120,72,45,140
0,44,49,240
120,73,47,140
120,75,48,140
0,51,30,120
0,60,37,120
0,54,30,120
120,76,50,140
120,77,51,140
120,78,52,140
120,80,53,140
0,44,42,240
120,81,53,140
120,79,55,140
0,49,51,240
120,80,53,140
120,75,53,140
0,61,38,120
0,52,24,120
120,76,52,140
120,68,51,140
120,76,51,140
120,73,50,140
0,43,45,240
120,71,48,120
120,70,47,140
0,42,49,240
120,71,48,140
120,73,50,140
0,54,30,120
0,64,37,120
0,58,30,120
120,74,51,140
120,75,51,140
120,76,53,140
120,78,53,140
0,30,42,240
120,79,54,140
120,77,55,140
0,42,51,240
120,78,54,140
120,75,53,140
0,59,24,120
0,62,38,120
0,54,24,120
120,76,53,140
120,73,52,140
120,74,51,140
120,71,50,140
0,41,45,240
120,69,49,120
120,68,48,140
0,40,49,240
120,69,49,140
120,71,50,140
0,52,30,120
0,62,37,120
0,56,30,120
120,72,51,140
120,73,52,140
120,74,53,140
120,76,53,140
0,28,42,240
120,77,55,140
120,75,56,140
0,40,51,240
120,76,53,140
120,73,54,140
0,57,24,120
0,60,38,120
0,52,24,120
120,74,52,140
120,71,53,140
120,72,51,140
120,71,51,140
0,28,38,240
0,40,45,240
120,69,50,120
120,68,59,140
0,29,48,240
0,41,57,240
120,69,57,140
120,73,63,140
120,72,58,140
0,48,41,480
60,53,41,420
60,70,61,140
0,63,49,360
120,69,59,140
120,78,63,140
120,77,61,140
0,46,44,480
60,53,44,420
60,75,61,140
0,61,52,360
120,73,63,120
120,84,68,140
120,82,66,140
0,51,40,480
60,58,40,420
60,80,65,140
0,66,47,360
120,78,64,140
120,77,63,140
120,75,63,140
0,44,48,480
60,54,48,420
60,73,63,140
0,60,57,360
120,72,57,120
120,82,61,140
120,80,60,140
0,49,41,480
60,56,41,420
60,78,59,140
0,65,49,360
120,77,58,140
120,75,57,140
120,73,61,140
0,42,44,480
60,49,44,420
60,72,61,140
0,58,52,360
120,70,58,120
120,80,62,140
120,78,61,140
0,48,40,480
60,54,40,420
60,77,60,140
0,63,47,360
120,75,59,140
120,73,58,140
120,72,57,140
120,70,64,140
0,58,40,480
0,53,40,480
0,49,40,480
0,61,47,480
120,69,62,140
120,68,59,140
120,67,57,120
120,68,64,140
0,51,40,480
0,54,40,480
0,58,40,480
0,60,47,480
120,67,61,140
120,66,58,140
120,65,56,120
120,67,63,140
120,66,60,140
120,65,58,140
120,64,55,120
120,66,63,140
0,54,53,120
120,65,60,140
0,53,51,120
120,64,57,140
0,52,48,120
120,63,55,120
0,51,46,120
120,65,64,140
0,53,54,120
120,64,62,140
0,52,52,120
120,63,58,140
0,51,49,120
120,62,56,120
0,50,47,120
120,64,62,140
0,52,52,120
120,63,59,140
0,51,49,120
120,62,56,140
0,50,47,120
120,61,53,120
0,49,45,120
120,63,59,140
0,51,50,120
120,62,57,140
0,50,48,120
120,61,54,140
0,49,46,120
120,60,51,120
0,48,43,120
120,63,58,140
0,51,49,120
120,61,55,140
0,49,46,120
120,60,52,140
0,48,44,120
120,58,50,120
0,46,41,120
120,57,40,140
0,39,39,240
120,58,42,140
120,60,42,140
0,54,28,120
0,45,23,120
120,61,44,140
120,63,45,140
120,64,46,140
120,65,47,140
0,39,42,240
120,66,48,140
120,64,51,140
0,37,54,240
120,65,49,140
120,62,47,140
0,53,32,120
0,46,21,120
120,63,46,140
120,60,45,140
120,61,44,140
120,60,43,140
0,37,34,240
120,58,41,120
120,57,39,140
0,39,41,240
120,58,41,140
120,60,42,140
0,54,29,120
0,45,25,120
120,61,44,140
120,63,45,140
120,64,47,140
120,65,49,140
0,39,42,240
120,66,51,140
120,64,51,140
0,37,56,240
120,65,50,140
120,62,48,140
0,53,33,120
0,46,28,120
120,63,48,140
120,60,46,140
120,61,45,140
120,60,45,140
0,37,36,240
120,58,43,120
120,60,39,140
0,39,39,240
120,61,41,140
120,63,42,140
0,54,29,120
0,46,25,120
120,65,44,140
120,66,45,140
120,72,47,140
120,70,45,140
0,39,41,240
120,60,47,140
120,58,39,140
0,41,49,240
120,60,41,140
120,61,43,140
0,58,30,120
0,49,26,120
120,63,45,140
120,65,47,140
120,72,49,140
120,70,47,140
0,29,38,240
120,66,48,120
120,64,39,140
0,41,39,240
120,65,41,140
120,66,42,140
0,57,29,120
0,51,25,120
120,65,44,140
120,70,47,140
120,69,45,140
120,78,54,140
0,41,40,240
120,77,52,140
120,75,56,140
0,46,57,240
120,73,53,140
120,70,51,140
0,61,33,120
0,53,28,120
120,65,47,140
120,63,47,140
120,61,45,140
120,58,44,140
0,37,36,240
120,53,42,120
120,57,40,140
0,39,43,240
120,58,42,140
120,60,42,140
0,54,28,120
0,45,23,120
120,61,44,140
120,63,45,140
120,64,46,140
120,65,47,140
0,39,42,240
120,66,48,140
120,64,51,140
0,37,56,240
120,65,49,140
120,62,47,140
0,53,32,120
0,46,21,120
120,63,46,140
120,60,45,140
120,61,44,140
120,60,43,140
0,37,34,240
120,58,41,120
120,57,47,140
0,39,48,240
120,58,49,140
120,60,50,140
0,54,35,120
0,45,30,120
120,61,52,140
120,63,54,140
120,64,56,140
120,65,58,140
0,39,43,240
120,66,60,140
120,64,60,140
0,37,63,240
120,65,59,140
120,62,57,140
0,53,39,120
0,46,33,120
120,63,57,140
120,60,55,140
120,61,53,140
120,60,53,140
0,37,43,240
120,58,51,120
120,59,52,140
0,39,48,480
0,47,48,480
0,54,57,480
120,61,53,140
120,63,55,140
120,64,56,129
120,66,58,140
120,68,60,140
120,70,62,140
120,71,63,140
120,73,66,140
0,51,52,480
0,54,52,480
0,59,52,480
0,66,61,480
120,75,68,140
120,76,70,140
120,78,72,140
120,80,73,140
0,49,46,480
0,54,46,480
0,58,46,480
0,64,55,10
120,82,76,140
120,83,77,140
120,85,80,140
120,88,81,140
0,63,65,960
0,47,55,480
0,54,55,480
120,87,78,140
120,83,78,140
120,80,77,140
120,78,74,140
120,75,72,140
120,71,72,140
120,68,70,140
120,66,68,140
120,63,64,140
120,59,61,140
120,56,61,140
120,54,59,140
120,51,59,140
120,47,57,140
120,44,56,120
120,40,62,140
0,28,52,140
120,41,63,140
0,29,52,140
120,46,64,140
0,34,52,140
120,45,64,140
0,33,53,140
120,42,65,140
0,30,53,140
120,41,65,140
0,29,53,140
120,49,65,140
0,37,54,140
120,48,65,140
0,36,54,140
120,46,67,140
0,34,54,140
120,45,67,140
0,33,55,140
120,54,69,140
0,42,55,140
120,53,70,140
0,41,56,140
120,49,70,140
0,37,56,140
120,48,70,140
0,36,56,140
120,58,71,140
0,46,56,140
120,57,71,140
0,45,56,140
120,54,71,140
0,42,56,140
120,53,72,140
0,41,57,140
120,61,72,140
0,49,57,140
120,60,72,140
0,48,57,140
120,58,73,140
0,46,58,140
120,57,73,140
0,45,58,140
120,66,73,140
0,54,58,140
120,65,74,140
0,53,59,140
120,61,74,140
0,49,59,140
120,60,75,140
0,48,60,140
120,70,75,140
0,58,60,140
120,69,75,140
0,57,60,140
120,66,76,140
0,54,60,140
120,65,76,140
0,53,60,140
120,73,76,140
0,61,60,140
120,72,77,120
0,60,61,120
120,70,77,140
0,58,61,140
120,69,77,140
0,57,61,140
120,78,78,140
0,66,62,140
120,77,78,140
0,65,62,140
120,73,79,140
0,61,63,140
120,72,79,140
0,60,63,140
120,82,79,140
0,70,63,140
120,81,80,140
0,69,64,140
120,78,80,140
0,66,64,140
120,77,80,140
0,65,64,140
120,85,81,140
0,73,64,140
120,84,81,140
0,72,64,140
120,82,81,140
0,70,64,140
120,81,82,140
0,69,65,140
120,90,82,140
0,78,65,140
120,89,82,140
0,77,65,140
120,85,83,140
0,73,66,140
120,84,83,140
0,72,66,140
120,94,84,140
0,82,67,140
120,93,84,140
0,81,67,140
120,90,84,140
0,78,67,140
120,89,85,140
0,77,68,140
120,97,85,140
0,85,68,140
120,96,85,140
0,84,68,140
120,101,93,140
0,89,74,140
480,63,85,120
0,69,85,120
0,77,100,120
0,41,64,120
0,53,75,120
360,34,91,120
120,82,113,480
0,70,100,480
0,46,72,480
0,53,72,480