1440,59,55,360
360,71,52,120
120,71,62,1440
0,55,21,216
0,59,25,216
0,64,31,216
240,55,18,216
0,59,22,216
0,64,27,216
240,55,18,216
0,59,22,216
0,64,27,216
240,55,18,216
0,59,22,216
0,64,27,216
240,55,18,216
0,59,22,216
0,64,27,216
240,55,18,216
0,59,22,216
0,64,27,216
240,55,16,216
0,59,19,216
0,64,24,12
10,72,58,480
230,55,16,216
0,59,19,216
0,64,24,216
240,54,21,216
0,64,31,9
0,57,25,216
10,71,62,1440
230,54,18,216
0,57,22,216
0,64,27,216
240,54,18,216
0,64,27,216
0,57,22,216
240,57,22,216
0,54,18,216
0,64,27,216
240,57,22,216
0,54,18,216
0,63,27,216
240,63,27,216
0,57,22,216
0,54,18,216
240,54,16,216
0,57,19,216
0,63,24,216
10,72,58,480
230,54,16,216
0,57,19,216
0,63,24,216
240,53,21,216
0,57,25,216
0,63,31,216
10,71,62,1430
230,53,18,216
0,63,27,216
0,57,22,216
240,63,27,216
0,57,22,216
0,53,18,216
240,53,18,216
0,57,22,216
0,63,27,216
240,57,22,216
0,62,27,216
0,53,18,216
240,53,18,216
0,62,27,216
0,57,22,216
240,72,59,480
0,53,16,216
0,62,24,216
0,56,19,216
240,53,16,216
0,56,19,216
0,62,24,216
240,71,64,1440
0,52,21,216
0,56,25,216
0,62,31,216
240,56,22,216
0,62,27,216
0,52,18,216
240,56,22,216
0,62,27,216
0,52,18,216
240,62,27,216
0,56,22,216
0,52,18,216
240,62,27,216
0,55,22,216
0,52,18,216
240,52,18,216
0,55,22,216
0,62,27,216
240,61,24,216
0,52,16,216
0,55,19,216
5,70,58,480
235,52,16,216
0,55,19,216
0,61,24,216
240,52,21,216
0,60,31,216
0,55,25,216
5,69,62,1440
235,55,22,216
0,52,18,216
0,60,27,216
240,55,23,216
0,52,18,216
0,60,28,216
240,55,23,216
0,60,28,216
0,52,19,216
240,60,31,216
0,52,20,216
0,54,26,216
240,60,34,216
0,52,22,216
0,54,26,216
240,54,23,216
0,52,19,216
0,60,31,216
5,71,63,480
235,52,19,216
0,54,25,216
0,60,32,216
240,54,34,216
0,60,39,216
0,52,27,216
5,69,66,1440
235,54,27,216
0,60,35,216
0,52,23,216
240,54,27,216
0,60,35,216
0,52,22,216
240,52,22,216
0,60,34,216
0,54,26,216
240,51,26,216
0,60,32,216
0,54,26,216
240,51,25,216
0,54,25,216
0,60,32,216
240,51,20,216
0,54,20,216
0,60,27,216
5,71,67,480
235,54,20,216
0,60,26,216
0,51,20,216
240,54,29,216
0,50,25,216
0,60,37,216
5,69,67,1440
235,50,20,216
0,54,26,216
0,60,32,216
240,54,26,216
0,60,32,216
0,50,20,216
240,60,32,216
0,50,20,216
0,54,26,216
240,60,32,216
0,50,20,216
0,54,26,216
240,50,20,216
0,54,26,216
0,60,32,216
240,71,66,360
0,50,17,216
0,60,26,216
0,54,20,216
240,54,20,216
0,50,17,216
0,60,26,216
120,69,57,120
120,53,25,216
0,50,21,216
0,60,31,216
10,69,62,1430
230,60,27,216
0,53,22,216
0,50,18,216
240,50,18,216
0,53,22,216
0,60,27,216
240,50,18,216
0,60,27,216
0,53,22,216
240,50,18,216
0,53,22,216
0,59,27,216
240,50,18,216
0,53,22,216
0,59,27,216
240,68,62,960
0,53,19,216
0,59,24,216
0,50,16,216
240,53,19,216
0,59,24,216
0,50,16,216
240,52,29,216
0,59,29,216
0,48,24,216
240,48,23,216
0,59,28,216
0,52,28,216
240,69,65,240
0,48,26,216
0,57,32,216
0,52,32,216
240,71,69,240
0,57,35,216
0,48,27,216
0,52,35,216
240,74,74,240
0,48,27,216
0,52,35,216
0,57,35,216
240,72,65,240
0,48,26,216
0,57,32,216
0,52,32,216
240,64,68,14
0,52,26,216
0,48,20,216
0,57,26,216
240,69,62,240
0,52,25,216
0,48,20,216
0,57,25,216
240,66,62,1440
0,52,29,216
0,57,29,216
0,47,24,216
240,57,27,216
0,47,22,216
0,52,27,216
240,57,27,216
0,47,22,216
0,51,27,216
240,47,22,216
0,51,27,216
0,57,27,216
240,48,22,216
0,57,27,216
0,52,27,216
240,48,22,216
0,52,27,216
0,57,27,216
240,69,57,480
0,48,19,216
0,52,23,216
0,57,23,216
240,48,19,216
0,52,23,216
0,57,23,216
240,66,62,1380
0,47,24,216
0,51,29,216
0,57,29,216
240,47,22,216
0,51,27,216
0,57,27,216
240,47,22,216
0,51,27,216
0,57,27,216
240,47,22,216
0,51,27,216
0,57,27,216
240,48,22,216
0,52,27,216
0,57,27,216
240,48,22,216
0,52,27,216
0,57,27,216
180,71,52,60
60,69,62,480
0,48,19,216
0,52,23,216
0,57,23,216
240,48,19,216
0,52,23,216
0,57,23,216
240,67,62,240
0,47,24,480
0,51,29,480
0,57,29,480
240,66,46,240
240,60,54,240
240,59,42,240
240,63,64,240
240,66,59,240
240,74,65,160
160,72,62,160
160,71,57,160
160,71,62,1440
0,55,21,216
0,59,25,216
0,64,31,216
240,55,18,216
0,59,22,216
0,64,27,216
240,55,18,216
0,59,22,216
0,64,29,216
240,55,19,216
0,59,24,216
0,64,29,216
240,55,19,216
0,59,25,216
0,64,31,216
240,55,20,216
0,59,26,216
0,64,32,216
240,55,20,216
0,59,24,216
0,64,32,11
10,72,68,480
230,55,20,216
0,59,26,216
0,64,33,216
240,54,23,216
0,64,35,10
0,57,28,216
10,71,71,1440
230,54,20,216
0,57,25,216
0,64,32,216
240,54,21,216
0,64,33,216
0,57,26,216
240,57,27,216
0,54,22,216
0,64,35,216
240,57,28,216
0,53,22,216
0,63,35,216
240,63,38,216
0,57,29,216
0,53,24,216
240,53,24,216
0,57,27,216
0,63,38,216
5,72,74,480
235,53,25,216
0,57,30,216
0,63,38,216
240,53,30,216
0,56,37,216
0,63,45,216
5,71,76,1435
235,53,26,216
0,63,40,216
0,56,33,216
240,62,41,216
0,56,34,216
0,53,27,216
240,53,27,216
0,56,36,216
0,62,41,216
240,56,36,216
0,62,44,216
0,52,29,216
240,52,29,216
0,62,45,216
0,56,37,216
240,72,77,480
0,52,27,216
0,62,40,216
0,56,31,216
240,52,27,216
0,56,31,216
0,62,41,216
240,71,84,360
0,52,42,216
0,55,42,216
0,62,50,216
240,52,36,216
0,55,36,216
0,62,42,216
120,70,78,120
120,70,85,240
0,52,38,216
0,55,38,216
0,61,45,216
240,71,70,60
0,52,46,216
0,55,46,216
0,61,55,216
60,70,73,60
60,69,76,60
60,70,79,60
60,79,88,480
0,49,46,216
0,52,46,216
0,58,56,216
240,49,43,216
0,52,43,216
0,58,52,216
240,78,91,360
0,48,43,216
0,52,43,216
0,57,52,216
240,48,45,216
0,52,45,216
0,57,54,216
120,76,77,120
120,76,89,240
0,35,57,216
0,47,69,216
240,75,86,240
0,69,54,216
0,66,54,216
0,60,45,216
0,57,45,216
240,84,92,240
0,57,45,216
0,60,45,216
0,66,54,216
0,69,54,216
240,75,85,240
0,57,45,216
0,60,45,216
0,66,54,216
0,69,54,216
240,75,88,240
0,66,57,216
0,63,57,216
0,59,47,216
0,55,47,216
240,76,82,240
0,64,49,14
0,59,41,216
0,55,41,216
240,79,85,240
0,55,41,216
0,59,41,216
0,64,49,11
240,71,77,240
0,55,41,216
0,59,41,216
0,64,49,216
240,74,80,240
0,64,53,9
0,60,44,216
0,57,44,216
240,72,69,240
0,57,38,216
0,60,38,216
0,64,46,216
240,76,77,160
0,45,44,216
160,64,67,160
80,60,44,216
0,54,37,216
0,52,37,216
80,69,67,160
160,66,73,720
0,47,38,216
0,52,38,216
0,59,46,216
240,47,33,216
0,52,33,216
0,59,38,216
240,48,33,216
0,52,33,216
0,57,38,216
240,69,69,240
0,48,29,216
0,52,29,216
0,57,36,216
240,66,64,1380
0,47,24,216
0,52,29,216
0,59,29,216
240,47,22,216
0,52,27,216
0,59,27,216
240,47,22,216
0,59,27,216
4,52,27,216
236,47,22,216
0,52,27,216
0,59,27,216
240,48,22,216
0,52,27,216
0,57,27,216
240,48,22,216
0,52,27,216
0,57,27,216
180,71,47,60
60,69,57,480
0,48,19,216
0,52,23,216
0,57,23,216
240,48,19,216
0,52,23,216
0,57,23,216
240,66,57,1800
0,47,24,216
0,52,29,216
0,59,29,216
240,47,22,216
0,52,27,216
0,59,27,216
240,47,22,216
0,59,27,216
4,52,27,216
236,47,22,216
0,52,27,216
0,59,27,216
240,47,22,216
0,51,27,216
0,59,27,216
240,47,22,216
0,51,27,216
0,59,27,216
240,47,19,216
0,51,23,216
0,57,23,216
240,47,19,216
0,51,23,216
0,57,23,216
120,64,52,120
120,64,57,15
0,48,32,216
0,55,32,216
240,48,29,216
0,55,29,216
240,48,29,216
0,55,29,216
240,48,28,216
0,55,28,216
240,48,28,216
0,58,28,216
240,48,28,216
0,58,28,216
240,66,52,480
0,48,19,216
0,52,23,216
0,57,23,216
240,48,19,216
0,52,23,216
0,57,23,216
240,64,52,9
0,47,24,216
0,52,29,216
0,57,29,216
240,47,22,216
0,52,27,216
0,57,27,216
240,47,22,216
0,56,27,216
4,52,27,216
236,47,22,216
0,52,27,216
0,56,27,216
240,47,22,216
0,52,27,216
0,55,27,216
240,47,22,216
0,52,27,216
0,55,27,216
240,66,47,480
0,47,19,216
0,52,23,216
0,55,23,216
240,47,19,216
0,52,23,216
0,55,23,216
240,64,47,8
0,46,24,960
0,48,29,960
0,55,29,960
1920,52,28,960
0,64,33,960
0,54,28,960
0,59,28,960
0,35,19,960
0,47,23,960
960,54,28,960
0,59,28,960
0,51,28,960
0,63,33,960
0,35,19,960
0,42,23,960
0,47,23,960
960,64,33,9
0,59,28,1920
0,52,28,1920
0,55,28,1920
0,28,19,1920